Subject,CSminus_1_zstat1,CSminus_2_zstat2,CSminus_3_zstat3,CSminus_4_zstat4,CSplusNR_1_zstat5,CSplusNR_2_zstat6,CSplusNR_3_zstat7,CSplusNR_4_zstat8
1001,-0.438573,0.722503,-0.399457,-0.483692,1.190789,1.497530,0.462254,-0.825844
1002,-2.452637,-0.813476,-4.334539,-1.367949,-1.535911,-1.033719,-1.304452,-1.250904
1003,-1.439848,-0.166792,-1.227102,1.653517,1.547516,-1.180657,0.534793,0.287067
1004,0.381364,-0.460895,1.449385,0.001990,0.833214,-0.485423,1.759078,0.048445
1005,0.445654,1.221872,0.785420,-0.561942,1.194025,1.025518,2.105257,1.711476
1006,-0.773466,0.426604,2.569132,-0.807004,-0.888905,0.981655,-0.492824,-3.059743
1007,-0.937555,0.384610,-1.220014,0.022070,-0.140504,-0.450363,1.087843,0.130404
1008,-1.898042,-0.886228,-0.285311,-1.691528,0.429577,-1.019885,-0.270809,-0.478356
1009,-0.062087,0.367444,-0.552872,-1.278775,-0.048860,1.616846,0.056101,-2.048877
1011,-0.537704,-2.169472,-2.304756,-0.461890,-0.124693,0.474467,-0.157045,0.590995
1012,-0.920467,-1.057266,-1.113045,-1.403392,-1.160062,0.130957,-1.104171,-2.340859
1014,-2.280649,0.138488,0.090173,1.448074,-1.029028,-0.407177,0.653640,1.095667
1015,-1.616643,0.323446,-3.230007,0.394986,-1.521143,0.486910,-1.342655,-1.885836
1019,0.941468,-1.361004,1.183005,-1.846515,-0.456235,-0.053328,-1.564202,1.716300
1022,0.687932,1.201721,0.730056,-0.888930,3.157572,1.374343,0.167102,1.587484
1023,-0.236124,0.080996,-0.161153,-0.960925,-0.011455,0.476492,-2.162641,-1.911157
1029,-0.307611,0.350419,-0.734006,1.061536,0.322267,0.571766,-0.205633,0.163844
1031,-0.726986,0.439596,-0.919004,1.496609,0.039425,-1.315563,-1.266384,-0.798762
1032,-1.967844,-0.699305,0.673712,-0.560660,1.226256,0.577118,-0.135218,-1.016380
1034,-2.572346,-0.310849,-1.778562,-1.183412,-0.302484,-1.581742,-0.063514,-1.035910
1036,-0.476432,0.107119,0.697408,0.464279,0.574027,0.270605,-0.962610,-1.225263
1037,0.459513,-0.266540,2.200302,1.840846,0.969043,-0.962516,0.286564,0.528176
1038,0.417375,1.100182,1.016298,1.614833,0.995757,-0.294930,1.987780,1.179418
1040,0.500904,1.888728,1.063521,-0.277114,1.428594,2.983175,1.268156,0.117497
1041,1.065950,1.156205,0.270027,-0.456575,1.885543,-0.915765,-1.648201,-0.854369
1042,0.052598,1.980446,-2.252603,-1.727775,0.804722,-0.507616,-1.254010,-2.787543
1043,-0.176207,1.483816,0.574981,0.349711,1.447540,1.190359,0.700330,0.822524
1044,-0.202993,-0.998768,0.562288,1.438883,-0.243295,-0.011239,2.148070,-0.654160
1045,0.130363,-0.654965,-1.734265,-2.577833,-2.421664,2.483761,-0.913807,-0.848426
1047,0.697801,-0.799432,3.027734,2.086886,2.176360,-1.057725,-1.122856,1.196803
1048,0.648224,-0.038670,-0.069139,-0.427879,-0.764852,-0.655724,-1.094580,-0.397681
1049,-1.667671,-0.155752,0.634563,0.193453,0.602100,1.425332,-0.408962,-1.195899
1050,-1.169726,-0.609537,1.098879,-0.712781,-0.890250,-1.060835,0.430804,-0.875445
1051,-0.516025,0.143033,-0.957361,-2.378603,-0.626010,0.175550,1.998714,-1.511286
1053,-0.863105,-0.626071,1.639027,0.549261,-1.095519,0.431471,-0.572240,0.275348
1056,-0.149081,0.681654,-1.046560,0.256518,-0.755777,1.193265,0.471554,-0.480246
1060,2.254268,-1.202355,-1.268244,0.423016,0.062353,-1.679384,-0.089861,-0.392801
1061,-0.611364,0.531198,1.788376,-1.138991,0.140071,0.543662,-0.084748,-1.100877
1063,-2.112418,-4.354982,2.344626,0.129319,2.557479,-2.299004,-1.366684,0.390094
1071,0.081081,-0.606061,0.113508,0.256922,1.430307,-0.320440,0.666408,1.149208
1072,-1.653338,-1.291152,-0.145877,0.512832,-0.147809,-2.258362,-1.726001,-1.862589
1077,-0.674317,0.151778,0.517692,0.423272,0.269909,-0.645273,0.151041,1.382351
1078,-0.630687,-0.732728,0.712458,-1.759798,0.320954,-1.437833,0.893927,-0.085334
1080,-0.761721,-0.713766,1.273747,0.722889,-2.348782,-0.069497,-0.876951,-0.393959
1081,0.042553,0.049467,-0.009055,-0.978974,0.348819,-0.347102,1.481031,0.169635
1089,0.454313,0.581662,0.787293,1.246839,-0.152913,1.361442,0.784208,-0.038290
1090,-1.350563,0.553012,-1.770740,0.121486,-1.348410,1.632020,1.062786,-0.759598
1091,-1.327435,3.145727,0.148423,0.293958,0.571048,0.015820,-0.298838,-0.565039
1098,-0.328919,-1.296994,0.221121,-0.088073,1.026453,2.195819,0.905881,-0.368433
1101,-2.099333,0.859505,0.478625,-1.064428,-0.008530,0.682704,-0.097442,-0.968398
1102,-0.143253,2.717540,0.637707,-0.219446,0.375632,1.592372,-0.184854,0.210209
1105,-0.442040,0.336176,-0.513207,-0.505642,-0.358735,1.275171,1.302687,-1.520120
1106,-1.236984,0.013876,1.328017,-0.594971,-0.865740,0.651148,0.300163,-2.183564
1107,-0.452855,0.041158,-1.543659,-0.955476,-0.622419,0.077311,-0.366156,-1.252718
1113,-1.516209,-0.099471,1.337570,1.714640,-0.679825,1.553817,1.919807,1.104578
1114,-1.079321,1.189680,0.031649,0.809315,2.226011,2.045804,0.502173,1.079462
1115,-0.620600,-0.895281,-0.851838,-0.120319,-1.171428,0.831423,-0.347081,-0.951095
1116,0.080596,-1.192827,-1.802357,0.410920,0.974664,-1.130444,-1.313757,-0.590118
1117,-0.475383,-0.884459,0.696061,0.386622,0.918611,-0.227323,-0.535470,-0.014877
1118,-0.770044,0.077819,-1.561762,-0.956679,-0.475347,-1.051339,-1.128082,-0.454514
1119,0.381299,0.152573,0.828954,1.688749,0.743096,0.404835,-1.218864,0.546261
1120,0.608114,2.779978,0.687274,0.767546,0.818990,-0.963300,0.963996,0.079438
1124,0.939217,0.820528,1.693859,0.441865,1.966097,2.483350,1.792985,0.968756
1125,-1.766964,-1.122091,0.280639,-0.594138,-1.941838,0.740245,-0.033901,-0.724214
1126,-0.540979,0.050635,-1.187644,-2.082654,-0.838532,0.551977,-2.322049,-2.484378
1127,0.331461,-1.206620,1.342525,-1.484640,0.826000,-1.264592,-1.530909,1.282597
1128,-1.182364,0.333682,0.472128,-0.599266,0.578003,0.533994,0.459361,-0.483457
1132,0.081124,1.430961,0.785841,-0.636621,0.367256,0.583892,-0.188270,-1.274140
1133,-2.365849,0.996094,1.964430,0.266766,-0.613926,-0.013334,-0.257802,0.312600
1134,-0.340709,1.114076,-1.487361,0.168612,1.409524,1.136551,1.042139,0.933964
1135,0.271724,1.734496,-0.794946,0.529658,1.649357,0.387054,0.830112,-0.812379
1136,-0.893809,-0.756344,-0.229102,0.087938,0.588019,-0.472935,0.968299,1.030575
1137,-0.960181,-0.183747,-1.751194,-1.308797,-0.387861,0.470212,-0.527357,-1.389974
1138,-0.747646,0.107988,1.748958,-1.881588,-0.611097,0.876815,1.199132,0.557250
1139,0.605929,0.131487,-0.172607,-0.580885,0.577688,-0.529686,-0.760728,1.414226
1142,0.350714,0.260326,-0.421222,-0.368402,-0.425247,0.373844,-1.697270,-1.169250
1143,1.862072,-0.768034,0.562030,-0.452955,1.453102,0.493484,-0.167305,-0.752229
1145,-0.019834,0.149640,0.748117,-1.237879,-0.592410,-0.466284,-0.335950,-0.911263
1146,-1.028031,-0.969816,0.642661,0.609483,1.343716,0.910435,0.723917,1.199149
1147,0.679704,-1.407271,0.802911,0.359492,1.766287,-0.262248,0.403434,0.935162
1148,-1.197794,-0.059154,1.133387,0.028083,0.190538,0.070351,-0.062308,0.266877
1150,-1.384787,-0.694917,-1.450136,-0.797346,1.740949,-1.676965,-0.501456,0.640089
1151,-0.374973,-1.000488,0.829790,0.936312,-0.157990,-0.447215,-0.087196,-0.531191
1152,-0.291500,2.081704,0.824779,0.327448,0.951313,1.856343,-0.763006,-1.558926
1153,-0.320761,-1.409691,-1.245345,1.176646,-0.445767,-1.400787,-2.430206,0.940969
1154,0.525613,0.779753,0.426549,0.278272,1.847247,1.086565,0.485311,-0.717896
1157,-1.762353,-0.575737,-0.926352,-1.219700,-1.157501,-0.876968,-1.781153,-0.189213
1158,-0.209484,-2.088591,-1.305285,0.741289,0.794158,-0.877936,-1.720033,-0.845299
1159,-0.360020,0.675206,-0.860708,-0.409700,-0.490489,-2.171278,-0.772914,-0.892402
1160,-0.265502,2.893521,-0.242982,-0.195419,2.766770,1.346447,1.466256,0.596283
1161,-1.272346,-1.084126,-0.350452,-1.857164,-0.934007,-2.382932,-0.338201,-2.449125
1162,-0.081498,0.741895,0.413507,-0.481436,-1.487512,0.446959,0.972155,0.999227
1163,-0.783939,-0.170523,-0.850053,0.579803,-0.733841,-0.336405,0.583398,0.686767
1166,-1.273865,-0.626712,-0.747857,0.901997,-0.198702,-1.539327,-1.586148,1.046979
1167,-1.494882,-0.304897,0.360291,-1.046920,-1.390539,-0.364237,0.246389,-0.912348
1168,1.725603,-0.218990,-0.545869,1.317334,0.260421,-0.872583,-0.514385,1.188063
1171,-1.336770,-1.541071,-0.586887,2.267590,-1.067469,0.290862,-0.774340,-0.779621
1173,-0.397436,-1.108043,1.795696,1.703694,-0.473931,1.048649,1.144457,-0.146346
1175,0.558850,1.658250,0.032564,1.283849,1.248501,-0.366028,0.464053,0.117377
1176,0.364732,1.283851,-0.291719,-2.297267,-1.489333,0.997487,-0.867399,-1.480671
1177,-0.887990,-0.663652,-0.046368,0.484292,0.208427,1.493124,1.957933,-0.560885
1178,-0.589699,0.450708,0.178553,-2.367547,-0.966816,0.676613,-0.260899,-2.238521
1180,-0.678998,0.396423,0.752815,0.463761,0.910042,1.461907,-1.213987,-0.213790
1181,0.151628,-0.274757,0.589632,0.287269,1.348979,-0.080632,0.794600,1.032970
1182,-0.609641,0.043600,-0.928661,-0.753237,0.761102,-1.029974,0.032624,-1.625574
1183,0.081934,-0.735532,-0.283108,-1.747632,0.147892,1.227458,0.203476,0.018609
1185,-0.613230,1.722142,0.839099,-0.340037,2.198246,-0.650497,0.339988,-0.383574
1191,-0.260253,0.655467,-1.250996,1.160856,0.314832,-0.080110,-1.659273,0.049081
1192,-0.939601,0.387135,0.540400,0.698940,-0.686659,-0.734130,1.624417,2.383920
1195,-1.415657,-0.204731,-0.477002,-0.291942,-0.440205,1.363996,0.355273,0.630605
1196,0.421552,-0.783397,3.359497,2.192306,-0.365177,0.386679,0.184603,1.537537
1197,-1.169569,-0.347340,-0.234713,1.006614,-2.133189,0.798832,0.406325,-0.845444
1198,-0.233394,1.736701,-0.563821,-1.568467,0.182506,0.808342,-0.201120,0.028051
1199,1.694755,2.709052,-1.796237,0.531925,-0.476028,0.386002,-0.159210,0.202052
1200,-0.561209,-0.539017,1.953885,0.607157,-0.238749,3.092444,0.195332,0.025721
1201,-0.294528,-0.226951,-0.433094,-0.049560,0.809509,-0.301529,-0.172057,0.637792
1202,-1.269676,2.126170,0.351652,-0.478016,0.394361,2.508336,1.667207,-0.139986
1203,-1.338209,0.709804,-0.502258,0.059076,1.140932,-0.815501,1.451106,-0.529690
1204,-0.360587,0.475962,0.266172,0.518888,-1.479110,-0.536107,0.460362,-0.529297
1205,1.905193,1.863268,0.866434,2.114730,1.902573,1.834979,-0.024193,0.079687
1207,-0.596272,0.132305,-0.642010,0.381273,-1.198782,-0.395980,-0.734843,0.390690
1208,-0.614296,-0.333656,-0.402796,1.144608,-0.255821,0.239525,0.451874,1.317733
1212,-0.450170,-0.835034,0.883715,1.673400,-0.191704,0.035410,0.091064,0.811221
1215,-0.443833,0.101281,-1.295759,-0.093168,0.742775,-0.581629,-0.114764,0.142271
1216,0.468558,0.488499,0.740011,-0.314060,0.429504,0.078187,2.104334,0.981501
1218,-0.827356,0.538910,-0.791586,0.007243,-0.328234,0.597036,0.535557,1.011320
1222,0.213643,-0.405057,-0.135600,0.138497,0.593115,-1.296190,-0.400563,0.952792
1223,-2.227967,-2.311022,-2.669422,0.811428,-2.864327,0.167914,-2.295953,-2.517496
1226,-0.352983,-0.073032,0.687116,-0.553012,-0.294585,-0.630880,0.595032,1.298204
1228,0.507030,-1.437251,1.245259,-0.318618,0.846042,0.088776,0.124079,-0.707747
1232,-0.564803,1.133028,-0.933244,-0.678772,-2.260477,-1.793753,0.923686,-0.361049
1233,-0.633648,-2.115313,-0.013572,-1.530936,0.630293,-0.650900,-1.366399,-0.562437
1237,-1.424016,-0.222552,-0.461270,-0.894439,-1.660998,0.695707,-0.880312,-0.495853
1239,0.485575,-0.847427,-0.616823,0.743711,1.754770,-0.006031,-1.187551,-1.821955
1240,0.019010,0.976448,1.247097,0.380651,0.478907,0.722981,1.137855,1.370795
1244,0.303959,0.277600,0.151776,1.252884,-0.557256,-0.217373,1.297248,1.150163
1245,0.723407,0.322861,3.386604,-0.644644,0.254518,0.701472,-0.116390,-0.610269
1246,-1.743641,-0.974387,-2.058980,-0.608431,1.691431,0.924870,-0.526858,0.846994
1247,-0.946821,-0.871227,-0.218835,-0.183359,2.253754,-0.755636,0.682697,-0.906626
1248,-0.819804,0.131836,0.425424,1.483379,-2.034791,0.925002,-0.955773,-0.758545
1249,-0.699296,-1.161911,0.560865,1.118904,-0.803280,-0.892153,0.411593,1.628301
1250,-3.409797,0.295522,-0.202328,0.254073,1.159648,-0.046006,-2.122972,-0.256309
1252,-0.323978,-0.619640,-2.337371,-1.736442,0.611133,0.453174,-1.499887,-1.277352
1253,-1.912223,1.475465,-0.781965,-0.401150,-0.972024,0.996500,0.928309,0.520396
1254,0.048894,-0.462469,-1.731286,-0.381421,-0.508182,0.618208,-1.256741,-0.055836
1256,-0.222069,-0.355193,0.367217,1.362086,1.063652,1.027644,0.565136,0.161058
1262,-1.413642,-0.260146,0.006951,1.518616,0.219875,0.065959,0.346109,0.213355
