Subject,CSminus_1_zstat1,CSminus_2_zstat2,CSminus_3_zstat3,CSminus_4_zstat4,CSplusNR_1_zstat5,CSplusNR_2_zstat6,CSplusNR_3_zstat7,CSplusNR_4_zstat8
1001,-0.184618,0.996591,0.336723,2.168240,0.464132,0.973043,-0.858094,-0.237250
1002,0.766654,-0.933874,2.237151,0.307208,0.558680,0.001364,2.307918,-0.253451
1003,-0.343759,-0.830913,-0.680072,-2.083724,0.560121,1.393567,-0.564954,0.320938
1004,-0.075603,-1.393863,-2.259621,-1.211435,-1.049956,-0.175308,0.572434,0.808641
1005,-0.962104,-0.909132,1.091131,0.304876,-0.450269,-1.447992,0.875159,0.064915
1006,-1.632792,-0.682039,-0.012995,1.968544,0.621322,-0.311007,2.254983,-0.842032
1007,-0.036671,-0.981346,-0.796835,-0.871933,-0.879772,-1.120980,0.862382,0.148489
1008,-1.063860,-0.830894,-0.372479,0.034074,1.022417,0.781195,2.067961,0.310218
1009,-0.485370,-0.950557,0.266660,-0.627823,-0.546991,-0.906977,-0.071660,-0.175455
1011,0.867794,-0.300261,0.714813,1.451276,2.185941,1.148135,-0.467509,-0.932585
1012,-0.557137,1.240911,1.822382,0.259475,-0.448151,0.636377,1.115084,0.621603
1014,0.240474,0.386401,0.704603,-1.453479,0.684160,-0.091426,-1.245470,-0.239002
1015,-1.223371,-0.640149,-0.286354,-1.532979,1.552948,-0.785920,-0.485390,1.042696
1019,-2.614050,0.329762,-0.073477,-1.666203,-0.660424,-0.853304,-0.193002,0.583846
1022,-2.060992,-1.104075,1.146076,0.582001,0.314888,-0.567724,-0.825085,0.332496
1023,-1.540107,-0.623166,0.440893,-1.028758,0.786313,-0.831073,0.220807,-1.211514
1029,-2.127831,0.347634,-1.525997,0.967502,-2.153160,0.020735,-1.561618,0.418513
1031,1.310657,0.414789,-0.253631,-0.087230,0.208812,0.078750,-0.189123,0.538642
1032,-0.515012,-0.689211,1.284234,0.242207,0.659255,0.305188,0.030995,-0.638742
1034,-0.974871,0.927545,-1.436355,1.175820,2.062803,-0.108996,1.077847,1.067180
1036,-0.033026,0.455930,1.297067,2.365282,1.240414,-0.263846,0.809761,-0.084822
1037,-0.266061,0.195409,0.816740,-0.701665,-0.925630,-0.250174,-0.095521,-0.107485
1038,0.046905,-1.291086,-0.016415,-0.915535,0.329308,0.157307,2.138414,-0.204160
1040,1.125658,0.980890,-0.338426,-0.148309,0.283579,2.118232,-0.496965,-0.065748
1041,0.200223,-0.145610,-0.091426,-0.504801,1.437535,1.069328,1.138195,-0.307374
1042,-0.343796,-0.598874,-3.201161,0.376823,1.435838,-0.360676,1.197234,0.619971
1043,-0.113906,-0.495073,-0.250072,0.725807,0.612195,-1.678387,2.893770,0.882705
1044,-1.680085,-1.180040,-0.422936,1.223820,0.457358,-1.699741,1.190250,-0.587447
1045,0.319884,-1.079078,-0.118956,0.848510,-0.168272,-1.226576,-0.424151,1.210698
1047,-2.245900,-1.361196,1.642423,0.317937,-0.869527,1.086931,0.115493,0.826008
1048,0.105747,1.389923,0.708581,1.327448,-2.023738,-0.219422,1.095331,0.818718
1049,-1.551421,-1.135299,-0.151923,0.601830,1.026992,0.458817,0.851319,1.019833
1050,-1.285603,1.862676,1.689808,0.306063,1.074217,1.233987,0.230907,1.826372
1051,0.997576,-0.016175,0.842311,0.431695,0.216683,0.990849,1.044258,0.187566
1053,-0.810346,0.393961,-0.994675,-0.045997,0.408390,-0.139334,-0.196026,2.055976
1056,-1.162030,1.471302,-0.400991,2.736834,0.933079,-0.821594,1.206863,-0.264390
1060,-0.898552,-0.985374,0.123644,-1.574791,-0.650114,-2.710460,1.072959,-1.407307
1061,-0.077219,0.862932,0.262949,0.246970,1.137403,-1.179320,0.395357,-0.204795
1063,-0.601927,0.169874,2.712033,0.800158,2.244595,-0.853432,1.267429,0.989571
1071,1.038463,-0.722735,0.586476,-1.135053,0.323751,-1.631091,0.297558,-0.018178
1072,-1.498939,1.040963,0.664548,-1.306238,2.137004,0.827995,0.561199,-0.484993
1077,-0.127078,0.046249,0.414676,0.859691,-0.322708,-0.918168,0.105310,0.522688
1078,0.260948,0.476632,0.597951,0.226874,0.772942,1.556906,-1.270238,0.559505
1080,-1.947259,0.322950,0.243688,1.125829,0.253298,0.358864,1.725483,0.539656
1081,0.149329,-0.206354,1.086228,1.412457,0.673699,2.201221,1.334674,0.290094
1089,-1.204794,0.988291,-0.121963,1.181766,-1.491467,-1.130741,-0.232086,0.551812
1090,-2.117409,-0.060764,-0.075610,0.583005,0.282280,-1.091381,-1.093137,-0.188937
1091,-0.011373,-2.363033,-1.027266,1.293700,-0.167457,-0.171705,0.046514,1.162704
1098,-0.630562,1.842460,0.025162,-0.169972,-0.517605,0.632878,0.160995,-2.884802
1101,-1.851328,-1.173074,-1.612618,0.665564,-1.719948,1.082512,0.479197,-0.837875
1102,-1.435687,0.700326,0.614130,1.868194,0.976499,0.950900,-0.200053,1.382233
1105,-1.127236,-0.761047,-1.075232,-0.065300,0.564759,-0.282985,-1.602862,0.840738
1106,-0.387608,-0.438800,-0.216991,0.392320,0.533711,-0.517318,-0.383202,0.584335
1107,-1.042897,1.360059,-0.116160,-1.758515,0.122293,-0.049562,-1.447665,-0.726034
1113,-0.980042,0.947043,-0.285655,0.140732,0.603033,-0.185204,-0.424601,0.588033
1114,-0.540831,-0.006596,0.211684,0.770804,0.391352,0.713918,0.303018,0.467056
1115,-0.589765,-0.408877,0.994614,1.329627,-1.552185,0.899634,0.163028,0.573118
1116,-1.258620,1.131792,1.277580,-1.151430,0.275210,0.662239,0.626897,-0.228159
1117,-0.183289,0.141202,-0.051607,2.272187,0.191320,2.193536,0.070418,1.865854
1118,-0.897642,-2.145359,-0.225979,0.541932,0.085274,-1.117199,-2.446024,0.025927
1119,-1.064890,-2.325756,-0.081248,2.794648,-0.036401,0.528840,0.576468,0.927345
1120,0.073784,-0.446810,-0.732925,1.912111,0.010607,0.257269,-0.829241,0.044401
1124,0.283386,0.412168,1.152424,0.918588,1.381038,-1.615174,1.081083,-0.444077
1125,1.380948,0.423165,-0.233147,-1.860449,1.315090,-0.133454,-0.747490,-1.826239
1126,-1.798779,-2.862337,-2.373816,1.296902,0.207138,-1.679551,-1.731292,-0.076405
1127,-0.056630,0.088833,-0.541960,1.803366,-0.675765,-0.845004,-0.646593,-1.427214
1128,-0.614090,-0.553032,-0.989618,0.213123,1.777560,0.964672,-0.524311,1.523018
1132,-0.540867,-0.364500,0.359391,-0.361030,0.192608,0.084466,-0.646636,0.232463
1133,-0.696735,-1.540917,0.369286,-1.429912,-0.271202,0.249378,-1.385330,0.026157
1134,-0.260546,1.486081,0.935193,2.103653,0.533679,0.977712,0.135272,0.464085
1135,-1.976398,0.894950,0.556000,-0.735185,0.333245,-0.777136,-0.079489,0.169715
1136,0.048862,0.602511,0.262497,0.190215,0.150346,1.067207,-2.231291,-0.367967
1137,0.290322,-2.007222,0.418036,0.428497,0.229438,-0.455374,1.829414,0.454120
1138,0.612737,-0.998489,0.014918,-1.539566,-0.493719,-2.394232,-0.215223,-1.204569
1139,-1.212020,1.915749,-0.349728,0.383091,-0.352449,-1.260645,-0.520970,4.126267
1142,-0.101583,0.750957,2.392651,0.649792,1.166702,1.711577,2.019657,-0.124662
1143,0.761476,0.067808,-0.859860,1.307285,-0.155880,-0.354309,-1.587337,1.208865
1145,-0.419115,0.052144,0.140973,-0.896886,0.019766,0.752753,-0.424954,0.628625
1146,0.682744,-2.950173,-0.533824,1.059126,0.355318,-0.839479,1.531839,1.160008
1147,-0.544214,-1.720965,1.064674,0.017622,0.693489,0.127819,-0.232616,-1.153115
1148,-0.390117,-0.489756,-1.750331,-1.282784,-0.204896,-1.531617,-0.980345,-0.656717
1150,1.173677,-2.256354,-0.631320,-0.297702,-0.760933,0.539201,-0.048534,0.242013
1151,-2.280358,1.026506,-1.606195,-0.958840,-0.294004,-0.780404,0.515759,0.220790
1152,0.151986,2.341184,2.062864,0.812810,1.508821,2.056821,0.763704,1.709731
1153,-0.195520,-0.176998,0.918506,-1.947664,0.708605,-0.441014,1.039598,-1.218560
1154,0.090596,0.894031,-1.737247,0.348834,0.617147,0.662394,-0.546900,-0.651127
1157,1.557784,1.610970,3.062692,2.484528,1.792099,2.091443,0.834326,0.328319
1158,-1.266253,-2.495182,-0.545405,-0.940776,0.242103,0.899548,-0.051781,1.017159
1159,-1.116732,0.023602,-0.328252,0.018361,0.102334,-1.032514,0.516901,0.461760
1160,0.798963,2.785202,0.628568,0.166192,2.577900,0.874561,0.179446,2.077160
1161,-1.591639,1.040138,-2.161708,2.456902,0.762870,1.364909,-0.424044,1.663532
1162,-0.350180,1.927625,0.610762,0.286070,1.707818,0.334853,1.360491,-0.561821
1163,-0.133542,0.290229,-1.132824,0.445801,0.548265,-0.552968,-1.289414,1.267411
1166,-1.129759,1.627199,-0.764932,-0.910481,0.392333,0.124752,1.069395,-0.311037
1167,-2.094761,0.262273,0.091922,0.260718,-0.789984,0.562236,1.090882,0.869821
1168,-0.265042,-0.271846,0.112310,0.161816,-1.037507,-1.009513,0.514460,-0.859397
1171,-1.079947,1.122153,-0.154136,1.402016,0.740395,0.086806,-0.953183,-0.975561
1173,-0.666386,-0.683320,-1.037791,-0.782665,0.320685,1.023166,-0.211506,0.207758
1175,-1.505414,-0.469629,-0.682390,-1.386719,-0.488771,-0.726702,-3.392055,-1.407738
1176,-1.449822,0.451683,-0.223735,-1.413231,1.793356,0.069339,-0.224094,2.086427
1177,0.874568,-0.012346,-2.012895,-0.929289,1.383870,1.776980,-1.093646,-0.734577
1178,-1.329062,0.403893,1.533181,-0.896524,-0.480908,0.813145,2.194854,0.143575
1180,-1.359156,0.493284,1.107412,1.593169,0.043872,1.179594,1.997224,0.909398
1181,0.499313,-0.256491,0.628759,-0.090955,2.327812,0.994556,0.275187,-0.276813
1182,-2.274195,0.168625,-0.233875,-0.431073,-0.942313,-1.300193,-0.690010,0.371845
1183,-1.217362,0.387154,0.271143,-1.306922,-0.743029,-2.092950,-0.118847,-0.895106
1185,-0.450657,-0.830506,-1.041224,0.611677,-0.440644,-0.266325,-2.201525,-0.258631
1191,1.116674,0.728226,-2.355564,-0.496633,-0.226191,0.374407,-3.052814,-1.393489
1192,-0.749399,-2.485282,-1.881278,-1.983740,-0.132179,-1.159050,-2.220297,-2.704510
1195,0.167666,0.574413,0.302078,0.089354,0.606616,-1.747234,0.642610,-1.636122
1196,-0.931974,0.347069,-1.613652,-2.935601,-0.737844,-0.499860,0.794539,-1.182636
1197,-0.501827,2.364446,1.747434,-1.265253,2.070826,2.224317,1.269762,-0.798272
1198,-0.489126,0.161919,-0.878531,0.139979,0.930759,1.416191,0.845789,0.472947
1199,0.438937,-0.130771,0.354468,0.171374,-0.219557,-1.377842,0.528913,0.288023
1200,-0.452518,0.530408,1.074309,0.817771,0.060121,-0.519616,-1.738459,-0.483306
1201,-0.206809,0.167305,-1.311986,0.025371,-0.025264,-0.383610,0.398283,-0.733068
1202,0.283616,0.319442,-0.759614,-0.593867,1.027712,0.479835,0.662244,-1.213112
1203,-1.544042,-0.408919,-0.848016,-0.279815,-0.256250,-0.690793,-0.517575,0.228662
1204,-0.934217,-0.826383,-1.160430,0.033113,-2.038271,-1.112799,-0.970113,-0.726526
1205,1.146654,0.812346,0.551735,2.550432,2.835522,1.572233,1.269165,2.409036
1207,0.356639,1.118609,2.813688,-0.118234,0.438012,-0.870250,1.290194,-0.557800
1208,0.179648,2.621449,0.503694,-1.231978,0.191205,-0.434925,-0.016788,-1.007419
1212,0.196456,0.120742,2.262679,-0.021150,0.131051,-0.705720,-0.462710,-1.038336
1215,-0.073810,0.236047,-0.071392,0.510351,-0.192211,0.668591,1.027088,0.054832
1216,-0.079887,1.047933,0.225769,0.136722,-1.530515,0.030148,1.556318,0.863776
1218,0.336295,1.957752,1.775302,1.164800,-1.119115,3.986129,1.062381,0.757607
1222,-0.288927,-0.166343,-0.490716,-1.640004,1.207837,-0.860913,1.315002,-0.765139
1223,-0.901776,-1.483712,-0.060952,-1.376805,-0.007141,-0.483686,0.506985,0.543941
1226,-0.123766,0.109616,-0.032432,-0.062948,1.215226,1.287555,-0.142153,0.890538
1228,-0.838282,-1.581954,0.453336,-0.015533,-1.346999,-0.919629,0.208662,-1.519620
1232,-2.454461,0.219262,-0.123969,0.110964,0.046772,-2.689049,2.454421,-0.988953
1233,-1.913415,-0.498539,-1.592178,-0.207493,0.067126,-1.418368,-0.509299,-1.259217
1237,0.136845,-0.768695,-0.871338,-0.094454,0.889524,0.072461,-0.082152,-0.336785
1239,0.831986,1.427145,0.489468,1.193278,1.015786,1.163150,1.206411,-0.400876
1240,-0.987606,0.296761,0.141689,-0.741861,0.699986,-0.202861,0.881345,0.447785
1244,-0.215762,-0.624301,-0.190342,0.815212,0.417415,0.003173,0.534358,0.694117
1245,-2.165929,-1.762603,-1.643008,0.277652,-1.290775,1.024339,0.184829,0.103602
1246,-1.113768,0.697438,0.331514,0.760713,1.123458,0.006050,0.080245,0.118377
1247,-0.285262,1.151976,0.693093,-1.395897,-0.979487,0.461205,-0.086652,-0.260512
1248,-1.542166,-1.289455,1.844945,-0.933436,0.458389,-1.508084,-0.323418,-1.347350
1249,-1.771269,0.985975,1.760929,-1.177195,0.615015,0.874516,1.343297,-1.087721
1250,0.166852,-1.984534,0.636024,1.571693,1.836785,-0.763036,1.519122,1.063145
1252,-1.135660,-0.195530,-0.469994,1.204757,2.538554,1.793815,0.551711,-0.097128
1253,-0.200372,-0.086123,0.603217,-0.307139,0.042639,1.677393,1.018545,-0.413886
1254,0.175701,-0.947769,-1.182973,-1.082598,2.243140,0.146492,-0.461962,0.084768
1256,-0.905136,0.505677,-0.824299,-0.707634,0.252666,-0.310412,-0.931882,-0.990529
1262,-1.575741,-1.736955,-1.725103,-1.012284,-0.479967,-2.950085,0.110113,-0.593529
