11400.95877  
11403.37865  
11439.67267  
11419.90453  
11419.83408  
11426.0986  
11428.53216  
11432.56264  
11469.20733  
11472.7449  
11465.82296  
11443.96748  
11495.43986  
11506.81212  
11438.87643  
11405.00289  
11355.70079  
11365.53404  
11370.79203  
11395.65319  
11396.44688  
11382.14234  
11397.71429  
11403.21333  
11365.41439  
11406.71931  
11449.27433  
11421.69551  
11404.95209  
11383.86525  
11393.10193  
11381.54109  
11388.11945  
11378.46432  
11391.11067  
11395.21313  
11397.81983  
11385.49046  
11414.75322  
11447.23388  
11471.79208  
11498.9048  
11459.34766  
11476.30782  
11412.7649  
11416.13519  
11482.26112  
11455.09807  
11419.21711  
11369.3287  
11368.95911  
11394.9672  
11430.39565  
11413.41162  
11458.58294  
11466.19106  
11428.72149  
11420.20422  
11454.22172  
11444.7335  
11452.46876  
11414.82927  
11379.57584  
11410.18202  
11442.43255  
11443.63127  
11480.36752  
11479.50295  
11433.16428  
11439.39081  
11422.45762  
11452.89447  
11456.76577  
11468.25299  
11459.38536  
11461.25218  
11388.81  
11360.51021  
11408.98222  
11394.42379  
11388.74651  
11423.63921  
11412.65473  
11402.3967  
11415.63868  
11430.68788  
11391.87794  
11426.32765  
11414.8399  
11407.1742  
11408.85295  
11393.50648  
11383.90819  
11404.08967  
11457.72642  
11449.40555  
11443.0054  
11432.05839  
11419.43734  
11375.51328  
11405.94903  
11423.32065  
11435.23256  
11396.58913  
11374.01327  
11396.5125  
11395.07914  
11383.04952  
11424.24669  
11420.86166  
11411.36757  
11412.85884  
11425.07862  
11453.71807  
11439.34197  
11421.26391  
11458.06179  
11443.95832  
11397.34302  
11412.97035  
11404.07569  
11388.46401  
11426.28449  
11454.40017  
11447.30541  
11421.891  
11434.76729  
11428.43719  
11416.09316  
11446.09067  
11437.96181  
11426.50898  
11431.56553  
11422.73245  
11435.87371  
11469.10457  
11443.22767  
11424.76375  
11437.80276  
11430.29154  
11387.9083  
11390.5904  
11376.96151  
11358.99355  
11353.56658  
11373.03143  
11374.40389  
11363.83667  
11393.02728  
11402.93404  
11436.93379  
11419.19559  
11416.67502  
11441.98801  
11448.38259  
11431.4204  
11434.11709  
11473.23526  
11478.23367  
11487.48014  
