10205.36731  
10173.64686  
10169.02669  
10148.09372  
10218.83657  
10212.03281  
10182.30217  
10156.15428  
10140.01424  
10250.55085  
10186.51062  
10196.27316  
10170.55114  
10256.31169  
10270.87488  
10213.69228  
10298.99841  
10231.1734  
10177.58469  
10184.0219  
10155.61666  
10186.49935  
10191.13588  
10200.55066  
10148.36008  
10104.60163  
10200.8181  
10199.35216  
10172.12831  
10129.77352  
10131.62808  
10198.13847  
10163.09169  
10160.91766  
10156.91542  
10164.70501  
10194.94348  
10258.96265  
10242.32542  
10214.97038  
10229.22086  
10189.19312  
10184.2918  
10272.81802  
10223.61936  
10187.23417  
10215.10424  
10161.35156  
10143.78313  
10223.39751  
10165.91105  
10171.6322  
10153.0111  
10119.50845  
10271.69877  
10207.13273  
10187.77746  
10184.45857  
10180.3835  
10217.69408  
10154.04167  
10216.7524  
10241.39273  
10171.68748  
10160.54187  
10213.54729  
10183.84985  
10143.88943  
10243.71157  
10190.54585  
10188.33081  
10166.49901  
10218.13429  
10252.08978  
10141.24191  
10148.46757  
10212.73629  
10131.80292  
10182.40428  
10213.46229  
10162.31949  
10191.65013  
10240.47552  
10171.34579  
10164.62159  
10138.80904  
10234.72058  
10232.99183  
10215.08873  
10184.44122  
10172.31625  
10251.18603  
10208.84382  
10141.53872  
10171.747  
10177.04497  
10218.94115  
10166.72005  
10200.26398  
10190.17696  
10192.88297  
10270.03346  
10247.78447  
10150.11984  
10137.58837  
10130.56125  
10229.26609  
10199.17083  
10170.01605  
10213.90865  
10194.95302  
10173.62133  
10195.76621  
10189.51917  
10245.5308  
10217.45225  
10169.09639  
10171.99632  
10180.26468  
10168.35367  
10230.74918  
10176.30032  
10208.71644  
10258.18808  
10253.14417  
10248.15908  
10177.83703  
10173.04922  
10168.6029  
10276.84812  
10219.60926  
10183.73306  
10205.48715  
10262.98696  
10190.54766  
10205.19452  
10210.77532  
10248.64227  
10241.40911  
10212.48227  
10143.09139  
10132.05726  
10182.53627  
10200.31959  
10152.62092  
10140.64672  
10126.46945  
10207.29221  
10157.51367  
10136.01766  
10203.47845  
10138.74551  
10202.22444  
10193.67023  
10256.09058  
10231.26631  
10193.62015  
10203.05724  
10215.93885  
10195.63713  
