11582.75158  
11565.87969  
11538.67801  
11530.49138  
11617.98993  
11615.48583  
11585.90836  
11598.43535  
11548.46481  
11571.21731  
11586.96755  
11536.71948  
11539.06905  
11547.42698  
11571.71929  
11524.83107  
11567.57654  
11603.27592  
11611.26171  
11556.02191  
11517.70628  
11567.80876  
11648.90954  
11581.60107  
11548.28846  
11548.13065  
11571.29343  
11557.76173  
11593.76822  
11528.77654  
11514.56682  
11545.39451  
11577.8774  
11566.39545  
11563.18686  
11537.45123  
11529.81734  
11602.90913  
11591.61284  
11553.95505  
11599.03922  
11547.48351  
11555.58215  
11574.22152  
11594.41276  
11590.96607  
11546.8516  
11527.94121  
11545.87459  
11597.33242  
11537.27901  
11520.21229  
11532.66552  
11523.21851  
11604.20562  
11625.94232  
11575.5915  
11572.21572  
11523.81324  
11560.61125  
11561.59913  
11581.95679  
11588.56525  
11602.86722  
11579.31044  
11555.3895  
11593.05934  
11558.40309  
11611.57462  
11587.14549  
11562.29272  
11538.48998  
11555.635  
11629.29877  
11570.18693  
11546.92379  
11605.94684  
11536.54211  
11558.43562  
11616.68227  
11538.34108  
11521.58653  
11603.00149  
11601.45971  
11541.17209  
11516.57621  
11615.56783  
11624.98967  
11605.19318  
11588.81213  
11600.88299  
11620.26077  
11588.77559  
11552.78246  
11543.86766  
11552.32265  
11601.05113  
11566.33376  
11557.55549  
11569.3365  
11576.6703  
11617.73325  
11621.55368  
11582.47002  
11540.1569  
11501.36368  
11594.76819  
11552.62588  
11554.21961  
11573.81602  
11591.8398  
11538.87579  
11543.71949  
11560.03277  
11602.21037  
11592.49959  
11624.9616  
11597.19954  
11576.88026  
11560.36466  
11591.43041  
11550.40318  
11542.90944  
11525.42002  
11543.21247  
11556.37981  
11552.36589  
11500.91502  
11519.24303  
11591.75231  
11573.39106  
11557.56906  
11566.51071  
11618.57881  
11604.7476  
11579.28072  
11560.64424  
11576.79465  
11603.53423  
11580.01573  
11540.27157  
11515.88232  
11544.73323  
11619.83574  
11547.06855  
11534.77962  
11506.41832  
11588.10886  
11563.77742  
11530.43528  
11614.01308  
11533.26823  
11560.08556  
11550.8295  
11586.35785  
11619.12751  
11618.21012  
11583.84529  
11563.65223  
11566.81016  
