12911.51812  
12921.87915  
12880.91495  
12806.65618  
12814.24282  
12845.25693  
12819.09677  
12816.81312  
12866.12402  
12852.68601  
12844.64316  
12876.26263  
12902.45866  
12916.43653  
12919.58068  
12973.35345  
12857.73437  
12783.96964  
12807.44012  
12796.85692  
12823.95582  
12873.61984  
12800.16262  
12745.18384  
12830.06586  
12749.4675  
12761.08767  
12808.8574  
12860.3168  
12859.86639  
12807.99398  
12870.3423  
12900.56677  
12908.51735  
12895.09566  
12843.71672  
12799.45226  
12837.61716  
12799.60181  
12848.85611  
12896.97863  
12901.35516  
12875.83435  
12847.97821  
12782  
12815.45405  
12865.79817  
12844.18674  
12876.82719  
12856.1072  
12836.30897  
12830.91148  
12918.52301  
12903.23783  
12891.01724  
12870.33351  
12853.20674  
12849.24719  
12801.06607  
12727.67102  
12876.92013  
12931.05987  
12903.64602  
12856.84591  
12802.65193  
12854.61278  
12934.15987  
12901.60649  
12887.7894  
12917.36005  
12900.9819  
12923.38649  
12904.83048  
12829.34695  
12854.56504  
12805.77008  
12841.0015  
12836.32008  
12706.1518  
12696.21112  
12841.18579  
12936.93235  
12975.21432  
12955.55698  
12862.49987  
12839.10181  
12836.84313  
12861.50392  
12894.45937  
12986.26032  
12944.2145  
12802.15786  
12845.27113  
12888.60907  
12777.69249  
12784.78099  
12798.6442  
12776.10946  
12819.45732  
12931.53654  
12967.41234  
12866.29124  
12832.30913  
12816.76521  
12786.79563  
12718.61622  
12705.33617  
12778.04273  
12749.99581  
12762.51937  
12768.56578  
12815.00008  
12839.15111  
12933.54021  
12888.05571  
12925.40676  
13008.11894  
13061.12867  
13057.91332  
12980.88078  
12891.65861  
12853.80248  
12798.83031  
12736.33455  
12734.6998  
12833.23586  
12812.88023  
12793.67384  
12811.3114  
12786.02308  
12858.79494  
12981.90381  
12958.96997  
12909.52062  
12916.6413  
12859.60337  
12837.52081  
12852.27954  
12875.78707  
12783.38021  
12752.69193  
12782.02291  
12779.42179  
12809.0431  
12769.17152  
12800.68454  
12773.61733  
12736.32553  
12821.03841  
12853.29931  
12912.03481  
12781.39517  
12770.31932  
12861.6011  
12932.27963  
12955.62413  
12949.56905  
12955.53598  
12904.51771  
12878.11018  
