12015.84755  
12037.68015  
12055.58514  
12022.96393  
12072.06271  
12032.64413  
12004.40175  
12018.37279  
12043.13788  
12097.12958  
12035.43671  
12023.38234  
12035.95564  
12051.86964  
12060.30482  
12014.74951  
12056.88855  
12063.34645  
12048.80774  
12042.46307  
12000.03617  
12063.21413  
12112.66923  
12005.02421  
12000.25281  
12044.98337  
12045.82663  
12075.836  
11989.87514  
11963.36922  
12001.00704  
12040.09536  
12069.63807  
11972.85773  
11964.07852  
11969.19771  
12015.77224  
12115.46604  
12051.70757  
12030.95629  
12090.17809  
12063.72753  
12057.85279  
12079.95447  
12067.56493  
11997.68891  
12012.3683  
12030.43625  
12065.21564  
12114.97423  
11982.98039  
11983.26433  
12007.48561  
12025.27002  
12099.33281  
12047.99133  
12031.52908  
12045.48352  
12024.53639  
12032.6618  
12045.0604  
12083.04146  
12109.311  
12018.63156  
12014.8289  
12073.52178  
12035.24295  
12027.88924  
12092.86921  
12024.28087  
12050.70184  
12036.93702  
12052.03745  
12091.38899  
12008.36903  
12024.09831  
12095.47839  
11969.7753  
12004.6863  
12037.44078  
11984.21091  
12020.5548  
12073.94952  
12033.23934  
12003.70241  
12008.87907  
12104.34906  
12058.74828  
12019.25915  
12063.33349  
12100.8169  
12114.10358  
12062.64951  
11996.1157  
11996.58045  
12082.5158  
12080.5834  
12010.25973  
12051.96137  
12064.34988  
12104.59553  
12188.07583  
12079.69941  
12030.85761  
11989.65601  
12017.30374  
12045.55968  
11969.78111  
11961.25936  
12078.65278  
12008.73826  
11992.37786  
12030.35194  
12041.65288  
12078.68357  
12034.19976  
12056.59225  
12050.14046  
12026.11598  
12064.88314  
12098.6549  
11972.26994  
11992.87734  
12017.03174  
11979.3724  
11969.13899  
11963.69508  
11951.79025  
12050.92653  
12078.14781  
12060.73574  
12087.14339  
12055.50762  
12118.17374  
12082.75497  
12046.03989  
12062.6648  
12042.75511  
12102.18749  
12081.7146  
11981.14516  
11996.72212  
12113.5182  
12082.37448  
11991.45581  
11985.34782  
11945.8026  
12039.55704  
11975.23982  
11956.29856  
12034.63177  
11967.40921  
12042.79993  
12065.00977  
12077.1327  
12081.36954  
12037.66643  
12085.71222  
12069.18739  
12058.38883  
