11115.88078  
11119.51721  
11076.81489  
11074.43285  
11154.79831  
11144.51535  
11115.07541  
11128.81045  
11098.14431  
11143.2368  
11127.41309  
11095.07854  
11081.94651  
11126.13825  
11145.03606  
11095.06192  
11159.94787  
11171.52883  
11175.00256  
11133.88075  
11060.88917  
11110.92205  
11211.67182  
11151.15714  
11083.37484  
11054.6535  
11124.89612  
11140.89324  
11111.64438  
11057.30941  
11081.31772  
11129.30898  
11148.57666  
11100.00391  
11086.65709  
11066.88201  
11086.97512  
11176.42546  
11159.90851  
11105.06099  
11126.50273  
11108.75139  
11108.381  
11136.61058  
11142.18327  
11111.54169  
11104.80075  
11071.4039  
11104.99912  
11182.45043  
11079.94374  
11088.70588  
11091.50593  
11072.13905  
11155.65047  
11166.45112  
11105.72835  
11119.28365  
11083.74763  
11118.21096  
11098.68337  
11147.78617  
11177.66941  
11133.15902  
11098.31403  
11119.61702  
11121.61951  
11093.45538  
11183.62887  
11152.20971  
11108.12763  
11080.13087  
11122.35314  
11186.93436  
11098.75445  
11084.94376  
11161.20046  
11063.88714  
11082.16326  
11151.58548  
11065.3278  
11063.04115  
11162.03986  
11119.89684  
11085.31304  
11055.09116  
11178.25899  
11179.33279  
11128.62921  
11116.23773  
11149.97963  
11178.02412  
11123.14385  
11070.54083  
11067.30747  
11113.07391  
11159.37028  
11109.68941  
11120.95207  
11124.98091  
11126.2435  
11226.46905  
11173.70672  
11136.28655  
11072.96445  
11053.92465  
11144.24379  
11069.11918  
11072.53148  
11151.53052  
11132.55773  
11070.4977  
11079.15148  
11120.48587  
11158.93118  
11137.67722  
11159.81803  
11143.04529  
11118.168  
11111.56011  
11160.67556  
11097.33213  
11069.16377  
11087.69893  
11109.63812  
11115.51882  
11104.87526  
11043.2382  
11074.4405  
11151.32894  
11136.37984  
11120.50905  
11131.74522  
11182.50131  
11124.62347  
11127.67491  
11109.17945  
11130.5892  
11187.52899  
11170.17832  
11101.02746  
11056.66579  
11136.01211  
11198.63201  
11109.04608  
11074.22308  
11041.20332  
11145.74934  
11115.38301  
11051.93418  
11151.52076  
11067.22351  
11090.09427  
11111.44553  
11134.70208  
11180.20414  
11133.06388  
11143.27621  
11123.65633  
11106.25302  
