10783.36578  
10702.20081  
10731.96719  
10712.05456  
10810.25072  
10820.92741  
10793.3784  
10769.48365  
10750.03861  
10815.71445  
10774.9943  
10757.04765  
10802.84814  
10823.9651  
10856.85268  
10728.16357  
10823.58702  
10849.54248  
10769.22792  
10727.37269  
10744.00018  
10727.67735  
10783.59238  
10778.83534  
10714.76955  
10710.7691  
10781.37129  
10780.27324  
10754.20893  
10722.78572  
10682.66318  
10745.38836  
10787.26389  
10779.40764  
10742.30084  
10714.35086  
10729.39495  
10857.39289  
10815.93061  
10805.78657  
10813.87202  
10828.72803  
10779.26449  
10845.6773  
10786.10596  
10738.29485  
10790.72416  
10755.92329  
10697.39146  
10804.77384  
10774.76572  
10755.48714  
10747.88704  
10728.15781  
10832.74599  
10798.36326  
10763.13245  
10753.59393  
10718.37648  
10778.55378  
10779.72653  
10798.37648  
10792.11493  
10759.36912  
10752.034  
10759.45493  
10772.91403  
10720.13384  
10853.5111  
10787.93967  
10738.96224  
10758.16115  
10746.09724  
10803.06733  
10739.29718  
10714.58413  
10783.11395  
10719.94077  
10741.13712  
10810.69074  
10753.35028  
10757.52734  
10825.83728  
10771.07563  
10736.61666  
10742.17343  
10849.63762  
10837.19902  
10809.05973  
10762.0253  
10741.00942  
10844.76561  
10782.93792  
10726.02322  
10763.15104  
10756.17981  
10802.99552  
10783.51675  
10759.08192  
10746.92697  
10778.59086  
10833.5729  
10832.55064  
10771.67055  
10689.53441  
10716.6359  
10820.7974  
10764.1405  
10729.30754  
10806.01519  
10783.54854  
10712.48978  
10773.32265  
10769.61554  
10824.92864  
10791.54243  
10775.42482  
10757.19931  
10742.82337  
10725.75751  
10775.19406  
10770.85285  
10764.78219  
10814.24873  
10789.01931  
10787.4471  
10745.43616  
10751.51506  
10779.70273  
10847.84348  
10797.82362  
10729.09521  
10778.02203  
10853.87073  
10827.19439  
10801.08342  
10798.41037  
10783.37793  
10784.17726  
10798.956  
10745.31395  
10691.66397  
10721.85639  
10758.05015  
10709.65012  
10690.68757  
10679.61795  
10777.7022  
10768.58804  
10760.18562  
10829.83339  
10747.85239  
10768.07152  
10736.22689  
10777.89967  
10825.62675  
10822.78405  
10798.80679  
10775.74875  
10806.41323  
