11983.35574  
12020.39942  
12068.76911  
12006.03496  
12032.60097  
12022.82476  
12008.7842  
12010.17931  
12022.57195  
12020.08308  
12049.1623  
12026.18327  
12057.99345  
12056.63022  
12006.89122  
12038.02184  
12030.72064  
12022.48165  
11988.04071  
11995.9858  
12009.86285  
12022.03934  
12041.36219  
12029.9263  
11998.51084  
11938.82537  
12012.01931  
12057.24007  
12026.17755  
11987.02535  
11987.98413  
11989.56241  
11996.0092  
11978.97794  
12008.18245  
12027.28236  
12003.30046  
12093.54065  
11985.37864  
12013.5304  
12091.87003  
12064.83648  
12042.26519  
12024.33852  
12049.20709  
12011.90129  
12074.98791  
12059.88597  
11981.96126  
11989.79818  
11980.96851  
11999.8942  
12012.86672  
12002.98805  
12025.73006  
12030.74828  
12019.1126  
12050.43568  
12036.45892  
12063.29667  
12039.33251  
12020.81655  
12024.16046  
12006.05117  
11994.09061  
12075.22163  
12068.29803  
12018.95862  
12052.68004  
12016.73606  
12038.13396  
12068.10668  
12041.84843  
12025.66544  
12028.51927  
12000.68848  
12020.50966  
11950.41659  
11986.18117  
11983.40531  
12002.95976  
12049.1134  
12019.03729  
11987.07163  
12044.22463  
11997.18543  
12034.56649  
12035.33805  
12017.82261  
12011.27223  
12012.89769  
11997.043  
12014.71758  
12019.24389  
12019.7584  
12024.49896  
12019.90969  
11978.33312  
12021.81946  
12020.57687  
11995.31164  
12008.5768  
12051.12961  
12012.77022  
12010.84737  
11963.47671  
12013.90646  
12019.53173  
12003.28517  
12034.9906  
12021.0274  
11986.73778  
12027.19721  
12068.70216  
12047.75714  
12034.8304  
12036.91638  
12011.78794  
12032.90528  
11988.71163  
12013.20032  
11983.61484  
12027.97399  
12039.99031  
12062.53825  
12063.97812  
12048.87112  
11993.8655  
12003.32167  
12087.64986  
12032.13351  
12039.90071  
12035.69598  
12040.44572  
12089.73729  
12023.28222  
12045.72871  
12024.4185  
12082.75339  
12007.01444  
11982.02239  
11977.64136  
11979.69833  
11994.19366  
11970.52385  
11982.94671  
11943.13151  
12002.09265  
11982.62427  
11997.70781  
12053.65514  
12015.39212  
12024.48036  
12039.19994  
12006.23643  
12054.40753  
12050.12633  
12037.39494  
12075.42365  
12021.77522  
