12675.50868  
12688.16664  
12599.4019  
12478.31782  
12366.18391  
12487.2866  
12544.71833  
12548.40451  
12508.78207  
12482.43883  
12561.87876  
12586.2097  
12562.8562  
12587.95029  
12567.37077  
12574.49359  
12501.02727  
12440.8182  
12442.76781  
12390.55698  
12430.21747  
12517.56218  
12572.43555  
12578.88722  
12514.47848  
12476.1635  
12465.24856  
12557.01863  
12669.30675  
12662.54329  
12620.51442  
12513.59482  
12590.24686  
12587.70926  
12520.41862  
12549.36806  
12621.08129  
12622.32781  
12552.50559  
12536.36766  
12523.50719  
12524.52355  
12526.42627  
12575.21871  
12582.79325  
12498.56934  
12453.74897  
12460.19031  
12459.80725  
12412.14328  
12446.04561  
12548.03905  
12606.77306  
12568.62959  
12666.05033  
12546.65788  
12627.72711  
12562.63549  
12434.49777  
12412.89761  
12462.50936  
12542.85751  
12604.28187  
12557.21467  
12523.6266  
12538.24192  
12574.52686  
12582.82273  
12776.60771  
12519.52015  
12496.05186  
12598.74726  
12549.83616  
12401.5611  
12363.99084  
12444.27036  
12463.25333  
12574.6169  
12636.97566  
12712.47072  
12702.94343  
12678.52098  
12663.83124  
12654.12888  
12597.20672  
12525.74731  
12556.96437  
12549.72073  
12617.25496  
12541.57303  
12436.55567  
12356.18153  
12417.27959  
12416.92231  
12391.11036  
12419.37625  
12506.40839  
12590.36027  
12581.54909  
12630.62126  
12667.67096  
12648.52555  
12538.47769  
12594.27855  
12531.33559  
12430.5869  
12413.04062  
12453.38847  
12472.75666  
12535.58551  
12553.24841  
12482.72494  
12494.59587  
12512.77507  
12461.04835  
12424.12139  
12534.58354  
12559.85132  
12615.80088  
12731.57104  
12733.81423  
12643.17583  
12489.96903  
12475.68409  
12474.07812  
12436.19801  
12477.88683  
12464.29709  
12513.45339  
12624.57741  
12730.55888  
12748.49117  
12575.60414  
12372.20106  
12293.21091  
12381.80087  
12373.96336  
12389.52381  
12484.10981  
12607.07538  
12661.77206  
12673.30157  
12673.23679  
12672.67736  
12631.85788  
12508.0315  
12504.99856  
12516.36604  
12556.92603  
12515.583  
12528.52933  
12496.55056  
12437.89013  
12420.59325  
12491.32625  
12512.10555  
12543.43845  
12584.48829  
12676.23477  
12563.00265  
