12045.9612  
12098.22322  
12046.36814  
11947.18263  
11961.99777  
12024.3601  
12059.27414  
12044.06827  
11970.72773  
12030.16981  
12078.52881  
12034.9141  
12087.73312  
12029.16997  
12024.77461  
12047.89744  
11968.4424  
11974.35307  
11964.5585  
11988.82544  
11968.53618  
11991.60144  
12047.17929  
12024.36173  
12023.9825  
12010.62325  
12001.57301  
12056.08135  
12025.96218  
12011.94067  
12048.87999  
12019.08561  
12044.97939  
12097.06981  
12056.59529  
12072.37558  
12106.06177  
12091.71316  
12007.30906  
11991.59478  
12039.44667  
12011.84462  
11991.11604  
12005.89793  
12011.53813  
12027.26211  
12048.90204  
12053.64923  
12009.67571  
11997.61871  
12008.9047  
12038.14563  
12061.27836  
12001.04913  
12113.14968  
12065.07899  
12083.40459  
12005.08351  
12007.09012  
11984.99082  
12039.90225  
12038.8837  
12039.09392  
12012.07693  
11948.16745  
12003.27557  
12033.81225  
12056.41683  
12029.92322  
12131.46503  
12024.78865  
12077.3956  
12083.39131  
11993.59756  
11925.9084  
11971.76353  
11986.63305  
12062.39926  
12032.98987  
12089.62476  
12069.28858  
12041.84444  
12009.51189  
12004.74173  
12036.31643  
12110.75296  
12059.89851  
12060.04801  
12081.6283  
12005.46461  
11992.06962  
12005.5239  
12018.73845  
11981.611  
11954.10703  
11998.07047  
12045.27241  
12013.00992  
11990.44986  
12006.57075  
12041.97354  
11998.64389  
12009.66923  
12059.35304  
12035.78909  
12040.45157  
11955.50279  
12007.90068  
11981.19371  
12005.07295  
11993.45896  
11974.33181  
12031.85953  
12034.09828  
12001.32377  
11969.38788  
11972.0166  
11971.17058  
12010.20279  
12074.64302  
12064.56572  
12017.62963  
12032.13241  
12015.91255  
12010.30183  
11985.95608  
11994.04152  
11980.5056  
12012.38403  
12117.1812  
12048.19804  
12131.18398  
12046.26876  
11982.0931  
11934.16352  
11919.78693  
11935.15248  
11985.37925  
12021.29115  
12045.11713  
12054.97167  
12063.1425  
12020.29155  
12013.02257  
12027.80572  
12005.45903  
12013.27624  
12087.68795  
12092.14287  
12061.41499  
12005.02788  
11997.2159  
12015.56497  
12018.91589  
12009.58438  
12055.28442  
11997.57008  
11994.23235  
12097.12119  
11990.90369  
