13049.28661  
13101.26525  
13078.1923  
12985.08249  
12968.6968  
13016.51303  
13080.01037  
13059.19595  
13046.93885  
13008.92023  
13005.16065  
12985.37399  
13056.84958  
12940.20105  
13015.54976  
13027.74509  
12956.52452  
12940.84509  
12982.49043  
13053.10921  
13025.67706  
13031.91176  
13073.75782  
13029.25444  
13018.94951  
12983.23214  
12950.82156  
13067.36125  
12982.21756  
12995.21496  
12983.12794  
12942.9812  
12923.5719  
13011.83616  
13017.6855  
12980.68589  
12954.24709  
12989.25231  
13022.09775  
13037.21408  
13043.18179  
13011.93464  
13011.63125  
12994.24625  
12974.0411  
12988.37048  
13003.13076  
13012.11013  
12980.53542  
12973.15582  
12992.51737  
13010.20976  
12993.54812  
13021.02995  
13199.77641  
12930.34698  
12978.57471  
12991.20676  
12994.03185  
13105.17579  
13117.19315  
13070.70206  
13049.35975  
13076.79148  
13102.0584  
13035.06179  
13017.86168  
12967.38577  
13173.92593  
13071.9622  
12886.74625  
12995.10386  
12978.64647  
12988.20816  
13021.41227  
13109.35214  
13074.57119  
13195.63968  
13084.39403  
13063.62431  
13034.1114  
12981.60689  
13024.34398  
13074.71929  
13068.37249  
13146.18502  
13086.43714  
13053.46265  
12991.79946  
13006.0961  
13067.65922  
13008.9334  
13025.59395  
13007.80078  
12999.88672  
13067.6347  
13022.32774  
13025.19276  
13042.11131  
13069.50387  
13067.08954  
12991.20242  
12905.16749  
12930.63691  
12915.51415  
13008.98484  
12979.15086  
13072.02889  
13086.07869  
13101.78713  
13036.64622  
13111.5324  
13089.14113  
13118.70868  
12990.92241  
13021.19085  
13020.17378  
13016.46077  
13037.73811  
13055.14551  
12979.8457  
12992.84062  
12944.49693  
12932.33727  
12974.11911  
13055.26054  
13179.25629  
13017.15922  
13050.08382  
13128.31098  
13020.24269  
13113.02764  
12911.59153  
12784.5178  
12855.71365  
12940.27967  
12952.78655  
12964.45419  
12928.15867  
13000.3396  
12996.11183  
13032.46445  
13029.06563  
13018.12766  
12979.33234  
12946.54381  
12985.53356  
13056.74399  
13007.55856  
13023.73049  
13027.62346  
13020.84694  
13018.09015  
13045.20222  
13025.49156  
13006.86901  
13046.24769  
13002.84493  
13114.01074  
13171.95561  
