11641.18242  
11663.77874  
11666.76065  
11617.07568  
11623.24042  
11630.59633  
11626.0319  
11649.93849  
11630.97924  
11637.38082  
11631.35579  
11625.97984  
11644.0793  
11608.39735  
11589.67642  
11613.21855  
11611.87402  
11574.57813  
11587.55873  
11592.10378  
11580.22201  
11597.04772  
11597.69307  
11614.63196  
11612.56312  
11617.95985  
11607.87033  
11659.24095  
11607.69798  
11642.62591  
11675.95964  
11636.59892  
11721.89988  
11651.27846  
11647.16568  
11644.81209  
11663.53265  
11625.95226  
11590.84663  
11588.54464  
11632.10338  
11630.4469  
11608.61613  
11599.82593  
11614.36362  
11621.41769  
11630.48797  
11607.48652  
11606.03757  
11585.96461  
11586.48091  
11581.15706  
11601.64696  
11645.12343  
11783.36486  
11622.86579  
11707.33726  
11645.42253  
11625.61845  
11633.71938  
11612.6862  
11631.27419  
11644.3053  
11652.03644  
11609.25361  
11605.14415  
11623.55207  
11600.14766  
11608.67207  
11754.59762  
11682.9439  
11695.20361  
11696.514  
11635.75748  
11609.64932  
11608.39747  
11611.03393  
11654.01973  
11633.97802  
11687.72063  
11658.33307  
11623.66876  
11606.01899  
11614.84679  
11610.06821  
11652.2728  
11663.2845  
11642.75708  
11659.37579  
11625.7016  
11611.42423  
11609.429  
11618.52669  
11624.94296  
11599.00413  
11593.83748  
11609.90399  
11642.43114  
11617.23083  
11610.0248  
11621.75401  
11618.49483  
11602.46565  
11702.69458  
11647.81246  
11617.46594  
11601.22124  
11611.93288  
11606.81447  
11621.82616  
11622.02695  
11597.57921  
11644.19073  
11654.24017  
11649.64838  
11602.26548  
11617.70648  
11613.4818  
11621.63952  
11636.98708  
11674.76333  
11656.6136  
11651.00157  
11646.25997  
11604.55222  
11550.79798  
11590.6525  
11612.7448  
11634.8434  
11698.3086  
11698.60718  
11698.08669  
11664.98139  
11628.48429  
11580.29624  
11582.95027  
11581.42144  
11588.70825  
11593.779  
11619.70901  
11592.52982  
11630.89958  
11632.60106  
11583.00231  
11586.96169  
11585.23192  
11643.52726  
11647.11467  
11624.72628  
11632.81279  
11635.40695  
11604.59013  
11609.97137  
11633.21191  
11616.48159  
11631.11556  
11608.63612  
11628.45711  
11688.83072  
11675.63697  
