11802.17172  
11841.89541  
11811.6223  
11740.76566  
11729.78451  
11764.73071  
11790.88113  
11776.83684  
11777.42027  
11808.86739  
11814.45271  
11784.63853  
11786.58707  
11779.68905  
11768.67948  
11768.6031  
11768.84084  
11724.75312  
11736.55209  
11752.74754  
11719.37016  
11745.9358  
11792.70109  
11784.45755  
11790.02459  
11793.95715  
11773.3297  
11785.97303  
11799.26187  
11802.81981  
11834.14157  
11808.22373  
11851.63463  
11824.5784  
11793.61813  
11803.71618  
11803.865  
11780.57856  
11740.0711  
11740.73708  
11778.52643  
11778.93902  
11754.39212  
11751.93321  
11772.52133  
11775.29055  
11778.08364  
11784.08157  
11750.68935  
11741.26391  
11727.63449  
11743.96191  
11776.76772  
11817.09658  
11869.77605  
11792.59752  
11862.88802  
11807.80087  
11768.4444  
11763.02956  
11787.44597  
11807.31802  
11792.92633  
11766.53029  
11742.9758  
11741.20643  
11783.25765  
11806.36584  
11821.74533  
11858.74629  
11816.72315  
11811.84226  
11820.00001  
11774.86141  
11754.85984  
11762.45573  
11785.01923  
11801.81695  
11808.06037  
11837.02385  
11800.15804  
11774.54801  
11745.91293  
11767.60723  
11784.30252  
11805.75446  
11850.22129  
11813.79234  
11814.76656  
11780.45972  
11772.11644  
11765.9378  
11790.77824  
11803.01384  
11811.28563  
11764.26629  
11794.39177  
11778.95312  
11773.4144  
11757.88847  
11779.7441  
11769.7133  
11774.49391  
11822.4326  
11778.14546  
11760.99728  
11721.18968  
11763.05491  
11765.09095  
11774.01857  
11762.97802  
11770.2808  
11782.72765  
11801.32877  
11790.92149  
11747.87586  
11740.8341  
11745.96178  
11780.95564  
11804.40843  
11831.30598  
11800.44836  
11791.31335  
11805.09311  
11775.18823  
11743.05305  
11773.40486  
11772.69593  
11795.28445  
11846.53998  
11830.04316  
11857.18713  
11797.85373  
11751.34553  
11700.9255  
11696.31421  
11690.24367  
11721.84573  
11764.59214  
11780.0127  
11782.16868  
11788.10935  
11765.91295  
11746.96024  
11752.82198  
11756.22545  
11780.318  
11801.1307  
11789.22109  
11801.39158  
11767.46489  
11786.09425  
11768.22986  
11800.8034  
11815.0877  
11793.5989  
11757.67095  
11782.39968  
11823.57757  
11806.7008  
