11087.70934  
11169.31523  
11120.68937  
11060.77021  
11039.15383  
11075.51277  
11087.74264  
11080.66977  
11086.14844  
11098.59111  
11108.79684  
11105.28074  
11119.41252  
11136.62609  
11109.90178  
11105.90803  
11065.96793  
11064.31336  
11044.00619  
11076.99293  
11062.25219  
11085.23148  
11089.67479  
11113.83979  
11093.62074  
11097.82002  
11094.44232  
11092.91129  
11113.27566  
11091.89424  
11132.39822  
11076.59373  
11139.86441  
11096.7392  
11093.58123  
11068.44211  
11049.28748  
11040.12965  
11059.56891  
11057.2241  
11121.254  
11120.59826  
11090.3491  
11103.36773  
11090.3574  
11063.45592  
11068.03533  
11096.25898  
11080.96344  
11059.27678  
11043.7282  
11070.39973  
11094.15078  
11148.87271  
11293.8291  
11096.76426  
11170.60666  
11087.80021  
11063.03318  
11058.2749  
11110.12916  
11140.70229  
11106.63008  
11084.73492  
11089.71342  
11077.49061  
11042.88256  
11083.76277  
11106.94813  
11196.25373  
11145.77703  
11126.53061  
11077.91246  
11046.05029  
11062.3666  
11081.24348  
11137.84594  
11131.43291  
11110.06551  
11121.40469  
11130.61219  
11051.24693  
11028.48023  
11037.3759  
11064.91152  
11105.5925  
11147.46514  
11156.02484  
11127.94947  
11099.91236  
11118.7526  
11097.83391  
11113.68719  
11139.14314  
11107.5999  
11074.72857  
11093.26963  
11119.6332  
11108.00869  
11096.90996  
11125.45379  
11082.09945  
11088.72953  
11095.5775  
11086.10375  
11119.46934  
11106.74219  
11098.39971  
11132.30344  
11123.37926  
11073.81316  
11069.44213  
11088.25203  
11113.04797  
11083.47701  
11030.47357  
11021.11506  
11047.48172  
11074.19512  
11150.82605  
11161.07037  
11115.20437  
11126.41027  
11083.81418  
11074.13023  
11057.53932  
11055.23725  
11059.84549  
11070.87773  
11160.50736  
11122.33906  
11159.38254  
11073.95936  
10995.85744  
10985.37623  
11000.37123  
11011.24187  
11059.09336  
11080.99402  
11109.4024  
11111.95639  
11133.10615  
11095.5016  
11078.51066  
11091.03617  
11064.29135  
11101.27504  
11142.35152  
11102.09154  
11108.2332  
11086.50393  
11088.19584  
11069.36199  
11113.36611  
11140.38027  
11095.21756  
11082.19863  
11086.29951  
11106.87875  
11128.26252  
