11697.04648  
11734.72941  
11686.67287  
11567.88838  
11559.55676  
11600.98175  
11640.42187  
11666.22003  
11672.45808  
11672.32038  
11617.73657  
11583.99313  
11651.37028  
11696.69657  
11713.60353  
11649.65412  
11516.71843  
11511.45978  
11554.09168  
11572.72426  
11615.0373  
11651.58661  
11670.18834  
11688.71998  
11686.26196  
11643.94437  
11617.1445  
11679.4802  
11718.47568  
11699.29002  
11658.37573  
11627.71311  
11671.0671  
11629.21254  
11607.86441  
11604.33604  
11570.42947  
11564.9482  
11591.96394  
11644.68216  
11632.59777  
11607.99174  
11598.86892  
11594.08065  
11606.43695  
11604.13357  
11637.48555  
11663.17429  
11628.98331  
11594.92094  
11614.86401  
11638.24146  
11652.28462  
11653.82982  
11747.52566  
11710.22885  
11721.82905  
11654.27464  
11566.40481  
11552.33008  
11603.12664  
11667.86847  
11651.13309  
11618.68462  
11665.96553  
11702.14734  
11696.05543  
11649.68678  
11797.21047  
11825.1191  
11759.54385  
11753.84266  
11683.06112  
11513.58288  
11451.53563  
11519.32318  
11594.24898  
11672.81139  
11744.49708  
11774.77536  
11714.06529  
11572.30542  
11550.85612  
11578.20851  
11639.9898  
11703.60165  
11748.95779  
11754.29943  
11655.4936  
11558.03812  
11556.86836  
11610.93472  
11634.52211  
11555.78659  
11563.37839  
11615.82989  
11617.16282  
11615.99861  
11686.46029  
11761.92588  
11822.2826  
11782.35542  
11639.36488  
11572.90285  
11528.06904  
11503.74277  
11547.95528  
11559.67047  
11573.08407  
11613.9462  
11617.13802  
11652.34358  
11729.89226  
11690.42944  
11599.0712  
11577.02521  
11649.20297  
11718.65695  
11781.24754  
11851.55023  
11821.50188  
11711.63294  
11593.32464  
11519.51205  
11515.21749  
11516.11983  
11556.21357  
11589.47269  
11648.48445  
11762.14553  
11874.0539  
11865.85518  
11722.23316  
11524.00501  
11352.23562  
11351.1123  
11424.26951  
11463.41339  
11518.14148  
11583.65158  
11638.68199  
11699.45259  
11765.94766  
11792.09707  
11720.85005  
11646.98297  
11682.09385  
11718.55746  
11714.64336  
11650.94144  
11594.70165  
11581.78498  
11587.13581  
11531.83091  
11586.4672  
11584.77325  
11601.73138  
11638.13102  
11740.97169  
11801.72599  
