10875.04377  
10889.97033  
10891.18938  
10939.72943  
10903.97379  
10921.74509  
10881.08826  
10895.41319  
10891.44158  
10864.27352  
10927.47074  
10869.76221  
10876.66725  
10946.86393  
10929.03959  
10934.61201  
10898.16962  
10957.49874  
10899.70013  
10909.77034  
10892.16293  
10938.81662  
10895.66464  
10871.97722  
10921.5004  
10886.591  
10841.32544  
10933.5614  
10904.39249  
10838.6666  
10906.78053  
10909.29246  
10907.14467  
10836.99654  
10898.50803  
10877.83182  
10891.47798  
10856.81681  
10867.99922  
10927.76061  
10919.4326  
10885.00394  
10955.23941  
10903.68362  
10826.17858  
10842.48098  
10998.71416  
10914.69434  
10933.13669  
10959.52048  
10888.30303  
10879.70229  
10853.66975  
10824.35748  
10848.54347  
10882.29159  
10883.71308  
10940.00055  
10880.36809  
10887.05394  
10958.06981  
10922.88117  
10902.46781  
10932.16674  
10938.45567  
10898.88684  
10899.03626  
10922.86049  
10880.058  
10878.90312  
10933.86135  
10898.75787  
10885.05987  
10921.95748  
10874.74012  
10910.32947  
10930.81433  
10967.43708  
10986.79065  
10920.872  
10935.72361  
10920.85007  
10908.12746  
10899.77064  
10948.13167  
10861.32004  
10849.4695  
10900.63527  
10842.94035  
10843.42224  
10906.03428  
10883.67722  
10873.28672  
10922.46008  
10889.83551  
10918.05053  
10882.67574  
10925.94075  
10925.55478  
10884.95621  
10893.68163  
10900.51782  
10871.47476  
10940.52162  
10927.99496  
10904.33096  
10916.73971  
10930.59946  
10926.97212  
10866.30656  
10927.91088  
10896.22059  
10877.29811  
10905.71579  
10990.67866  
10931.73502  
10914.71887  
10927.35171  
10877.69208  
10865.53523  
10887.77045  
10886.50088  
10878.59571  
10910.01783  
10884.19186  
10902.37971  
10972.70936  
10901.09144  
10888.261  
10952.26656  
10935.79269  
10920.45356  
10949.53083  
10895.56019  
10859.4272  
10917.54522  
10878.73298  
10849.97692  
10863.11825  
10891.00007  
10896.3693  
10888.78298  
10934.539  
10922.02641  
10880.76411  
10917.6458  
10905.72692  
10916.41218  
10940.3965  
10882.03388  
10890.72804  
10873.77988  
10926.81593  
10871.80099  
10883.2154  
10899.47972  
10886.64011  
10942.37029  
10890.91002  
10906.46849  
