11663.56548  
11674.18448  
11651.82816  
11722.25943  
11677.67656  
11701.47406  
11652.78906  
11650.8252  
11634.37945  
11613.70078  
11706.47256  
11646.62441  
11623.70819  
11728.14153  
11680.17958  
11689.6762  
11643.32741  
11725.22972  
11638.85496  
11669.9938  
11665.16451  
11717.48661  
11706.44964  
11623.58774  
11669.9337  
11657.38384  
11622.53024  
11712.23634  
11692.18311  
11619.07382  
11642.46323  
11703.37765  
11695.76918  
11630.24424  
11669.51362  
11612.30984  
11681.89624  
11640.9668  
11601.23054  
11729.98391  
11735.78935  
11656.74827  
11727.1114  
11675.57023  
11616.05705  
11598.28524  
11689.98958  
11723.37907  
11707.2138  
11730.32161  
11663.97598  
11620.84391  
11576.99179  
11547.00843  
11548.46441  
11654.28425  
11661.77329  
11740.04484  
11717.52857  
11694.35496  
11747.223  
11733.6864  
11679.26698  
11666.31779  
11694.77626  
11686.81324  
11680.33185  
11729.45743  
11655.92799  
11606.29205  
11702.13046  
11661.39479  
11621.09638  
11667.8976  
11619.44123  
11642.30142  
11702.60674  
11739.76537  
11791.33209  
11719.80707  
11692.66742  
11666.18707  
11695.09722  
11658.52473  
11704.85534  
11636.57255  
11576.04851  
11649.02943  
11636.3736  
11581.49286  
11664.307  
11669.04113  
11651.54464  
11704.89847  
11660.14556  
11698.52342  
11662.82646  
11667.93967  
11704.87679  
11642.10177  
11629.58818  
11693.0988  
11622.41822  
11689.97591  
11719.10858  
11693.39652  
11674.92456  
11659.73945  
11689.23575  
11653.40102  
11642.49509  
11649.62804  
11676.5108  
11696.22044  
11793.87876  
11728.37346  
11677.8368  
11704.87827  
11666.09069  
11602.45123  
11661.03476  
11675.67317  
11633.83  
11709.12267  
11657.08537  
11675.0616  
11815.90537  
11702.24888  
11612.19645  
11711.17706  
11749.24235  
11704.29456  
11754.73615  
11691.82794  
11613.51972  
11665.38998  
11657.11616  
11566.61409  
11600.40322  
11670.05626  
11650.36953  
11631.31519  
11710.63338  
11692.52133  
11600.13386  
11691.75639  
11710.06196  
11665.0435  
11724.12279  
11657.26942  
11656.61083  
11623.66153  
11662.85941  
11623.42632  
11632.93474  
11670.41939  
11624.83091  
11763.71926  
11698.61619  
11694.37624  
