11801.04986  
11805.49393  
11873.37902  
11876.23506  
11862.31885  
11819.70791  
11834.10615  
11804.37253  
11832.30693  
11813.33289  
11831.82698  
11851.87661  
11861.0552  
11902.97236  
11871.68189  
11870.3107  
11843.73907  
11846.17905  
11881.39958  
11882.6715  
11875.98603  
11863.70823  
11888.29651  
11874.41617  
11853.38693  
11888.88048  
11872.37733  
11883.07217  
11895.51576  
11860.9078  
11836.20246  
11834.86191  
11865.34983  
11835.66466  
11865.78672  
11842.19796  
11839.71825  
11847.43201  
11817.82406  
11898.03481  
11920.97518  
11897.95746  
11871.62979  
11903.19623  
11859.41099  
11830.46739  
11891.22657  
11875.55746  
11874.89619  
11914.59102  
11869.62538  
11746.17994  
11729.01714  
11735.75166  
11762.01348  
11810.49392  
11816.15671  
11842.63449  
11886.96384  
11890.33061  
11881.28385  
11888.74635  
11884.80058  
11868.78811  
11889.09982  
11880.80595  
11837.03186  
11889.63797  
11860.65791  
11825.92757  
11865.7003  
11853.53742  
11899.80941  
11883.6704  
11863.86546  
11846.31591  
11882.07044  
11895.07309  
11900.48316  
11863.41646  
11833.11792  
11827.76348  
11872.00252  
11838.39871  
11807.31143  
11777.65628  
11747.14471  
11738.95418  
11771.74581  
11787.52641  
11793.31754  
11822.20264  
11847.21571  
11873.3693  
11801.10026  
11816.32386  
11810.9234  
11828.4307  
11856.85836  
11887.40447  
11859.81104  
11863.98859  
11853.93209  
11860.11732  
11910.34753  
11893.43084  
11899.19289  
11877.72422  
11847.83734  
11856.42309  
11848.07052  
11853.89742  
11855.88449  
11862.01959  
11870.68578  
11895.5765  
11875.79786  
11870.64513  
11839.15965  
11824.54153  
11840.90138  
11860.74344  
11822.9264  
11852.38968  
11817.87788  
11827.74856  
11879.80191  
11862.76974  
11864.40895  
11846.5023  
11861.35155  
11874.25895  
11874.51398  
11870.50146  
11830.94725  
11838.63986  
11848.79866  
11799.28384  
11809.52987  
11839.8618  
11836.3802  
11882.19656  
11917.83037  
11894.24054  
11868.92572  
11841.92233  
11831.61036  
11840.46328  
11867.07502  
11836.064  
11869.92468  
11832.67824  
11847.33911  
11827.66865  
11840.80239  
11830.53598  
11827.37612  
11852.16252  
11859.48339  
11897.69424  
