11944.91201  
11947.04727  
11914.21071  
11982.04827  
11936.75419  
11955.62486  
11928.79111  
11925.33594  
11929.51261  
11903.18556  
11961.18981  
11918.51585  
11912.8809  
11959.65576  
11938.2274  
11953.01781  
11923.57447  
11982.43958  
11936.55009  
11950.57569  
11944.20217  
11977.60624  
11951.87463  
11887.93436  
11938.74643  
11915.49272  
11908.65731  
11961.61106  
11927.54688  
11890.53363  
11927.65092  
11939.09603  
11924.9034  
11877.74174  
11904.072  
11897.21775  
11919.76589  
11900.73055  
11897.47937  
11945.94283  
11934.1414  
11901.4606  
11957.5693  
11907.3633  
11857.31806  
11907.8074  
12028.20674  
11960.64213  
11961.54385  
11972.81365  
11920.41461  
11928.27389  
11917.71363  
11912.93791  
11915.78714  
11965.44253  
11952.93171  
11991.30332  
11948.83036  
11943.96967  
12023.09701  
11960.61157  
11934.20165  
11949.35376  
11965.95746  
11925.77497  
11941.38289  
11982.85744  
11922.96078  
11899.57441  
11975.54733  
11957.49276  
11906.04358  
11944.73313  
11903.94418  
11939.5381  
12002.67783  
12004.1679  
12007.96897  
11950.19637  
11945.58591  
11950.32467  
11939.97781  
11940.82154  
11968.98325  
11898.29702  
11875.27645  
11938.79649  
11893.17869  
11886.40822  
11963.63369  
11939.24417  
11928.07994  
11975.25783  
11916.78384  
11955.29152  
11932.34706  
11974.27273  
11982.44454  
11918.23344  
11936.72272  
11948.49201  
11922.0456  
11981.60972  
11958.05247  
11933.15745  
11910.53043  
11942.22682  
11944.29116  
11907.12169  
11939.69831  
11939.06766  
11918.78627  
11932.03605  
12022.19089  
11983.08336  
11923.18651  
11959.15291  
11911.74565  
11899.18922  
11948.79617  
11932.46635  
11916.29364  
11964.92278  
11922.36601  
11942.02283  
12000.09199  
11940.91301  
11922.27659  
11970.1008  
11990.13026  
11973.67143  
11978.18493  
11928.72482  
11875.67146  
11923.31194  
11927.80796  
11891.87593  
11895.40884  
11925.82587  
11926.83827  
11925.1342  
11966.65299  
11943.78889  
11904.60507  
11937.88825  
11941.56182  
11939.98189  
12001.8687  
11911.2404  
11937.10946  
11902.09262  
11933.24088  
11917.26539  
11933.37203  
11934.91318  
11936.8786  
12005.8069  
11929.54996  
11928.4909  
