11605.39203  
11618.57182  
11598.36689  
11649.02263  
11611.00589  
11629.12181  
11607.18332  
11605.05712  
11610.83982  
11590.16941  
11639.86005  
11593.33161  
11593.13093  
11640.89948  
11619.26153  
11628.17446  
11598.50894  
11651.03564  
11608.77883  
11611.10202  
11605.70122  
11638.95041  
11610.86917  
11566.47625  
11611.32348  
11591.04233  
11571.85891  
11622.91215  
11595.18321  
11556.87059  
11601.03232  
11608.36122  
11599.7026  
11557.31066  
11590.91874  
11580.59824  
11598.71615  
11581.18854  
11592.93315  
11629.77571  
11614.21294  
11593.48009  
11644.4791  
11578.13972  
11519.21649  
11567.89062  
11711.37077  
11621.22068  
11624.7361  
11648.7178  
11589.0755  
11596.14694  
11593.91874  
11577.27469  
11591.54666  
11625.66973  
11614.24775  
11654.09442  
11610.57936  
11612.4575  
11676.12185  
11629.54066  
11610.58719  
11625.14679  
11631.41075  
11600.61451  
11610.36348  
11638.28857  
11595.16541  
11580.03499  
11638.69967  
11619.89122  
11589.58078  
11620.30729  
11589.12764  
11616.15573  
11658.95849  
11670.04371  
11667.37139  
11618.47654  
11632.78443  
11629.52588  
11613.84237  
11622.05084  
11646.58168  
11573.71365  
11570.17903  
11627.51145  
11575.05361  
11581.38602  
11631.26863  
11604.74867  
11605.9707  
11637.24118  
11603.61627  
11631.66049  
11612.09713  
11660.01743  
11652.71583  
11606.50709  
11611.41345  
11620.80235  
11591.97512  
11640.06952  
11619.86921  
11610.85228  
11598.15121  
11617.32812  
11611.47995  
11586.26052  
11616.70388  
11607.124  
11596.46913  
11610.41886  
11673.48346  
11643.7364  
11610.98581  
11639.20778  
11593.52502  
11577.72258  
11610.89652  
11610.75472  
11596.34238  
11624.56674  
11602.5997  
11626.77357  
11665.89206  
11618.93723  
11602.95772  
11652.10056  
11646.32111  
11628.43149  
11636.33033  
11601.66875  
11559.99349  
11606.7058  
11588.526  
11568.37675  
11584.6076  
11601.32282  
11604.03654  
11601.55582  
11642.25893  
11614.93676  
11588.76838  
11611.41221  
11602.66653  
11626.32234  
11667.69012  
11589.33425  
11609.60025  
11589.46518  
11609.37207  
11588.73865  
11600.23104  
11610.33869  
11611.15102  
11666.16704  
11607.69473  
11605.17217  
