11271.98952  
11296.01485  
11288.21395  
11321.99744  
11291.12694  
11308.5017  
11291.37027  
11290.54909  
11297.90887  
11282.79318  
11324.32  
11274.00654  
11279.14222  
11327.88655  
11306.04278  
11309.18414  
11279.30046  
11325.60293  
11286.91335  
11277.745  
11273.29939  
11306.39649  
11276.00794  
11250.81018  
11289.80004  
11272.43789  
11241.12896  
11290.31593  
11268.80807  
11229.2195  
11280.29874  
11283.58559  
11280.36127  
11242.65312  
11283.40789  
11269.68358  
11283.45109  
11267.40405  
11293.87426  
11319.30529  
11300.04895  
11291.04878  
11337.03017  
11254.84809  
11187.20684  
11234.09846  
11400.24356  
11287.91492  
11293.99696  
11330.46151  
11263.70646  
11270.00427  
11275.95799  
11247.65945  
11273.14836  
11292.01897  
11281.66619  
11322.96135  
11278.42297  
11286.91851  
11335.3985  
11304.435  
11292.80363  
11306.78139  
11302.89191  
11281.3128  
11285.30837  
11299.92815  
11273.27626  
11266.25304  
11307.92134  
11288.37258  
11278.82  
11301.72696  
11279.98347  
11298.60007  
11321.43229  
11341.93979  
11332.9107  
11292.73365  
11325.61902  
11314.50725  
11293.58325  
11309.02376  
11329.98914  
11254.97862  
11270.57886  
11321.83515  
11262.66051  
11281.85971  
11304.89213  
11276.28012  
11289.66523  
11305.31491  
11296.09137  
11313.86066  
11297.61748  
11351.42438  
11328.92817  
11300.39743  
11291.96562  
11299.01701  
11267.85186  
11304.68321  
11287.77934  
11294.3544  
11291.40043  
11298.28345  
11284.66534  
11271.18063  
11299.52916  
11281.16131  
11279.95951  
11294.59657  
11331.05904  
11310.50381  
11304.41034  
11325.02742  
11281.03809  
11262.04813  
11279.08515  
11294.83969  
11282.156  
11290.34324  
11288.59494  
11317.20448  
11337.71375  
11302.76282  
11289.39234  
11339.83005  
11308.70671  
11289.41209  
11300.63528  
11280.50557  
11250.00341  
11295.80427  
11255.35723  
11250.70639  
11279.40639  
11282.66668  
11287.05106  
11283.80768  
11323.70981  
11292.0099  
11278.62245  
11290.81861  
11269.87746  
11318.3143  
11339.53278  
11273.2282  
11287.99211  
11282.47067  
11291.33874  
11266.13131  
11273.09259  
11291.61239  
11291.29241  
11332.64682  
11291.63869  
11287.679  
