11662.41102  
11689.53634  
11673.1811  
11726.09534  
11648.76266  
11687.98573  
11653.73495  
11671.71946  
11675.48625  
11667.254  
11708.83098  
11639.82137  
11646.27671  
11697.19552  
11676.41333  
11705.1804  
11656.3252  
11711.00115  
11689.85876  
11691.56045  
11657.66655  
11675.69818  
11668.91448  
11619.58144  
11698.24399  
11647.4295  
11621.03334  
11676.18863  
11663.7708  
11631.59157  
11642.59304  
11657.24052  
11646.69058  
11631.87282  
11659.73916  
11638.86269  
11659.77997  
11625.10484  
11636.87508  
11704.89595  
11672.32257  
11655.80344  
11699.26909  
11605.71999  
11569.44773  
11657.50209  
11846.01023  
11727.76603  
11752.24029  
11756.94443  
11683.8025  
11645.23704  
11645.44166  
11624.29209  
11659.38733  
11668.47179  
11664.58211  
11732.55741  
11667.76614  
11673.28847  
11750.35294  
11679.7935  
11683.3578  
11692.6799  
11707.27619  
11674.35939  
11647.17157  
11723.15638  
11642.82663  
11654.25643  
11709.61943  
11648.46073  
11658.65361  
11683.36179  
11650.44401  
11679.5359  
11721.24774  
11750.93199  
11753.74196  
11698.64903  
11692.41491  
11690.68308  
11694.79695  
11673.32066  
11678.4493  
11609.95188  
11635.04615  
11651.48365  
11577.85671  
11604.09928  
11690.61353  
11655.96687  
11671.17817  
11734.70764  
11663.81059  
11755.18246  
11736.02786  
11766.5827  
11739.61851  
11690.0702  
11736.45075  
11711.08565  
11681.88946  
11732.90621  
11670.78623  
11680.03795  
11649.1811  
11702.63442  
11655.35499  
11654.02587  
11691.5431  
11655.04889  
11635.7383  
11635.14907  
11707.60687  
11698.95531  
11677.21126  
11682.86273  
11603.48064  
11635.97957  
11651.68511  
11645.22275  
11637.44998  
11665.76124  
11649.79967  
11687.7046  
11682.13955  
11667.0873  
11675.06338  
11715.32625  
11679.5199  
11698.58253  
11726.79398  
11679.6249  
11638.86297  
11674.11954  
11639.78288  
11650.53941  
11640.63354  
11649.19049  
11638.2585  
11646.05375  
11685.98847  
11669.35507  
11678.76107  
11674.99071  
11642.10817  
11708.73472  
11715.95157  
11662.41517  
11677.65259  
11667.18306  
11692.78902  
11639.93009  
11686.55346  
11662.84339  
11689.28228  
11709.594  
11644.22269  
11684.48091  
