12263.33208  
12211.12282  
12259.53028  
12258.77112  
12252.51908  
12194.5397  
12186.53091  
12189.83763  
12121.61177  
12075.68446  
12141.40711  
12143.90576  
12114.83591  
12212.31404  
12263.4471  
12269.88053  
12281.7996  
12307.75586  
12241.30922  
12192.95209  
12213.28398  
12316.7026  
12321.58109  
12216.0618  
12120.16299  
12217.75323  
12284.58975  
12328.24443  
12309.68799  
12273.97509  
12221.30696  
12286.45988  
12305.46843  
12265.3084  
12236.32781  
12190.06747  
12188.61589  
12205.72383  
12165.6329  
12234.8278  
12259.01255  
12214.31259  
12229.95607  
12197.15094  
12085.68104  
12029.64451  
12159.6446  
12213.99048  
12306.75798  
12338.95067  
12313.59407  
12168.88345  
12017.53698  
12014.8857  
12089.14719  
12149.41011  
12213.0705  
12238.74966  
12328.71277  
12319.56406  
12362.37253  
12336.48  
12321.42007  
12229.87055  
12177.6294  
12221.3833  
12282.39351  
12271.75723  
12278.65347  
12248.85536  
12134.57933  
12092.31627  
12100.86794  
12114.82819  
12108.5491  
12103.69936  
12172.90757  
12300.36888  
12328.15909  
12372.86273  
12349.90087  
12299.79248  
12237.28654  
12251.8604  
12275.34608  
12209.52003  
12133.00878  
12177.29914  
12210.27047  
12208.58706  
12162.33578  
12160.20345  
12205.84894  
12248.37586  
12273.68403  
12270.21211  
12267.35642  
12284.30183  
12298.12746  
12279.9224  
12272.68068  
12272.77939  
12297.99741  
12275.27709  
12175.12541  
12189.42313  
12219.29794  
12145.62875  
12161.74911  
12216.85957  
12210.10229  
12084.97754  
12144.80414  
12230.09099  
12282.4777  
12351.72787  
12376.94391  
12281.48642  
12276.68652  
12224.00456  
12221.042  
12213.04522  
12214.79136  
12246.3757  
12274.97313  
12283.81755  
12315.83881  
12357.1224  
12364.77887  
12346.34805  
12352.63757  
12358.43335  
12208.25877  
12169.92819  
12170.48746  
12164.07003  
12154.03799  
12089.11754  
12176.3095  
12223.42898  
12074.81656  
12036.20526  
12198.6525  
12193.73128  
12189.4049  
12262.35218  
12327.50144  
12344.76009  
12352.79885  
12276.94738  
12111.82131  
12099.14415  
12095.84895  
12047.74613  
12156.58962  
12229.55902  
12252.10696  
12304.14731  
12324.38297  
12304.53031  
