10643.26932  
10634.20314  
10696.58306  
10689.81906  
10625.26831  
10689.71624  
10611.05605  
10649.78728  
10636.17601  
10647.85542  
10716.10064  
10652.96279  
10621.18061  
10705.48638  
10674.1792  
10683.21108  
10664.24765  
10706.29382  
10661.26406  
10670.3121  
10654.51782  
10644.12284  
10663.37429  
10609.69521  
10665.57352  
10635.47416  
10627.92372  
10627.37415  
10633.46723  
10598.22667  
10633.21638  
10634.12835  
10618.74397  
10567.81165  
10679.02202  
10618.58582  
10634.99616  
10597.79749  
10621.59909  
10690.57197  
10645.79264  
10653.517  
10693.41125  
10598.42515  
10511.74093  
10594.63388  
10843.0865  
10680.19411  
10698.14444  
10736.47988  
10651.21298  
10627.07098  
10622.46368  
10571.89078  
10620.21085  
10653.37102  
10624.70839  
10714.02499  
10665.52476  
10643.39197  
10731.32966  
10680.9296  
10661.21279  
10670.6867  
10706.90339  
10623.56349  
10635.89734  
10711.83325  
10625.7093  
10612.46069  
10717.14307  
10617.90334  
10606.61314  
10685.68825  
10652.44795  
10675.34326  
10683.11086  
10740.57547  
10711.31135  
10689.46556  
10720.13414  
10653.4627  
10669.01974  
10661.76772  
10691.2888  
10561.01629  
10563.08541  
10682.72682  
10578.50984  
10582.5072  
10699.96437  
10649.65894  
10640.60624  
10731.55054  
10659.67313  
10737.66392  
10696.59018  
10770.76582  
10718.21598  
10678.32227  
10725.25269  
10650.94291  
10618.06456  
10693.6247  
10637.06119  
10625.34314  
10661.87266  
10672.34943  
10646.81562  
10591.96369  
10615.0972  
10658.16173  
10615.3958  
10614.37437  
10696.61084  
10646.1281  
10634.07626  
10677.13292  
10585.4884  
10605.40398  
10670.71313  
10621.28854  
10617.38654  
10676.88222  
10621.76135  
10689.80479  
10690.46216  
10642.22164  
10641.98572  
10754.75769  
10656.63942  
10687.25453  
10698.72498  
10642.91136  
10613.40714  
10684.32138  
10592.12892  
10598.226  
10671.45421  
10625.3539  
10624.39076  
10605.24934  
10666.1362  
10661.79813  
10644.13309  
10651.65806  
10628.7975  
10718.13888  
10687.60946  
10619.96301  
10679.24583  
10656.84063  
10688.51397  
10579.15916  
10695.01974  
10660.8806  
10669.60442  
10713.09869  
10631.05777  
10646.1675  
