10639.15782  
10602.41461  
10645.22528  
10629.93588  
10621.30669  
10595.88913  
10581.72289  
10603.19646  
10615.82502  
10639.37969  
10593.71478  
10653.35324  
10620.17812  
10631.54171  
10621.20384  
10628.54432  
10594.99305  
10627.59602  
10593.00432  
10621.45544  
10607.93061  
10626.23879  
10631.8041  
10612.08954  
10630.57055  
10600.60173  
10594.17681  
10610.14068  
10627.35473  
10585.29111  
10584.13662  
10585.94427  
10590.38929  
10603.44632  
10612.33303  
10589.59033  
10595.10906  
10592.11263  
10606.22736  
10626.82035  
10605.43713  
10633.00556  
10631.19825  
10632.0231  
10612.68237  
10618.77327  
10585.00389  
10584.90602  
10598.85706  
10594.73636  
10595.15506  
10622.2866  
10611.78969  
10580.47501  
10615.61038  
10642.39686  
10628.8606  
10641.0651  
10631.31305  
10621.47216  
10607.96922  
10607.19232  
10570.7682  
10606.68458  
10583.36605  
10592.34226  
10584.74022  
10605.9424  
10588.41783  
10613.54462  
10598.35371  
10613.08244  
10616.69127  
10633.19133  
10598.38138  
10610.6769  
10629.96503  
10616.81571  
10622.81571  
10626.95857  
10639.1239  
10650.68038  
10629.49703  
10649.07027  
10637.57531  
10641.12739  
10639.29573  
10627.02797  
10631.0351  
10625.43169  
10621.11184  
10660.51237  
10642.16735  
10651.60962  
10614.04333  
10623.12946  
10633.77344  
10601.85364  
10603.75628  
10601.33841  
10615.52011  
10611.98981  
10591.89968  
10576.29033  
10563.61435  
10561.87393  
10577.27665  
10630.41994  
10607.29035  
10611.7744  
10604.77139  
10626.85832  
10647.68104  
10696.34741  
10680.60886  
10646.76947  
10634.854  
10626.41815  
10638.25121  
10616.77856  
10613.29143  
10596.4005  
10610.07799  
10580.35266  
10611.64777  
10599.32488  
10593.90594  
10562.14234  
10567.662  
10600.85119  
10595.98897  
10590.43951  
10620.65976  
10606.49742  
10606.27089  
10620.62495  
10627.65291  
10621.86579  
10646.83235  
10635.63644  
10634.21002  
10619.40928  
10635.21444  
10631.74475  
10652.69375  
10620.68123  
10634.28029  
10613.77751  
10598.7742  
10577.09222  
10595.35701  
10631.04525  
10628.69079  
10611.08472  
10587.6784  
10602.89054  
10619.43042  
10637.73299  
10613.23874  
10618.13136  
