10310.70505  
10303.17091  
10317.10637  
10323.41061  
10307.95236  
10279.62645  
10264.99184  
10313.00166  
10307.00131  
10337.04544  
10297.61471  
10355.59154  
10300.07621  
10337.04452  
10320.9927  
10310.66849  
10290.38121  
10324.52008  
10294.22633  
10311.89127  
10315.14163  
10310.2853  
10318.29118  
10318.0009  
10306.57265  
10276.59429  
10278.7041  
10294.03669  
10328.75803  
10282.97738  
10284.3837  
10271.74371  
10289.20919  
10298.77658  
10312.86355  
10256.08462  
10277.4833  
10278.07901  
10279.65038  
10305.52382  
10289.46223  
10329.09411  
10322.12091  
10323.83222  
10303.46396  
10310.21334  
10279.42516  
10279.0771  
10296.15687  
10278.81873  
10296.4008  
10307.98957  
10306.09159  
10283.22494  
10341.19265  
10351.86347  
10325.32872  
10317.44181  
10322.30289  
10299.48275  
10294.68945  
10305.2155  
10284.06025  
10295.26887  
10267.14635  
10286.63403  
10273.35295  
10287.55758  
10271.92496  
10291.50002  
10310.25664  
10303.53119  
10320.90555  
10313.86282  
10292.90967  
10314.14469  
10337.07135  
10335.97425  
10304.34052  
10326.92633  
10320.07817  
10341.03893  
10317.06625  
10323.43949  
10345.18285  
10326.9309  
10316.25727  
10312.78849  
10330.79991  
10302.1584  
10298.11043  
10324.36525  
10334.44423  
10371.33584  
10311.33899  
10350.91367  
10323.15679  
10304.66645  
10291.91084  
10298.20434  
10285.20032  
10294.17484  
10276.94071  
10277.36461  
10253.88256  
10267.90077  
10248.96531  
10303.77029  
10281.59472  
10301.25303  
10290.76245  
10320.43053  
10318.83699  
10398.2993  
10386.30891  
10349.88084  
10342.74559  
10302.56617  
10316.69058  
10312.6393  
10310.8272  
10297.12161  
10307.2708  
10269.22471  
10285.73792  
10271.51738  
10275.37446  
10260.74644  
10270.25569  
10295.84075  
10293.70678  
10287.92844  
10321.84007  
10289.97394  
10297.38465  
10309.61771  
10309.16257  
10317.48967  
10324.56958  
10321.64536  
10331.504  
10306.35071  
10326.74296  
10342.5681  
10338.62752  
10320.55456  
10321.75425  
10306.06427  
10298.99269  
10260.77792  
10273.63321  
10326.04026  
10322.82901  
10318.847  
10274.44802  
10307.3346  
10314.00405  
10332.34848  
10303.13913  
10281.42478  
