11612.57616  
11622.26351  
11622.53162  
11647.80431  
11611.17845  
11571.87521  
11557.03596  
11597.63608  
11590.81539  
11627.0606  
11601.69721  
11696.11667  
11602.5342  
11667.90092  
11606.50988  
11640.91969  
11589.71129  
11642.88994  
11577.43448  
11649.47751  
11628.67925  
11610.70799  
11623.00637  
11634.15256  
11641.614  
11595.86487  
11600.83347  
11583.76643  
11624.63391  
11575.05244  
11562.95427  
11536.45869  
11590.70546  
11627.94049  
11629.10688  
11550.64772  
11572.03445  
11569.12377  
11576.94077  
11629.69955  
11605.01774  
11645.36554  
11633.9325  
11617.3966  
11594.31105  
11607.87741  
11590.39259  
11567.71657  
11602.05257  
11580.5423  
11590.94994  
11617.57984  
11606.03321  
11617.54798  
11665.8521  
11646.38606  
11635.78798  
11658.60886  
11649.23044  
11591.84579  
11576.10933  
11621.78363  
11560.8344  
11608.03668  
11573.20406  
11593.58332  
11573.32895  
11606.21847  
11548.55414  
11590.60662  
11611.96921  
11613.0117  
11652.12218  
11616.73435  
11559.69562  
11612.51975  
11685.82945  
11663.89799  
11620.07205  
11636.93721  
11637.20331  
11670.37081  
11616.41062  
11668.71406  
11658.21923  
11652.51383  
11660.50029  
11632.43503  
11619.02151  
11595.36054  
11601.28237  
11613.70886  
11637.73067  
11676.25205  
11612.55494  
11679.86314  
11631.98661  
11597.28919  
11579.12034  
11591.90497  
11567.65774  
11593.96701  
11584.43735  
11542.85741  
11513.90101  
11543.94443  
11533.7638  
11564.5937  
11552.58094  
11575.24055  
11589.88239  
11635.29569  
11643.63194  
11720.65222  
11723.82252  
11664.55994  
11706.96838  
11634.41707  
11653.62568  
11634.33696  
11662.2489  
11637.8352  
11632.73473  
11567.50203  
11541.11594  
11546.30989  
11571.2724  
11554.42114  
11559.15679  
11601.58259  
11581.61505  
11595.08216  
11640.48424  
11595.56858  
11596.86048  
11632.07918  
11615.98643  
11648.3386  
11638.78227  
11640.1226  
11663.71771  
11619.59868  
11639.98954  
11664.97766  
11634.26391  
11591.34349  
11628.19968  
11609.2781  
11589.56588  
11542.29002  
11567.08576  
11606.9953  
11618.77751  
11592.64533  
11570.98141  
11647.70269  
11652.4196  
11671.64287  
11607.68646  
11576.75839  
