10072.11035  
10044.66669  
10066.12277  
10076.91886  
10077.04725  
10022.62638  
10014.30711  
10049.67788  
10059.37507  
10055.42161  
10021.65716  
10075.56007  
10032.67158  
10074.77824  
10033.28236  
10069.74946  
9996.217341  
10030.49699  
10016.85068  
10043.19241  
10020.37355  
10030.94759  
10032.84051  
10031.61074  
10068.39864  
10039.68318  
10025.87415  
10070.13247  
10083.018  
10009.30658  
10022.4871  
10016.25911  
10047.74355  
10050.64232  
10043.07174  
10004.56748  
10048.12398  
10059.04005  
10081.18034  
10041.53755  
10044.97617  
10069.08771  
10089.6686  
10092.08914  
10071.45821  
10030.78795  
10013.08374  
9995.423678  
9998.284621  
10019.35563  
10002.51919  
10039.23911  
10041.23591  
10042.37219  
10017.21419  
10072.02374  
10045.24306  
10065.52214  
10062.62124  
10030.19951  
10035.24832  
10025.46671  
10011.45053  
10040.14289  
10032.41708  
10038.34986  
10018.50357  
10016.24258  
10034.72843  
10049.21228  
10024.10891  
10028.89367  
10075.26256  
10090.02515  
10037.99127  
10043.87148  
10049.94589  
10028.79395  
10044.26759  
10068.63637  
10097.21159  
10107.876  
10054.55778  
10087.14455  
10069.85034  
10061.99573  
10080.48596  
10054.44336  
10072.80285  
10044.37147  
10058.87043  
10083.05202  
10077.94221  
10078.83114  
10062.81534  
10086.8018  
10034.5172  
10038.36508  
10021.99693  
10018.64943  
10033.9209  
10013.84043  
10014.93555  
10009.72382  
9998.641395  
9988.108746  
10011.93278  
10046.83145  
10038.80099  
10046.02924  
10045.11163  
10048.35354  
10067.2818  
10119.16237  
10100.33218  
10075.17233  
10028.91921  
10049.91946  
10032.76919  
10031.43316  
10032.90439  
10018.55242  
10012.4739  
10009.2933  
10040.35636  
10024.34567  
10013.20268  
10007.46204  
10031.46633  
10089.9123  
10025.69504  
10022.60842  
10075.5664  
10041.32699  
10035.46528  
10047.81876  
10054.79704  
10048.19337  
10085.20873  
10073.79537  
10075.75904  
10042.3258  
10063.81321  
10090.34692  
10107.75213  
10038.27474  
10083.95719  
10071.13667  
10039.94371  
10027.26456  
10052.16159  
10052.83699  
10052.29054  
10032.86394  
10010.11353  
10041.40638  
10012.07602  
10050.86398  
10012.49774  
10025.99506  
