10527.67646  
10510.87563  
10531.66443  
10526.98011  
10513.81173  
10486.78026  
10474.60903  
10512.28772  
10515.36658  
10535.41783  
10502.2278  
10546.20119  
10504.84198  
10530.29698  
10517.69842  
10516.25225  
10492.46606  
10528.68312  
10495.30355  
10521.49077  
10508.6738  
10518.19575  
10527.38167  
10517.43712  
10515.33549  
10488.61452  
10486.98433  
10502.09502  
10529.74816  
10481.09498  
10491.75882  
10489.15698  
10492.63885  
10504.08067  
10516.0478  
10473.759  
10491.92455  
10488.62313  
10504.29049  
10519.40238  
10497.76818  
10529.97061  
10525.77843  
10532.33147  
10510.81449  
10508.94436  
10478.37501  
10481.38184  
10490.97277  
10489.06679  
10493.20366  
10513.45781  
10514.36135  
10484.76534  
10527.19685  
10543.98418  
10528.78401  
10529.59318  
10523.63766  
10513.08861  
10498.47405  
10501.89596  
10479.8656  
10507.90699  
10480.7554  
10488.75877  
10483.22294  
10499.19756  
10482.73207  
10507.01744  
10509.80167  
10510.87221  
10521.14308  
10529.44464  
10501.44207  
10521.52427  
10529.26029  
10525.18674  
10522.36929  
10529.77387  
10536.06727  
10547.19692  
10527.1395  
10527.89683  
10532.57681  
10531.48314  
10526.97164  
10516.69168  
10526.96953  
10512.67102  
10511.38049  
10550.3691  
10542.34192  
10559.00342  
10510.39862  
10529.94437  
10522.63751  
10499.52162  
10491.53151  
10489.58436  
10506.07138  
10499.01419  
10484.64673  
10482.57623  
10464.85596  
10469.19097  
10468.05801  
10515.9036  
10504.4653  
10508.17182  
10499.73032  
10516.01202  
10531.68732  
10602.42748  
10577.66848  
10550.90229  
10532.16726  
10515.04669  
10515.66623  
10511.21589  
10514.52646  
10494.4452  
10502.1331  
10476.41709  
10502.13043  
10490.03597  
10487.85098  
10467.40608  
10472.47041  
10502.17359  
10495.24028  
10493.37406  
10520.12408  
10504.4527  
10512.03473  
10518.88884  
10514.12175  
10523.46975  
10535.48629  
10538.55248  
10524.10439  
10511.47081  
10521.31637  
10534.45942  
10549.99387  
10525.18736  
10531.84681  
10505.39457  
10498.18785  
10474.07404  
10486.24333  
10527.84758  
10531.37767  
10523.61346  
10488.28886  
10498.90843  
10512.93828  
10526.97662  
10510.35029  
10498.11846  
