10420.56691  
10422.9264  
10422.55696  
10428.06182  
10410.53226  
10381.95017  
10371.69572  
10424.94404  
10418.84769  
10435.5329  
10414.32854  
10443.25119  
10394.02882  
10433.02263  
10418.25203  
10408.36378  
10393.95974  
10433.64915  
10401.43419  
10425.44629  
10413.30941  
10414.3897  
10427.05425  
10426.49656  
10404.61946  
10381.01897  
10383.99548  
10398.28644  
10435.96931  
10380.98497  
10403.00369  
10396.16527  
10398.72176  
10408.61172  
10423.53846  
10362.47007  
10392.78649  
10389.19203  
10406.35115  
10416.19688  
10394.32155  
10430.97624  
10424.49272  
10436.54933  
10412.94143  
10403.42246  
10375.92767  
10381.91742  
10387.31924  
10387.54113  
10395.25034  
10408.89681  
10420.75373  
10392.80899  
10442.25051  
10449.43083  
10432.63199  
10422.4927  
10420.18483  
10408.9554  
10393.27282  
10400.72886  
10392.5278  
10413.00304  
10382.1687  
10389.23739  
10385.68672  
10396.6388  
10381.19084  
10404.66779  
10424.72225  
10412.67022  
10429.34187  
10429.76645  
10408.30429  
10435.86783  
10432.50476  
10437.15106  
10425.86195  
10436.40033  
10437.05206  
10447.77164  
10428.79598  
10411.47528  
10431.69589  
10426.13867  
10419.05242  
10410.6823  
10426.98497  
10404.33233  
10405.95233  
10444.54517  
10446.43122  
10470.02884  
10410.81842  
10440.41359  
10415.85985  
10401.20263  
10383.70771  
10382.21281  
10400.91476  
10390.46899  
10381.59977  
10392.5372  
10369.97044  
10380.14263  
10363.12246  
10405.8781  
10405.67261  
10408.63208  
10398.80851  
10409.51263  
10420.24238  
10512.19069  
10478.76497  
10458.79462  
10433.50744  
10408.04274  
10397.88851  
10409.79293  
10419.63461  
10396.48815  
10398.42134  
10376.55744  
10396.9079  
10385.0329  
10385.95504  
10376.38498  
10381.01181  
10407.3657  
10398.44252  
10400.11509  
10423.53097  
10406.40973  
10421.49411  
10421.14238  
10405.04279  
10428.93238  
10428.50675  
10445.27574  
10418.31663  
10407.76521  
10411.88489  
10440.98921  
10451.32143  
10433.43835  
10433.43033  
10401.26194  
10401.54606  
10375.09579  
10381.40861  
10428.69687  
10437.88074  
10439.57245  
10392.79694  
10399.00406  
10410.6223  
10420.56364  
10411.49668  
10382.81195  
