12419.78284  
12433.35283  
12404.45061  
12407.16873  
12395.34067  
12373.76032  
12327.43652  
12325.39903  
12329.79105  
12348.61721  
12349.97955  
12310.4356  
12361.43668  
12380.96139  
12388.50603  
12387.60408  
12400.98204  
12380.96299  
12399.31735  
12415.1068  
12337.80859  
12359.96608  
12380.3118  
12402.89142  
12416.81623  
12358.71582  
12348.7192  
12363.42305  
12347.4754  
12420.61164  
12435.71217  
12393.42111  
12380.66225  
12385.22787  
12418.61534  
12416.68689  
12399.08914  
12377.01203  
12447.63452  
12559.96279  
12518.85632  
12460.05597  
12409.18479  
12370.62123  
12368.32928  
12374.39727  
12310.73815  
12288.32693  
12316.29638  
12307.32056  
12308.15653  
12381.09164  
12398.91069  
12391.62895  
12347.44478  
12284.79227  
12295.60848  
12315.58625  
12327.05663  
12325.90432  
12337.08257  
12381.6854  
12403.47617  
12407.96693  
12456.40816  
12456.35889  
12411.66469  
12372.83843  
12362.82489  
12292.02925  
12228.04165  
12272.1779  
12282.58649  
12273.63664  
12286.70634  
12280.72037  
12309.01168  
12297.58688  
12307.97443  
12368.68393  
12410.79499  
12422.65585  
12430.42219  
12457.97441  
12477.74761  
12440.09949  
12475.17226  
12494.36812  
12463.24529  
12439.42656  
12428.76272  
12409.65537  
12359.08779  
12298.03166  
12382.76839  
12460.30722  
12497.37489  
12403.40564  
12388.01438  
12394.98376  
12341.06056  
12337.09692  
12342.39642  
12370.16162  
12385.32104  
12391.71531  
12364.64147  
12382.5889  
12396.21562  
12415.42653  
12471.62175  
12426.43361  
12425.72119  
12438.87991  
12382.29408  
12341.31867  
12347.07025  
12302.09902  
12324.02972  
12278.23769  
12331.17467  
12365.22123  
12394.76406  
12439.14092  
12410.71928  
12363.54847  
12346.97434  
12332.2929  
12302.98737  
12306.36361  
12370.17746  
12404.95009  
12421.24008  
12413.00916  
12369.10066  
12392.81163  
12415.74177  
12423.15352  
12414.70473  
12425.19144  
12369.52373  
12377.91978  
12403.8984  
12418.09686  
12438.65765  
12399.56639  
12340.17603  
12352.79869  
12337.23957  
12297.45402  
12333.16257  
12433.0354  
12387.27465  
12365.02834  
12380.82771  
12399.20429  
12381.43457  
12386.56384  
12343.94729  
12395.93745  
