11574.54787  
11686.54691  
11650.26318  
11634.03188  
11669.8034  
11700.81862  
11655.60064  
11663.87041  
11696.32931  
11668.78024  
11617.57164  
11615.82408  
11632.78346  
11723.4103  
11757.67977  
11703.82657  
11692.91385  
11729.04027  
11680.62249  
11729.72084  
11727.53782  
11643.45761  
11731.52862  
11689.95769  
11671.73124  
11697.91708  
11596.06044  
11664.57886  
11700.79361  
11650.83826  
11729.97367  
11700.91992  
11697.57152  
11741.08196  
11676.48045  
11666.04006  
11694.43403  
11709.9703  
11772.03936  
11804.88935  
11787.85852  
11720.54912  
11673.18413  
11694.69073  
11619.01079  
11640.29281  
11635.88717  
11632.95368  
11696.85174  
11663.4202  
11561.83629  
11573.91586  
11735.79803  
11688.15039  
11686.32106  
11708.16793  
11564.73239  
11600.99559  
11661.80657  
11618.84509  
11657.78725  
11651.45769  
11608.05465  
11655.91778  
11693.1505  
11822.44151  
11725.99043  
11707.33613  
11679.01407  
11518.45309  
11553.96983  
11593.20855  
11567.6799  
11583.17003  
11597.84841  
11552.44292  
11545.98734  
11609.48068  
11659.6773  
11637.45546  
11566.41185  
11603.60896  
11714.84776  
11646.49473  
11661.57181  
11813.04299  
11725.77928  
11673.61522  
11670.01116  
11734.69657  
11731.11577  
11727.60355  
11717.88032  
11819.08203  
11703.51604  
11754.54977  
11723.85477  
11650.28148  
11699.71158  
11740.86616  
11669.54449  
11692.98237  
11610.19167  
11632.15953  
11632.85182  
11684.81391  
11654.66957  
11678.40625  
11676.35971  
11695.03796  
11758.10022  
11704.68452  
11675.10432  
11661.53978  
11636.7617  
11715.69864  
11771.42029  
11659.08592  
11623.78198  
11720.29728  
11692.36065  
11649.145  
11642.82178  
11661.21001  
11645.75935  
11666.45612  
11731.91563  
11638.60261  
11616.00056  
11629.62483  
11638.66818  
11692.96476  
11764.89746  
11704.81503  
11672.7937  
11678.99276  
11692.30573  
11657.53687  
11718.85568  
11753.70171  
11703.98261  
11696.46887  
11642.76683  
11602.19885  
11630.15189  
11677.93635  
11660.68624  
11559.22123  
11660.94291  
11578.39118  
11629.82949  
11652.09717  
11770.17126  
11676.25984  
11757.5385  
11723.99878  
11700.34117  
11664.84415  
11642.06063  
11727.40993  
