11687.64435  
11673.75918  
11719.63531  
11734.53489  
11736.51261  
11742.23171  
11762.07383  
11724.18428  
11726.90108  
11739.84096  
11686.43669  
11720.72116  
11753.22715  
11757.87272  
11783.8014  
11766.13955  
11743.64315  
11751.33773  
11785.54704  
11757.73777  
11750.32984  
11754.99617  
11745.30937  
11761.40628  
11755.87761  
11743.42311  
11741.19044  
11705.8491  
11740.3234  
11758.98646  
11748.33763  
11743.31223  
11760.15817  
11700.93371  
11723.23533  
11750.60645  
11726.90804  
11724.69059  
11756.4358  
11816.77351  
11784.38206  
11770.54455  
11699.92936  
11710.50479  
11724.35348  
11696.3796  
11711.50127  
11721.27492  
11710.68842  
11694.48099  
11685.19758  
11714.51101  
11727.12824  
11738.63347  
11714.3089  
11758.74392  
11717.00242  
11696.59601  
11720.28713  
11737.55559  
11724.58194  
11739.00396  
11743.57054  
11736.65392  
11787.85172  
11782.4577  
11811.6049  
11759.74828  
11725.05589  
11646.38438  
11637.81707  
11659.92575  
11700.47856  
11687.56422  
11691.56178  
11694.76364  
11691.9384  
11734.47174  
11699.66122  
11735.20831  
11709.57993  
11740.92538  
11744.50056  
11769.86741  
11789.80161  
11810.68449  
11777.48546  
11749.13266  
11736.0154  
11716.1734  
11748.87192  
11722.62911  
11718.6339  
11708.23917  
11719.67337  
11728.78561  
11787.76609  
11757.66269  
11747.04694  
11715.3649  
11746.61717  
11758.30663  
11730.39529  
11699.16124  
11720.90339  
11732.12051  
11777.63436  
11770.69988  
11756.82489  
11771.70267  
11747.17959  
11749.75101  
11743.85086  
11732.62468  
11714.65659  
11758.07534  
11760.76914  
11716.27964  
11703.36134  
11694.18426  
11718.06211  
11734.60604  
11734.89108  
11772.86304  
11761.54065  
11729.88788  
11772.61066  
11729.8332  
11690.65201  
11695.62639  
11737.56825  
11731.1859  
11739.78329  
11726.87941  
11760.62225  
11745.17103  
11755.73252  
11744.13976  
11753.6847  
11711.05201  
11745.20365  
11783.1049  
11788.56965  
11755.94616  
11729.08384  
11747.63261  
11744.81321  
11741.85086  
11753.97609  
11737.36622  
11689.409  
11737.44449  
11749.8893  
11739.60124  
11737.40844  
11737.38532  
11728.9584  
11702.33934  
11698.4581  
11741.69469  
