11340.10197  
11339.5377  
11384.94538  
11380.76307  
11367.53598  
11384.40261  
11380.16293  
11339.67283  
11341.48771  
11338.66612  
11322.17783  
11349.34105  
11349.36101  
11329.97697  
11332.59499  
11348.3226  
11320.67829  
11342.62755  
11365.28767  
11338.50409  
11357.94398  
11355.25146  
11355.81462  
11358.86545  
11351.15722  
11338.8955  
11368.26188  
11336.89606  
11375.185  
11370.87341  
11346.83929  
11378.05624  
11343.4035  
11322.1313  
11362.96868  
11357.55613  
11354.12171  
11350.77908  
11373.63928  
11400.02719  
11402.55694  
11390.02454  
11359.78193  
11359.82498  
11334.71631  
11348.4032  
11378.64649  
11353.79326  
11316.20599  
11315.88337  
11332.15335  
11323.63808  
11340.62231  
11362.62735  
11353.58465  
11364.02479  
11359.83413  
11343.50074  
11353.22999  
11351.86845  
11350.48073  
11357.30428  
11346.93158  
11339.29467  
11365.9452  
11377.83143  
11409.00282  
11368.36796  
11351.84638  
11305.76832  
11304.07534  
11316.98971  
11374.4834  
11351.17532  
11337.89841  
11370.584  
11343.3583  
11319.84796  
11319.66792  
11353.03266  
11360.33301  
11330.24171  
11331.89821  
11357.93745  
11393.77167  
11382.29847  
11372.42024  
11342.22058  
11342.47301  
11346.7138  
11351.14099  
11392.22311  
11361.33209  
11364.85352  
11360.19137  
11349.35122  
11396.93727  
11390.34113  
11368.66736  
11390.51248  
11370.04336  
11366.58509  
11327.65566  
11342.1426  
11365.22438  
11362.11882  
11368.56392  
11370.72733  
11383.207  
11353.69906  
11359.11085  
11375.53946  
11357.71866  
11365.98206  
11383.64638  
11372.48376  
11397.34573  
11331.97647  
11331.38154  
11285.57786  
11296.76659  
11331.90896  
11324.64225  
11371.607  
11337.0862  
11370.73406  
11337.2469  
11349.07803  
11324.47589  
11300.6968  
11340.36682  
11335.12931  
11348.85939  
11364.00945  
11360.65277  
11358.05331  
11359.00613  
11393.08512  
11346.65883  
11379.5109  
11343.24346  
11396.79138  
11353.49459  
11319.78118  
11344.50463  
11322.31134  
11334.68188  
11336.2085  
11329.47553  
11334.63017  
11351.06765  
11371.36403  
11360.20587  
11391.41041  
11381.836  
11379.59494  
11361.89154  
11336.75518  
11342.85524  
11349.01251  
