11190.80824  
11224.72956  
11231.92306  
11222.68895  
11227.95601  
11262.57748  
11239.62806  
11231.16643  
11246.87984  
11216.9675  
11197.19035  
11214.63882  
11222.06711  
11252.98742  
11280.10181  
11239.44679  
11220.07163  
11260.70977  
11229.29364  
11242.3412  
11260.58139  
11234.70484  
11248.26846  
11244.4202  
11225.41404  
11235.3588  
11203.23837  
11213.75536  
11262.30757  
11258.53383  
11299.9999  
11274.4667  
11242.308  
11247.95862  
11233.85512  
11222.232  
11224.66845  
11258.50671  
11292.03704  
11313.4056  
11293.23975  
11250.55011  
11214.53685  
11238.99383  
11203.13216  
11206.88584  
11244.97823  
11241.23818  
11248.91095  
11255.27174  
11217.90163  
11203.36645  
11273.47041  
11245.15226  
11225.82333  
11231.02437  
11201.10373  
11197.4946  
11219.51051  
11195.4079  
11217.93878  
11210.32475  
11205.28779  
11225.66028  
11262.77525  
11280.68202  
11281.10355  
11237.16511  
11201.50691  
11157.01563  
11179.20443  
11234.0173  
11228.39618  
11198.62804  
11189.82807  
11188.17007  
11174.55897  
11190.44914  
11213.79957  
11206.57857  
11175.21781  
11196.92536  
11232.27331  
11243.19086  
11257.30582  
11289.26143  
11267.37113  
11225.90631  
11212.14459  
11242.82098  
11268.69541  
11256.55262  
11255.37292  
11310.44639  
11284.18197  
11285.88417  
11262.43698  
11229.21908  
11229.49658  
11244.12282  
11224.6538  
11217.1795  
11191.31103  
11190.30773  
11221.48763  
11233.28359  
11245.70666  
11263.94408  
11240.67902  
11243.24831  
11280.33483  
11251.39573  
11227.93849  
11220.27528  
11230.17788  
11278.99616  
11307.27454  
11245.03149  
11234.14173  
11230.47115  
11231.06391  
11220.90165  
11211.82025  
11240.26817  
11239.69614  
11225.9388  
11270.27546  
11228.37408  
11196.10054  
11190.53428  
11204.4023  
11215.02727  
11264.68504  
11268.76762  
11254.49179  
11239.51646  
11239.33126  
11221.23312  
11238.1249  
11269.00672  
11255.02228  
11256.17337  
11212.99207  
11195.34574  
11198.99758  
11262.24621  
11213.14361  
11184.3092  
11203.8247  
11176.65275  
11207.18689  
11221.36824  
11276.87778  
11265.95061  
11271.48514  
11264.32821  
11268.0522  
11220.06534  
11225.14951  
11263.57119  
