11088.62549  
11130.02011  
11138.2951  
11142.54465  
11138.95752  
11164.20424  
11146.60071  
11147.41245  
11155.09648  
11122.22944  
11106.92162  
11115.9005  
11128.03513  
11177.6905  
11191.03568  
11141.48756  
11138.37455  
11174.7246  
11137.44917  
11156.21473  
11165.95868  
11141.23317  
11161.8247  
11150.91086  
11125.28199  
11136.1891  
11095.79889  
11113.75467  
11161.62203  
11174.83303  
11219.31797  
11176.27469  
11152.32494  
11165.73657  
11134.69424  
11125.00774  
11146.70285  
11179.3907  
11195.99219  
11218.38413  
11210.02036  
11168.96927  
11117.95734  
11141.92838  
11110.98714  
11113.9384  
11148.47228  
11146.05241  
11144.00348  
11152.90122  
11109.84164  
11107.61161  
11167.51595  
11146.03692  
11140.38719  
11136.76599  
11105.29133  
11110.98592  
11122.20657  
11104.08657  
11115.01079  
11115.96524  
11111.31398  
11139.93405  
11173.49406  
11197.7693  
11186.56522  
11142.26154  
11092.50091  
11054.07844  
11088.31551  
11142.32686  
11115.57061  
11103.89555  
11083.1185  
11086.40821  
11081.10281  
11111.07279  
11127.46027  
11112.6573  
11080.55344  
11113.63263  
11131.98716  
11146.89432  
11172.75504  
11206.8196  
11180.40049  
11134.65305  
11128.54621  
11168.3122  
11174.73556  
11164.75279  
11184.51583  
11212.36622  
11179.39264  
11184.74435  
11169.73239  
11130.39371  
11135.17534  
11164.70694  
11130.66535  
11136.52021  
11096.38035  
11106.96298  
11133.71783  
11136.134  
11152.30016  
11175.23193  
11148.91144  
11141.23342  
11187.94329  
11164.81487  
11136.60679  
11119.22674  
11140.26549  
11195.5948  
11225.97299  
11139.38449  
11140.23726  
11140.44926  
11131.75278  
11119.09092  
11100.14019  
11138.00538  
11143.44917  
11140.31925  
11178.65713  
11134.53353  
11101.29137  
11099.94942  
11124.53236  
11128.24695  
11183.65659  
11182.84416  
11148.17328  
11151.05  
11158.41077  
11131.35177  
11145.95244  
11179.39168  
11143.66679  
11164.89837  
11120.18526  
11091.82982  
11093.15499  
11176.29627  
11140.10828  
11093.20461  
11124.36632  
11077.80485  
11118.27253  
11124.91008  
11193.6521  
11187.55994  
11184.06588  
11166.59321  
11170.5806  
11128.74955  
11123.26974  
11171.81431  
