11549.73821  
11623.21192  
11592.29022  
11581.61442  
11600.94413  
11651.20772  
11588.94989  
11601.14041  
11638.04773  
11597.17313  
11561.48531  
11556.66179  
11585.87978  
11649.60218  
11676.52731  
11648.05686  
11612.78419  
11643.26533  
11622.07662  
11638.34316  
11648.92799  
11587.38848  
11651.84738  
11623.08615  
11625.48115  
11633.85771  
11563.72104  
11597.30111  
11627.81851  
11593.93406  
11672.13911  
11623.55629  
11624.34617  
11665.51673  
11628.08505  
11605.53335  
11619.56503  
11649.33244  
11676.35137  
11727.7385  
11724.61384  
11660.52385  
11594.42378  
11641.60702  
11587.68473  
11566.29063  
11580.16037  
11576.9733  
11617.60799  
11602.80308  
11543.21578  
11541.91621  
11671.50474  
11635.01647  
11612.96656  
11632.43633  
11510.83025  
11538.72661  
11597.17508  
11562.08571  
11581.0612  
11595.44831  
11560.50834  
11583.39116  
11644.11893  
11693.07611  
11664.96424  
11647.02035  
11610.99032  
11492.14096  
11517.5979  
11540.42188  
11531.90871  
11549.7854  
11550.69507  
11540.00811  
11510.01143  
11545.12618  
11601.43916  
11590.77997  
11516.90896  
11556.28314  
11635.81174  
11600.41442  
11619.25796  
11714.86983  
11651.34829  
11625.09011  
11608.67483  
11671.78845  
11659.47613  
11657.22317  
11656.87231  
11724.04633  
11644.72307  
11674.63682  
11652.59055  
11585.75928  
11633.39808  
11664.98722  
11609.24769  
11612.4902  
11564.22306  
11574.21531  
11575.82962  
11630.75822  
11599.93701  
11611.55783  
11606.27926  
11639.84102  
11676.00444  
11641.9583  
11613.60442  
11602.05938  
11579.70189  
11642.42905  
11686.36467  
11608.94549  
11594.63863  
11653.04081  
11630.16836  
11591.6759  
11600.59681  
11604.97544  
11592.91203  
11592.50715  
11661.02786  
11588.36891  
11563.26734  
11562.37382  
11575.15198  
11604.96975  
11659.0561  
11621.35053  
11617.8379  
11616.94992  
11621.96656  
11622.23422  
11631.49067  
11655.51062  
11647.45421  
11628.11653  
11599.48942  
11559.96133  
11575.21396  
11621.82893  
11610.06366  
11530.29654  
11606.49763  
11534.56176  
11558.56768  
11586.05258  
11688.88223  
11603.58975  
11685.56066  
11669.07986  
11638.95759  
11598.05675  
11584.29422  
11656.30707  
