11035.92805  
11048.13303  
11045.78284  
11082.41085  
11091.02742  
11066.73675  
11014.0525  
11058.75494  
11019.57687  
10991.26826  
11068.26935  
11010.90637  
11020.02318  
11084.83404  
11086.66912  
11106.68718  
11113.02527  
11064.03492  
11083.49368  
11142.80082  
11120.76594  
11102.65579  
11085.45831  
11098.44314  
11084.62913  
11085.19161  
11066.31148  
11107.19206  
11122.68433  
11085.76188  
11128.54404  
11100.45207  
11052.50851  
11056.97497  
11060.15765  
11003.34152  
11118.30961  
11086.06142  
11017.56627  
11098.60698  
11132.34628  
11071.63724  
11011.58845  
11037.65095  
11043.05214  
11056.58596  
11130.80453  
11107.90252  
11063.55417  
11055.33865  
11048.77388  
11059.45069  
11023.5408  
11060.80435  
11099.02469  
11115.87125  
11073.70378  
11087.65806  
11054.89802  
11044.37422  
11034.72862  
11028.26702  
11017.25757  
11071.48874  
11103.9612  
11061.38973  
11002.37749  
11092.92684  
11073.03858  
11060.71624  
11115.45879  
11104.98679  
11039.84853  
11058.61777  
11069.31776  
11021.28653  
11020.20767  
11103.12243  
11099.79014  
11041.85519  
11079.55851  
11098.84861  
11155.37695  
11140.76578  
11078.06256  
11089.45869  
11120.21034  
11105.61944  
11096.06786  
11082.4545  
11058.39629  
11062.11474  
11079.81397  
11042.00674  
11138.46187  
11129.10204  
11123.66586  
11072.23091  
11006.14487  
11086.80885  
11048.25638  
11028.60684  
10962.39162  
10828.00773  
10818.18628  
10886.65179  
10963.18921  
10993.62994  
10941.93632  
11025.98896  
11039.11525  
11054.15687  
11084.7398  
11096.69996  
11066.90824  
11066.37887  
11068.37008  
11086.14529  
11062.9708  
11077.05389  
11117.60356  
11077.21401  
11058.93591  
11083.06682  
11087.65212  
11091.54151  
11081.62301  
11107.79735  
11086.20877  
11123.83028  
11179.92014  
11094.17343  
11078.75375  
11101.84046  
11074.85898  
11066.50169  
11061.88636  
11062.31888  
11085.08289  
11094.99177  
11053.27647  
11123.31007  
11134.31453  
11084.61498  
11075.96472  
11038.32679  
10948.92931  
11021.63987  
11029.93439  
11051.36617  
11051.13094  
11074.83606  
11095.8987  
11054.42795  
11093.71638  
11056.41299  
11025.98583  
11054.87454  
11052.97122  
11073.62107  
