11215.1043  
11198.92292  
11201.08768  
11204.24213  
11240.84075  
11227.90971  
11220.88057  
11208.01208  
11227.93589  
11189.32137  
11212.97355  
11185.80458  
11190.71002  
11205.50034  
11207.40617  
11220.26552  
11220.36907  
11203.52106  
11204.13657  
11235.74351  
11215.62278  
11199.16613  
11200.50414  
11210.70413  
11199.29563  
11215.28511  
11219.39883  
11219.87118  
11240.61283  
11246.67186  
11243.52415  
11239.95401  
11188.15352  
11206.91135  
11235.09791  
11209.40906  
11261.36143  
11224.01023  
11200.17266  
11247.12954  
11246.41281  
11233.85827  
11194.2286  
11203.44895  
11195.02029  
11201.06005  
11229.12787  
11241.304  
11214.0813  
11220.00846  
11201.99657  
11197.74176  
11185.01855  
11225.09926  
11218.8886  
11236.2665  
11217.13503  
11220.25994  
11213.2334  
11214.60495  
11198.75974  
11201.19741  
11188.09552  
11212.18121  
11234.70965  
11223.72262  
11172.77724  
11239.25493  
11211.86449  
11189.19939  
11228.65026  
11240.29316  
11207.67438  
11184.31191  
11218.96108  
11182.69137  
11184.40348  
11194.0089  
11243.92819  
11233.42879  
11211.35746  
11242.00012  
11253.91135  
11225.46841  
11213.12534  
11231.69937  
11240.52083  
11249.76203  
11225.88474  
11225.87925  
11225.28942  
11218.14214  
11231.147  
11226.68605  
11279.64789  
11260.58156  
11252.28632  
11226.22989  
11195.19375  
11256.39295  
11235.90625  
11172.02506  
11149.71784  
11091.8792  
11075.54283  
11105.61612  
11135.32319  
11155.86523  
11149.16768  
11171.20216  
11185.79807  
11176.29823  
11196.72937  
11220.86294  
11223.34096  
11217.81925  
11223.68761  
11200.61522  
11217.96911  
11201.47115  
11212.75754  
11213.26063  
11212.4168  
11209.35027  
11211.91733  
11217.27316  
11223.14753  
11224.82626  
11223.13956  
11241.34084  
11261.33523  
11235.30067  
11216.84708  
11234.70868  
11226.06239  
11208.66585  
11197.39162  
11228.58948  
11231.87221  
11237.0156  
11230.54187  
11245.32843  
11235.93475  
11212.6957  
11234.95177  
11217.60627  
11189.77026  
11178.53409  
11182.65122  
11181.92483  
11179.03233  
11214.51963  
11213.8437  
11202.5636  
11209.57662  
11210.14161  
11190.14439  
11223.17057  
11219.92865  
11221.65773  
