11725.80978  
11771.85662  
11763.85203  
11783.31193  
11797.531  
11724.58772  
11735.56885  
11737.91788  
11781.43752  
11707.97601  
11743.01607  
11734.17773  
11726.14368  
11733.52711  
11701.14029  
11746.74427  
11730.05133  
11661.42803  
11720.9503  
11781.45132  
11754.67706  
11742.22028  
11754.00132  
11775.18784  
11759.64916  
11745.05475  
11749.90614  
11761.33341  
11759.15014  
11743.76599  
11797.68192  
11741.06159  
11720.62254  
11759.16476  
11805.83401  
11709.66973  
11817.69928  
11786.10209  
11706.52894  
11830.14661  
11791.7252  
11780.73826  
11695.37922  
11736.57165  
11709.34541  
11669.57609  
11752.87761  
11761.85687  
11740.271  
11753.20389  
11735.09118  
11721.3453  
11703.33483  
11755.98505  
11722.41126  
11724.97559  
11742.46631  
11791.11731  
11795.77686  
11732.02259  
11715.49011  
11764.54872  
11726.34379  
11741.3239  
11795.22038  
11793.30524  
11611.93809  
11833.41822  
11741.93557  
11710.04804  
11790.24316  
11827.21323  
11756.04802  
11734.29917  
11787.00892  
11712.78083  
11673.06048  
11710.35753  
11775.61318  
11752.04354  
11688.03543  
11748.29953  
11811.87874  
11759.94353  
11719.55944  
11742.70792  
11794.14256  
11834.77433  
11789.71663  
11791.8792  
11785.87763  
11763.06146  
11758.57345  
11759.88871  
11857.31248  
11828.84065  
11844.43387  
11789.52456  
11746.37617  
11865.71569  
11796.20166  
11685.65718  
11712.25267  
11632.20215  
11492.63861  
11577.98145  
11593.38326  
11583.57021  
11601.18888  
11621.27554  
11715.22034  
11637.77433  
11716.54825  
11731.45956  
11706.24253  
11695.2  
11727.11205  
11739.5645  
11779.36277  
11740.50735  
11739.92379  
11762.95735  
11764.79993  
11751.7244  
11779.31639  
11749.4029  
11719.60468  
11766.35906  
11780.42251  
11813.54121  
11835.54732  
11804.37506  
11778.79893  
11812.80099  
11806.52768  
11757.61848  
11683.56178  
11788.57405  
11747.12823  
11808.56827  
11771.93317  
11790.56914  
11794.72877  
11777.35133  
11817.21291  
11777.00274  
11695.86005  
11730.62415  
11731.10288  
11712.74737  
11710.05787  
11741.35241  
11749.09496  
11704.09948  
11765.61146  
11706.02216  
11622.77212  
11714.04516  
11761.59031  
11764.7966  
