10677.22807  
10689.21879  
10646.99346  
10678.68083  
10695.60971  
10662.57848  
10644.40885  
10655.949  
10657.70244  
10630.37318  
10668.73764  
10645.1547  
10651.38718  
10691.11667  
10690.23976  
10691.05102  
10671.92643  
10641.30507  
10665.10753  
10738.10873  
10681.2456  
10661.00177  
10671.50894  
10688.12776  
10704.34646  
10712.18254  
10692.29802  
10662.96599  
10688.08804  
10694.70171  
10706.04971  
10720.78667  
10643.32142  
10650.74519  
10689.67165  
10674.99794  
10717.57265  
10716.44236  
10662.2568  
10721.90231  
10728.80314  
10709.40986  
10621.00754  
10665.86151  
10649.00404  
10660.73631  
10706.66362  
10684.44459  
10666.47148  
10647.20757  
10656.76548  
10698.15732  
10639.4958  
10676.0766  
10670.08157  
10704.96541  
10695.81554  
10681.63169  
10658.85711  
10656.6884  
10643.643  
10649.80471  
10631.49444  
10674.98316  
10709.17445  
10679.31215  
10621.16104  
10717.15992  
10692.35346  
10635.02152  
10688.49018  
10719.41515  
10678.67337  
10658.57621  
10660.0676  
10661.98257  
10654.19386  
10674.59742  
10693.12885  
10709.7392  
10665.23994  
10711.91607  
10725.77657  
10719.09019  
10647.66747  
10678.02395  
10704.82179  
10709.48111  
10719.2851  
10689.10355  
10679.16193  
10678.63921  
10677.73924  
10657.61986  
10761.56677  
10747.34561  
10723.63062  
10654.11429  
10637.18146  
10706.03212  
10723.47627  
10659.15577  
10556.99906  
10491.62334  
10477.36214  
10509.12896  
10597.40059  
10612.31501  
10559.73283  
10606.45412  
10652.01638  
10659.79859  
10673.45088  
10683.01365  
10688.05635  
10676.18846  
10672.87541  
10642.95016  
10675.51183  
10682.88935  
10655.56042  
10664.0429  
10667.19406  
10652.96501  
10663.91581  
10674.98992  
10671.67515  
10719.78306  
10701.68343  
10715.12714  
10771.38712  
10748.33343  
10662.33631  
10691.53011  
10656.34143  
10663.93925  
10656.84287  
10671.34388  
10688.92245  
10657.90104  
10682.7765  
10723.85869  
10779.79765  
10702.1236  
10665.44822  
10658.7392  
10607.71658  
10625.4719  
10639.45963  
10642.88941  
10654.09821  
10702.83854  
10700.67431  
10671.27014  
10688.13311  
10685.83325  
10633.9864  
10653.69935  
10647.03283  
10674.98202  
