11072.78114  
11053.20788  
11062.02592  
11058.73139  
11090.5371  
11088.24998  
11072.65421  
11071.21494  
11080.31095  
11043.77398  
11057.81401  
11022.67944  
11043.68438  
11066.32003  
11065.70846  
11069.60835  
11061.00223  
11053.35585  
11060.12698  
11079.40241  
11056.01141  
11041.05301  
11054.22172  
11066.9139  
11050.92885  
11070.50144  
11067.37364  
11057.13824  
11096.44486  
11110.80777  
11088.68305  
11092.67651  
11041.77738  
11054.61283  
11082.17508  
11067.62909  
11113.30466  
11089.26308  
11055.49753  
11112.07211  
11104.62423  
11078.80319  
11039.73687  
11054.65258  
11060.11413  
11057.69686  
11071.06337  
11091.28573  
11062.85999  
11072.13542  
11050.48694  
11048.38985  
11038.34155  
11068.7373  
11068.73713  
11093.907  
11063.26379  
11072.38498  
11069.56378  
11064.86727  
11053.58916  
11047.82944  
11037.73747  
11070.86  
11072.22323  
11070.70763  
11026.13677  
11095.38914  
11066.36635  
11041.79472  
11086.86454  
11104.1123  
11064.23004  
11038.34742  
11070.73997  
11042.63065  
11044.59236  
11039.32884  
11086.67821  
11087.14355  
11061.98469  
11085.76496  
11107.05023  
11084.84344  
11055.76219  
11086.95016  
11098.30643  
11114.43103  
11081.25666  
11079.4711  
11074.42063  
11072.67764  
11081.2619  
11067.07588  
11142.97993  
11126.45711  
11099.1284  
11076.92325  
11048.8148  
11124.65436  
11092.2771  
11027.24911  
11008.41539  
10947.69443  
10940.39855  
10965.92465  
10998.17265  
11000.14946  
11000.72697  
11016.24231  
11037.54938  
11022.06357  
11034.80389  
11074.40081  
11083.18974  
11069.12945  
11070.05974  
11042.9492  
11056.90927  
11056.27289  
11052.15287  
11058.9194  
11066.12734  
11058.02218  
11058.40368  
11058.27081  
11065.96196  
11074.90822  
11079.59628  
11087.26937  
11118.3316  
11099.75938  
11061.86198  
11074.52387  
11073.99863  
11055.8635  
11047.75443  
11076.70625  
11077.60309  
11076.14343  
11089.55901  
11097.89356  
11105.30574  
11073.49792  
11083.35732  
11061.90568  
11050.62503  
11035.42751  
11040.30461  
11039.74524  
11038.11689  
11072.23174  
11062.66322  
11050.63341  
11066.56638  
11064.96897  
11050.95605  
11065.90682  
11064.26281  
11074.44006  
