11373.40251  
11360.99373  
11355.75842  
11366.08571  
11408.01523  
11383.24554  
11385.74458  
11360.164  
11392.13097  
11351.20571  
11385.54896  
11367.2397  
11354.23853  
11360.30293  
11365.00872  
11387.83318  
11397.62401  
11370.54155  
11364.31051  
11409.6331  
11393.14971  
11375.02664  
11363.20601  
11370.63408  
11364.31583  
11376.32001  
11388.48808  
11400.87007  
11400.96292  
11397.78599  
11415.74539  
11403.76267  
11350.95963  
11376.30459  
11405.18554  
11367.10312  
11426.03682  
11373.88207  
11361.08684  
11397.34648  
11404.11643  
11406.31748  
11366.06122  
11368.94695  
11345.06897  
11360.51503  
11404.9343  
11408.16105  
11382.27644  
11384.47949  
11370.51238  
11363.85767  
11348.15929  
11399.01206  
11385.8938  
11394.60513  
11388.27754  
11384.73312  
11373.0292  
11381.14993  
11360.22498  
11371.78015  
11355.33049  
11369.36501  
11415.43434  
11393.91276  
11335.87736  
11399.26893  
11373.69406  
11353.14948  
11386.35072  
11391.75962  
11367.21961  
11346.66016  
11383.81926  
11338.47319  
11339.90768  
11366.05101  
11418.82867  
11396.13381  
11377.49657  
11415.77187  
11417.25689  
11381.87781  
11388.1517  
11392.69595  
11398.69807  
11400.28323  
11386.74658  
11388.72097  
11393.09246  
11379.9343  
11397.85594  
11404.21165  
11431.65613  
11409.7608  
11422.63543  
11392.29545  
11358.00298  
11402.91853  
11395.65704  
11333.05137  
11306.88077  
11252.24797  
11225.85637  
11260.98723  
11287.86816  
11329.0593  
11314.2701  
11343.55546  
11350.68691  
11347.84495  
11376.83016  
11383.7647  
11379.22343  
11383.19871  
11394.55943  
11375.97845  
11397.1071  
11362.96718  
11391.38927  
11384.92587  
11375.1265  
11377.66415  
11382.66211  
11394.12272  
11397.97638  
11391.57183  
11382.79484  
11412.70605  
11420.39029  
11386.05577  
11389.22846  
11412.87343  
11395.19453  
11378.61948  
11363.82483  
11397.52083  
11403.45725  
11415.94484  
11387.34934  
11409.3121  
11381.2262  
11367.51772  
11403.56192  
11390.78346  
11344.53384  
11337.70366  
11340.97552  
11340.06336  
11335.76481  
11372.77861  
11381.99342  
11371.54718  
11368.63904  
11371.60914  
11344.95592  
11398.08638  
11393.06718  
11385.39983  
