11575.88595  
11562.58998  
11561.59452  
11560.81635  
11576.95732  
11573.58096  
11584.69589  
11577.17624  
11563.17456  
11553.49352  
11566.67691  
11564.74636  
11529.72375  
11511.73682  
11522.12367  
11586.69878  
11586.54247  
11575.5881  
11558.29369  
11577.7688  
11608.14  
11554.57624  
11544.48203  
11539.22535  
11594.52457  
11579.8752  
11566.79392  
11581.30991  
11578.08368  
11597.32195  
11615.57729  
11623.36041  
11575.59363  
11579.01549  
11570.70804  
11572.01946  
11607.12166  
11583.59185  
11541.76431  
11628.00998  
11612.55423  
11607.86451  
11544.09497  
11531.64437  
11516.12518  
11523.25384  
11551.95178  
11580.85916  
11555.7443  
11544.81077  
11541.69499  
11523.5569  
11536.55852  
11570.95026  
11584.72121  
11624.46897  
11587.29007  
11593.83099  
11568.70526  
11574.91939  
11579.00262  
11560.28908  
11539.95041  
11571.0578  
11593.22216  
11564.79587  
11540.44011  
11603.5465  
11604.14305  
11552.05061  
11569.32584  
11576.63974  
11569.21729  
11549.26517  
11569.76494  
11558.15684  
11554.01439  
11566.69077  
11592.3015  
11594.22034  
11568.03183  
11558.73004  
11581.46867  
11566.2795  
11578.2253  
11561.81172  
11568.83026  
11558.48321  
11580.64648  
11575.34582  
11572.77281  
11565.64313  
11573.53236  
11564.15327  
11618.25345  
11628.5144  
11612.62683  
11577.1077  
11535.47082  
11607.4813  
11621.82151  
11572.17153  
11509.64771  
11393.93205  
11380.03247  
11433.18752  
11489.85115  
11521.18755  
11545.97497  
11559.77138  
11569.39883  
11563.78744  
11561.65203  
11582.9316  
11575.47774  
11561.27137  
11575.10144  
11581.31792  
11550.90685  
11552.43628  
11552.63934  
11589.51016  
11594.67523  
11596.29758  
11583.0714  
11571.11595  
11571.87693  
11556.63406  
11569.37427  
11577.24761  
11624.01357  
11617.78  
11590.96452  
11587.04977  
11558.31258  
11548.53693  
11566.11194  
11579.33574  
11595.00943  
11604.31065  
11577.75334  
11613.30845  
11615.22286  
11585.13673  
11576.39437  
11512.23908  
11519.18156  
11560.17627  
11567.23195  
11581.73524  
11575.88063  
11557.94897  
11575.32202  
11542.23969  
11533.60523  
11541.35014  
11559.90666  
11561.79386  
11566.29521  
11565.34973  
