13146.69105  
13129.40859  
13089.77764  
13074.05377  
13122.8736  
13135.16641  
13175.63216  
13151.6559  
13183.18709  
13265.54019  
13253.55677  
13169.00312  
13020.47716  
13025.91887  
13110.52445  
13235.27468  
13247.17702  
13108.13246  
13053.90971  
13167.13765  
13193.46919  
13119.04164  
13001.02635  
13062.63706  
13144.66817  
13072.0593  
13048.65469  
13148.30798  
13159.13264  
13153.4163  
13199.41753  
13190.64097  
13159.52484  
13143.23647  
13196.52485  
13212.46477  
13250.48265  
13206.1748  
13200.71325  
13243.50797  
13190.83808  
13010.63311  
13046.42731  
13122.82253  
13128.05249  
13084.65846  
13104.09404  
13131.23399  
13166.04617  
13136.52975  
13085.53436  
13062.2173  
13089.85837  
13081.14556  
13086.7368  
13180.16354  
13187.23122  
13140.10188  
13241.55897  
13235.00283  
13187.12692  
13126.91134  
13166.25966  
13203.38951  
13254.2893  
13224.813  
13103.50704  
13118.54876  
13108.72095  
13058.1277  
13149.08491  
13206.41377  
13206.43932  
13207.25675  
13099.48579  
13039.6601  
13135.65369  
13150.64447  
13145.47324  
13165.70967  
13183.63459  
13215.44274  
13250.90876  
13205.2828  
13139.11067  
13069.22992  
13005.57613  
13025.52326  
13078.19093  
13054.71016  
13064.974  
13153.44597  
13239.01259  
13238.30558  
13265.25018  
13212.38318  
13236.22082  
13213.75122  
13178.8537  
13195.89114  
13129.73974  
13012.99681  
12960.27624  
12902.30879  
12925.14434  
12936.80653  
12999.27049  
13073.2193  
13149.88024  
13148.63629  
13177.57337  
13169.13563  
13183.16283  
13211.20222  
13207.55232  
13157.41599  
13137.22342  
13100.38228  
13074.25452  
13110.72634  
13175.73934  
13162.37896  
13095.63096  
13158.4916  
13210.81641  
13172.93264  
13098.15005  
13119.36362  
13121.04047  
13165.50192  
13220.16011  
13230.41772  
13208.74865  
13194.59899  
13216.77721  
13189.59062  
13183.46249  
13230.49024  
13235.96155  
13252.36335  
13220.16827  
13127.23994  
13034.44034  
12989.84634  
13012.68606  
13101.41407  
13103.30343  
13076.79756  
13111.67769  
13138.49502  
13142.99961  
13099.94121  
13158.98909  
13164.35849  
13137.74429  
13070.18327  
13059.57634  
13152.44597  
13212.12715  
13220.2051  
