11623.80141  
11608.56399  
11584.21802  
11622.75731  
11634.19484  
11616.19746  
11612.39809  
11597.31807  
11572.33736  
11563.00453  
11589.47751  
11643.27574  
11654.08177  
11606.63494  
11613.79758  
11566.84353  
11592.68836  
11569.19031  
11601.61654  
11604.94798  
11614.18308  
11616.95689  
11633.63976  
11642.29245  
11623.1173  
11595.07693  
11606.13719  
11643.28839  
11645.6869  
11610.57911  
11604.97447  
11614.83513  
11591.25007  
11612.04716  
11616.04526  
11608.12297  
11624.127  
11621.98792  
11622.19824  
11663.76332  
11648.23626  
11630.48042  
11622.25263  
11592.18273  
11595.28104  
11606.62154  
11588.47157  
11562.78888  
11599.86175  
11613.43205  
11615.05298  
11590.92524  
11580.13109  
11615.96729  
11627.4267  
11599.16637  
11592.76631  
11610.28054  
11630.74612  
11605.08319  
11591.26318  
11613.97694  
11641.95508  
11646.24823  
11615.50878  
11619.9288  
11606.3024  
11607.45585  
11639.96132  
11647.78045  
11623.11273  
11642.99069  
11647.51231  
11619.01317  
11607.73692  
11593.75703  
11637.22933  
11613.72584  
11648.86389  
11628.96265  
11638.39016  
11611.94597  
11673.01498  
11621.58879  
11590.08358  
11589.06579  
11591.49282  
11579.85476  
11540.53879  
11536.95342  
11533.6374  
11545.27581  
11567.59567  
11595.48352  
11575.55288  
11607.86942  
11579.8629  
11626.5198  
11609.63183  
11586.78022  
11580.88744  
11615.50818  
11700.73186  
11652.92842  
11571.68088  
11531.83201  
11462.34443  
11443.90218  
11483.49773  
11501.57861  
11549.24532  
11573.88585  
11605.65662  
11606.27502  
11600.91618  
11588.06324  
11632.60319  
11638.55818  
11613.20172  
11606.89725  
11647.51404  
11624.85671  
11614.21016  
11757.53501  
11603.00935  
11620.8917  
11608.02681  
11616.34216  
11634.57822  
11641.07389  
11605.99199  
11642.87627  
11638.61361  
11614.94471  
11563.05365  
11596.08346  
11585.12002  
11610.30628  
11599.2178  
11617.85471  
11601.60099  
11608.94994  
11602.62746  
11631.94757  
11609.74567  
11609.80377  
11637.06573  
11627.84352  
11597.74725  
11591.26028  
11588.88741  
11630.36534  
11617.22262  
11629.83221  
11615.52995  
11608.43942  
11597.62795  
11580.57855  
11593.54273  
11576.85222  
