10424.15699  
10409.12555  
10454.88175  
10472.39341  
10455.80949  
10432.95478  
10461.47924  
10427.61254  
10433.92529  
10471.23779  
10495.35662  
10500.37194  
10446.34233  
10464.61591  
10441.66054  
10478.23397  
10433.45945  
10427.56178  
10454.6871  
10450.43249  
10424.10509  
10451.50121  
10432.82982  
10431.60339  
10415.23308  
10456.36731  
10466.13154  
10448.30925  
10427.6085  
10430.63264  
10475.22472  
10455.58706  
10426.12551  
10430.6288  
10469.93364  
10436.68251  
10457.44202  
10446.60207  
10467.80881  
10529.46312  
10528.52902  
10465.83798  
10453.22145  
10465.54106  
10430.56127  
10404.52533  
10462.27949  
10457.30505  
10438.91173  
10406.42971  
10433.90597  
10462.5788  
10486.06692  
10471.89024  
10447.99108  
10415.31624  
10433.77083  
10442.82991  
10444.10424  
10427.58288  
10492.06762  
10445.55834  
10425.28726  
10452.69903  
10434.43771  
10440.38415  
10448.63988  
10443.12162  
10437.53713  
10422.6678  
10428.67803  
10473.05921  
10466.21225  
10435.57379  
10460.4213  
10468.65646  
10448.39519  
10417.97864  
10417.27709  
10462.2848  
10391.09464  
10485.49499  
10542.71988  
10391.98015  
10481.63901  
10447.00204  
10442.35791  
10438.3522  
10429.18676  
10431.35409  
10459.34333  
10441.31798  
10443.43336  
10444.63048  
10410.73862  
10420.18427  
10425.3698  
10458.88659  
10479.71903  
10487.85547  
10472.92177  
10514.42914  
10515.64793  
10519.74851  
10443.8587  
10434.04507  
10368.66179  
10397.99187  
10423.66122  
10399.14882  
10397.80995  
10406.79859  
10449.26367  
10429.22017  
10449.03144  
10452.03857  
10434.65878  
10410.98643  
10403.26673  
10455.34632  
10418.20164  
10446.33371  
10503.1886  
10620.2604  
10440.2138  
10490.02516  
10442.96155  
10438.92795  
10461.70879  
10471.27403  
10435.99229  
10470.11509  
10464.49395  
10471.95599  
10434.85492  
10453.10003  
10460.69718  
10453.71922  
10451.33004  
10454.00957  
10455.48881  
10410.47718  
10424.5497  
10475.04898  
10481.6643  
10452.24688  
10456.85267  
10450.81252  
10466.53966  
10465.6603  
10436.61825  
10434.13508  
10466.3063  
10447.45811  
10438.26832  
10428.33857  
10429.01478  
10421.1948  
10447.00703  
10458.6719  
