11471.91168  
11454.6285  
11486.2769  
11460.32348  
11463.68367  
11465.2076  
11484.34293  
11471.77772  
11440.69922  
11476.02533  
11521.99851  
11472.74673  
11437.90622  
11445.8549  
11440.97938  
11459.2586  
11444.48688  
11443.83132  
11433.4597  
11440.7467  
11436.27622  
11434.28921  
11457.11256  
11439.93907  
11422.20314  
11446.79671  
11460.92272  
11440.93522  
11437.12383  
11459.64552  
11478.7452  
11441.10596  
11442.73157  
11438.02817  
11449.65326  
11449.65867  
11469.80571  
11483.67227  
11460.73279  
11548.07033  
11510.78641  
11484.89062  
11461.01248  
11462.37446  
11468.64728  
11419.66214  
11473.65285  
11432.11718  
11456.53398  
11417.6831  
11425.00574  
11451.3789  
11475.55889  
11485.97329  
11459.80522  
11440.10098  
11449.40142  
11448.00048  
11446.51574  
11454.62847  
11460.04891  
11461.80231  
11436.15082  
11453.95691  
11448.05769  
11449.6515  
11451.52788  
11454.38519  
11450.64851  
11448.96262  
11451.68716  
11483.55173  
11480.4047  
11435.26484  
11449.90129  
11438.44954  
11435.82569  
11429.83749  
11454.06971  
11443.34065  
11419.17879  
11492.37117  
11586.22709  
11436.80608  
11502.46815  
11475.35823  
11475.50992  
11450.7339  
11477.28803  
11478.84008  
11492.96832  
11443.91461  
11435.61968  
11469.0179  
11434.92877  
11418.28425  
11432.41955  
11465.05454  
11455.8765  
11448.25264  
11455.68387  
11504.6837  
11499.6051  
11485.98419  
11434.02368  
11464.96977  
11409.59906  
11410.19391  
11434.37733  
11407.93913  
11395.29042  
11414.3212  
11426.33322  
11428.84293  
11421.47257  
11438.44175  
11455.68524  
11422.18231  
11435.21267  
11471.60202  
11449.48954  
11438.23556  
11463.96707  
11615.68327  
11423.10322  
11466.72323  
11443.4079  
11438.65832  
11454.99825  
11468.82875  
11468.25883  
11484.92358  
11483.2239  
11485.66857  
11457.09309  
11464.45395  
11463.47992  
11460.69209  
11458.89167  
11476.79127  
11461.46907  
11440.90567  
11460.90876  
11467.60023  
11477.25162  
11466.93084  
11434.90475  
11452.25598  
11448.54938  
11473.02507  
11432.96878  
11447.03108  
11463.34683  
11477.15662  
11459.24277  
11451.25382  
11459.14256  
11452.39671  
11460.60278  
11456.60761  
