11839.99206  
11785.92436  
11793.15131  
11761.97365  
11759.46569  
11787.46977  
11784.96328  
11774.47218  
11731.95113  
11768.12882  
11767.94641  
11799.11058  
11805.05401  
11837.62298  
11803.63453  
11766.43194  
11797.52971  
11797.4809  
11791.65134  
11799.09173  
11789.72463  
11764.68125  
11803.48165  
11755.6682  
11745.485  
11772.46825  
11812.97282  
11811.83331  
11805.69984  
11785.28581  
11792.26213  
11832.37935  
11800.18579  
11762.60685  
11790.12891  
11839.58154  
11849.40246  
11841.51596  
11803.47454  
11842.67541  
11849.63799  
11833.91118  
11783.93777  
11815.04623  
11826.3187  
11797.03298  
11768.71542  
11766.94583  
11782.75427  
11761.73899  
11764.55212  
11745.58108  
11787.57247  
11814.71462  
11776.44696  
11793.8057  
11747.96332  
11757.72603  
11800.14946  
11780.96183  
11788.3733  
11808.5697  
11760.051  
11779.69354  
11770.39631  
11751.70533  
11788.19033  
11787.27481  
11790.98839  
11784.25793  
11762.7242  
11802.12394  
11817.66281  
11799.33767  
11787.03337  
11744.55792  
11776.2785  
11746.39453  
11770.48217  
11748.62851  
11770.30467  
11829.96219  
11888.05999  
11771.41763  
11817.70562  
11825.20886  
11780.72695  
11759.42803  
11773.40123  
11831.25503  
11831.69723  
11791.89925  
11766.52913  
11800.02542  
11781.45057  
11785.34251  
11801.0694  
11782.96341  
11765.91863  
11772.12055  
11828.04785  
11851.75569  
11921.75524  
11806.85916  
11747.37852  
11788.54507  
11655.35467  
11647.08081  
11698.59812  
11684.51457  
11739.88  
11750.89588  
11736.16766  
11772.49263  
11769.50357  
11765.34373  
11806.28536  
11773.11655  
11789.24876  
11846.287  
11809.66575  
11820.89195  
11845.73888  
11939.92926  
11761.56034  
11779.77707  
11794.14081  
11780.50298  
11801.17661  
11803.38324  
11802.12213  
11812.04781  
11810.02069  
11802.79772  
11792.53405  
11775.06742  
11769.75084  
11795.49145  
11789.27284  
11804.10869  
11801.22709  
11771.16353  
11756.99241  
11764.85453  
11785.41278  
11781.99553  
11752.56586  
11743.22404  
11767.65937  
11780.60581  
11757.42219  
11781.3725  
11787.64885  
11812.96954  
11796.86121  
11820.39956  
11793.7769  
11785.84715  
11808.33166  
11807.66647  
