12528.83404  
12483.42968  
12456.53976  
12488.42007  
12495.62032  
12508.47085  
12456.8058  
12461.14802  
12440.06944  
12426.82094  
12463.64773  
12469.7561  
12524.44376  
12490.39038  
12396.99395  
12420.52866  
12379.29754  
12386.06811  
12395.57482  
12428.38829  
12428.23739  
12400.074  
12451.54183  
12388.85445  
12468.92893  
12520.73413  
12489.71271  
12458.93592  
12532.69465  
12492.22137  
12491.64952  
12492.28927  
12517.17644  
12489.2376  
12480.02896  
12535.29133  
12578.70925  
12585.07167  
12503.18809  
12510.37013  
12471.17103  
12512.00194  
12472.86283  
12473.09901  
12445.21043  
12425.83392  
12457.09873  
12399.74196  
12426.04047  
12444.04732  
12456.5973  
12410.10311  
12400.40693  
12468.33759  
12462.55786  
12513.82208  
12458.65302  
12453.75208  
12522.05646  
12468.00118  
12424.35141  
12506.04967  
12457.01579  
12443.44968  
12460.09282  
12446.98196  
12463.33554  
12489.10298  
12535.75072  
12541.28296  
12510.22552  
12520.29786  
12452.99177  
12395.55892  
12428.86622  
12406.82562  
12384.98898  
12376.52967  
12418.55  
12377.97656  
12408.76119  
12479.13106  
12594.2219  
12576.70303  
12471.57962  
12485.95944  
12489.865  
12462.70942  
12450.92474  
12477.37617  
12480.53696  
12466.84857  
12420.3653  
12483.77759  
12495.08517  
12485.6355  
12430.43808  
12443.58497  
12453.42922  
12473.51816  
12494.5151  
12483.50767  
12595.75691  
12497.23328  
12466.58658  
12370.08581  
12267.87207  
12304.69279  
12378.07886  
12432.77032  
12426.76121  
12460.22464  
12411.41149  
12360.05032  
12324.6715  
12367.70029  
12403.91787  
12433.15864  
12430.87682  
12505.26214  
12521.36162  
12465.20287  
12486.194  
12586.2523  
12501.66316  
12488.98897  
12513.01157  
12517.38303  
12455.55335  
12436.53802  
12485.3178  
12493.2981  
12462.5405  
12424.88862  
12392.52501  
12507.33253  
12456.121  
12450.65958  
12468.97604  
12494.09735  
12463.90429  
12430.54503  
12435.86574  
12458.13049  
12397.36999  
12397.37913  
12381.83695  
12441.45691  
12383.25216  
12375.82633  
12461.01748  
12512.68634  
12533.48992  
12553.72855  
12514.94152  
12465.80117  
12485.00415  
12475.50156  
12474.79499  
12492.04405  
