10689.98253  
10694.73053  
10785.82595  
10653.34912  
10664.14724  
10668.9188  
10774.03887  
10666.58599  
10659.77163  
10744.72318  
10758.18296  
10669.19781  
10724.70489  
10727.0622  
10798.71892  
10677.20928  
10678.46086  
10693.47955  
10728.76966  
10792.05416  
10718.73858  
10744.7968  
10631.40315  
10732.84356  
10798.63304  
10696.77011  
10798.98586  
10772.72602  
10835.71721  
10883.61418  
10800.73576  
10681.4239  
10698.49932  
10721.18709  
10803.14168  
10744.20343  
10726.82429  
10774.32764  
10783.7122  
10684.44017  
10750.64047  
10716.58415  
10680.61903  
10573.40165  
10669.11677  
10711.32428  
10763.88732  
10737.20453  
10733.13706  
10761.79062  
10751.76318  
10641.47373  
10651.27139  
10624.94999  
10732.70027  
10760.71899  
10720.08798  
10672.51196  
10746.79704  
10695.65792  
10631.92978  
10605.04697  
10645.17264  
10701.44227  
10679.58207  
10697.66609  
10770.43609  
10716.38653  
10717.62239  
10671.62924  
10721.06596  
10722.88482  
10807.68495  
10710.22025  
10713.19651  
10682.33738  
10658.62265  
10719.9782  
10778.98689  
10692.8543  
10705.46484  
10627.35053  
10677.59752  
10691.44469  
10761.79562  
10746.03474  
10755.61307  
10768.6903  
10829.54819  
10880.30925  
10741.87284  
10769.61097  
10787.2447  
10733.47739  
10755.96302  
10745.81804  
10755.57403  
10679.12267  
10725.72654  
10816.52404  
10722.01455  
10658.31866  
10724.35323  
10770.30292  
10678.90683  
10687.48845  
10677.69706  
10758.5927  
10692.94148  
10730.33214  
10680.97683  
10688.35928  
10843.19593  
10760.45029  
10761.29483  
10530.78264  
10582.40721  
10678.58675  
10608.50248  
10782.2857  
10693.99491  
10666.69045  
10699.69435  
10664.91177  
10659.4366  
10671.69315  
10749.2088  
10728.01228  
10641.16218  
10713.30611  
10756.7244  
10645.92035  
10688.13554  
10720.07326  
10744.2001  
10681.87263  
10724.32856  
10749.83952  
10691.4544  
10741.3005  
10762.9926  
10695.0221  
10703.78078  
10686.85742  
10727.19877  
10780.95611  
10667.77024  
10635.52539  
10683.18549  
10718.60631  
10702.76232  
10686.17403  
10781.82405  
10845.5452  
10632.92631  
10674.71546  
10832.00216  
10765.04334  
10747.45435  
10698.11636  
