10981.4752  
10964.55893  
10986.51168  
10966.61046  
10937.41663  
10936.79537  
10960.35671  
10971.25898  
10939.2752  
10931.02556  
10954.21563  
10988.05404  
10974.47966  
10969.11586  
11037.51731  
10972.04781  
10938.46403  
10948.59016  
10954.00872  
10958.1372  
10966.5055  
10996.80898  
10969.14371  
10934.37774  
10971.26808  
10966.52502  
11030.11173  
11028.34156  
11032.64356  
10997.78077  
11002.69849  
10952.75043  
10958.05901  
10974.61999  
11023.21039  
10964.92344  
10993.24793  
11005.74424  
11000.70966  
10966.36217  
11010.62557  
10998.2976  
10977.68503  
10907.63413  
10959.55157  
10984.31282  
10969.75454  
10994.57757  
10999.8935  
10995.94374  
10959.97109  
10968.38219  
10965.09216  
10929.03945  
10983.84687  
10980.9843  
10943.06514  
10944.6517  
10972.43394  
10955.79515  
10985.30279  
10960.79881  
10919.15749  
10941.7817  
10906.96315  
10926.14515  
10982.96765  
10897.49797  
10943.71973  
10944.94386  
10965.15706  
10971.21068  
11003.50634  
10959.86766  
10921.90946  
10939.62599  
10944.42512  
10939.54179  
10990.20101  
10952.985  
10978.93466  
10918.0618  
10954.31859  
10914.56341  
10932.51392  
10915.35319  
10983.08268  
10981.93986  
11047.2757  
11081.91532  
10999.59605  
11054.895  
11025.48359  
10975.73665  
10990.1482  
10978.17257  
10990.98988  
10956.29876  
10993.36721  
10997.70091  
10971.14181  
10956.67075  
10983.28602  
10977.6378  
10946.61189  
10963.9083  
10964.47545  
10981.02015  
10961.38261  
10998.66269  
10976.42023  
10992.18731  
11060.24632  
10987.89921  
10983.57418  
10904.32336  
10885.63435  
10900.19232  
10909.14686  
10953.28506  
10909.42296  
10920.10472  
10941.01625  
10961.98523  
10925.03083  
10897.67346  
10950.01586  
10941.3913  
10936.72631  
10959.48813  
10975.74535  
10959.16533  
10947.53999  
10961.59747  
10989.25472  
10977.75496  
10988.84156  
10967.61014  
10967.37404  
10994.74111  
11003.681  
10967.19177  
10985.86393  
10979.57413  
10993.12541  
10949.74362  
10958.10653  
10938.09458  
10958.11049  
10959.208  
10960.19672  
10977.56562  
10934.97101  
10951.35316  
10930.61442  
10932.69857  
11039.26578  
11000.19268  
11006.38295  
10995.10431  
