11384.96366  
11358.60001  
11387.16553  
11377.9187  
11297.76252  
11296.27417  
11314.75507  
11309.80198  
11283.78064  
11325.34942  
11318.75602  
11320.42172  
11358.16928  
11366.2139  
11479.57579  
11386.73889  
11345.35782  
11443.44725  
11426.70494  
11430.19866  
11436.93365  
11440.49224  
11392.66551  
11379.18002  
11362.56499  
11329.44589  
11454.32111  
11493.61876  
11506.1277  
11396.59896  
11414.97499  
11318.35918  
11375.23886  
11412.29817  
11450.73739  
11397.37816  
11404.96617  
11423.31344  
11384.88443  
11318.18712  
11402.92226  
11364.83616  
11330.57417  
11296.74794  
11360.12188  
11374.68692  
11345.95239  
11375.45796  
11350.72979  
11398.00453  
11343.76137  
11370.66256  
11367.34035  
11332.76479  
11346.04517  
11395.48403  
11291.96219  
11247.31039  
11360.60606  
11319.10615  
11340.74016  
11353.23568  
11350.03303  
11349.32171  
11292.78596  
11338.1792  
11435.80821  
11311.73092  
11309.86244  
11292.96823  
11348.4374  
11380.19833  
11440.54738  
11322.07943  
11334.48985  
11317.19313  
11361.62155  
11347.67214  
11457.53184  
11364.54696  
11366.49611  
11300.76252  
11417.42681  
11373.45438  
11382.74569  
11296.49592  
11376.05811  
11375.34553  
11421.44535  
11532.75244  
11355.55647  
11426.7414  
11458.54299  
11408.1728  
11391.98415  
11366.09729  
11426.93842  
11400.43197  
11371.54722  
11444.8151  
11380.6001  
11329.40063  
11371.73879  
11412.99629  
11370.34923  
11388.92252  
11316.45504  
11409.4797  
11352.0207  
11373.84985  
11353.79787  
11433.11635  
11482.48476  
11384.21284  
11447.41856  
11287.20046  
11279.45687  
11310.2358  
11315.65151  
11403.71315  
11254.70189  
11271.23354  
11384.64108  
11401.54532  
11312.72972  
11279.5576  
11385.58803  
11318.35601  
11251.8501  
11314.4235  
11391.92262  
11362.59706  
11301.93677  
11333.28458  
11434.73015  
11317.77658  
11353.03069  
11363.15911  
11346.40238  
11354.27774  
11418.78854  
11387.53664  
11405.47316  
11391.53587  
11415.50936  
11392.94371  
11395.71744  
11349.01993  
11358.02996  
11321.20166  
11345.39861  
11356.22541  
11349.31341  
11371.39423  
11292.74184  
11351.2561  
11431.78033  
11428.18042  
11410.72028  
11385.71193  
