11678.79979  
11658.65522  
11681.80909  
11660.60389  
11589.99963  
11607.88872  
11624.59668  
11628.05341  
11581.80066  
11630.10455  
11622.0025  
11638.24023  
11658.00575  
11680.58897  
11751.43726  
11676.07012  
11650.0747  
11716.72746  
11678.16611  
11701.78974  
11715.24904  
11746.43112  
11689.23816  
11637.67558  
11665.36932  
11635.32878  
11733.28159  
11751.22758  
11760.95146  
11703.87795  
11672.31197  
11629.00135  
11693.00941  
11697.08603  
11736.79321  
11692.34038  
11711.00333  
11720.80959  
11673.1174  
11632.69665  
11712.51625  
11653.51682  
11650.63724  
11585.60671  
11644.94684  
11632.19905  
11623.49496  
11708.19693  
11676.27873  
11693.15229  
11649.71182  
11664.49772  
11675.41269  
11616.57783  
11653.79916  
11681.9381  
11607.04359  
11563.39993  
11659.22257  
11619.13781  
11649.27389  
11641.48876  
11635.32379  
11662.73942  
11603.63348  
11619.93299  
11699.9711  
11598.67844  
11616.29569  
11629.72371  
11676.99056  
11669.11766  
11720.27645  
11630.88465  
11626.16909  
11613.35746  
11656.49878  
11619.63063  
11705.75242  
11661.52692  
11670.24286  
11605.37051  
11695.8393  
11636.49566  
11652.33449  
11607.50626  
11697.88348  
11686.97065  
11742.77025  
11809.836  
11672.27484  
11731.58131  
11745.22896  
11676.93728  
11697.48404  
11655.84432  
11690.38118  
11643.89388  
11677.86542  
11716.02291  
11671.31542  
11620.12298  
11674.92452  
11700.80567  
11639.70693  
11669.73769  
11639.52792  
11681.45265  
11649.39268  
11670.24245  
11668.87713  
11721.84043  
11778.17143  
11666.21366  
11699.11551  
11558.56665  
11551.132  
11587.35792  
11616.77252  
11682.45798  
11572.7626  
11587.8416  
11663.72945  
11691.6239  
11607.01535  
11577.69084  
11661.36619  
11625.30042  
11579.8726  
11635.79078  
11678.9825  
11643.50829  
11615.20353  
11643.38189  
11708.86302  
11633.15596  
11670.63625  
11664.30612  
11656.53523  
11668.7102  
11707.30731  
11679.16342  
11692.3105  
11659.70768  
11690.88542  
11673.95586  
11661.64473  
11620.01167  
11672.69978  
11645.99219  
11644.65052  
11656.71686  
11610.48065  
11647.61039  
11601.83878  
11645.3616  
11752.68873  
11712.15334  
11691.2184  
11704.02573  
