11347.15456  
11370.05827  
11354.72948  
11342.23321  
11339.03348  
11342.88914  
11336.16098  
11365.47237  
11385.88209  
11360.69836  
11369.96968  
11350.41259  
11371.51278  
11356.26326  
11400.5705  
11356.43201  
11369.20386  
11346.89787  
11334.39561  
11332.14029  
11359.29507  
11393.12359  
11355.80136  
11370.39047  
11365.51154  
11320.0758  
11311.06605  
11322.11038  
11311.31621  
11331.13236  
11353.87888  
11356.26883  
11362.43656  
11370.89169  
11351.09291  
11363.25084  
11367.01124  
11333.90999  
11361.61494  
11383.3857  
11365.74317  
11363.75674  
11325.63741  
11320.92447  
11325.34623  
11353.4183  
11349.34239  
11379.7676  
11416.77697  
11374.51834  
11356.16274  
11351.00725  
11366.17577  
11371.73758  
11372.54344  
11346.04847  
11355.13607  
11379.79815  
11348.72794  
11362.4696  
11341.56816  
11351.93375  
11368.23289  
11331.74269  
11325.9994  
11336.48293  
11348.31627  
11360.20014  
11340.70735  
11392.73648  
11363.23578  
11339.07005  
11356.66307  
11363.60073  
11321.82361  
11332.89983  
11307.7323  
11323.2079  
11325.24564  
11351.33767  
11351.85562  
11358.65035  
11353.03877  
11335.95207  
11309.58591  
11321.68345  
11385.70299  
11373.64529  
11468.40883  
11395.16318  
11391.05987  
11358.18  
11350.23278  
11344.72383  
11327.92903  
11364.98256  
11370.34693  
11360.85979  
11358.27371  
11338.90579  
11351.69062  
11343.07462  
11347.49328  
11363.2803  
11391.7926  
11370.20955  
11366.11343  
11338.34238  
11382.54895  
11354.93947  
11361.53582  
11340.58326  
11421.17328  
11381.22649  
11326.9928  
11304.92397  
11291.38068  
11291.78361  
11321.67338  
11317.92426  
11313.61487  
11352.3089  
11351.79773  
11350.8124  
11354.37094  
11346.59392  
11328.61728  
11345.84487  
11352.43972  
11341.23689  
11359.88481  
11342.73367  
11345.09934  
11370.38171  
11338.2024  
11368.97942  
11365.83444  
11355.54808  
11360.25685  
11350.03627  
11330.16412  
11351.41874  
11365.45318  
11360.97613  
11329.30297  
11343.31239  
11320.63366  
11368.19091  
11397.69811  
11376.89337  
11310.56839  
11380.26329  
11346.71588  
11316.65223  
11319.15042  
11392.95943  
11433.15075  
11373.68736  
11349.4991  
11345.46263  
