12489.25498  
12437.79614  
12466.88352  
12531.58592  
12504.62592  
12468.95805  
12455.39701  
12470.24679  
12487.6767  
12420.99014  
12427.03563  
12452.33875  
12467.70092  
12512.45871  
12562.47335  
12499.91591  
12449.83023  
12467.09757  
12505.51911  
12518.48568  
12560.95771  
12614.18515  
12603.54734  
12487.71307  
12428.61714  
12419.32344  
12479.40324  
12449.86338  
12455.23868  
12499.93317  
12515.39093  
12544.35111  
12590.95507  
12581.52241  
12588.72447  
12588.7011  
12612.00224  
12570.68391  
12498.89957  
12500.22549  
12484.64673  
12481.38254  
12456.21753  
12437.69167  
12393.59004  
12348.42847  
12369.40605  
12530.56257  
12583.01674  
12558.35527  
12546.75932  
12555.8787  
12561.34146  
12424.16752  
12432.89961  
12379.992  
12431.74935  
12421.61646  
12453.35039  
12398.01821  
12428.38477  
12428.01891  
12504.9215  
12489.03699  
12469.88885  
12470.61034  
12475.13565  
12495.32251  
12499.48687  
12556.44333  
12613.77271  
12588.47399  
12525.87385  
12417.85266  
12385.80016  
12442.66482  
12446.89796  
12372.01063  
12447.32703  
12528.03344  
12488.03323  
12456.23863  
12450.79507  
12362.1619  
12344.48044  
12410.55204  
12514.3532  
12534.00929  
12661.79234  
12686.8575  
12575.54378  
12562.22695  
12538.46074  
12485.36488  
12466.26931  
12441.48589  
12335.9171  
12401.91747  
12497.04807  
12539.52873  
12515.61837  
12510.95834  
12513.01259  
12515.98767  
12552.46644  
12509.34729  
12461.62811  
12509.01177  
12561.15875  
12501.93822  
12488.56744  
12545.50115  
12555.28669  
12501.71293  
12518.4655  
12378.83185  
12303.27738  
12414.85449  
12453.47674  
12455.5108  
12408.15259  
12393.08221  
12444.51413  
12514.51906  
12473.68849  
12437.01464  
12475.44914  
12491.78349  
12529.24076  
12533.29344  
12559.56165  
12506.8851  
12518.9625  
12493.81595  
12523.14589  
12477.27662  
12474.43026  
12520.08465  
12533.59292  
12525.75838  
12483.21087  
12511.14576  
12458.66348  
12383.89934  
12410.81495  
12492.98083  
12427.00304  
12391.47165  
12387.925  
12423.2745  
12540.03806  
12506.61988  
12386.72259  
12402.49504  
12474.68027  
12568.94472  
12672.31708  
12605.72124  
12511.14522  
12530.97004  
