10861.83336  
10883.37134  
10762.43524  
10844.45213  
10801.7505  
10863.48842  
10916.56233  
10823.99692  
10837.47493  
10799.5281  
10806.02433  
10846.77396  
10882.22622  
10966.28283  
10899.96823  
10863.90342  
10806.0107  
10845.69764  
10853.54635  
10799.76692  
10767.35009  
10805.82348  
10858.91441  
10803.56948  
10808.31203  
10898.56182  
10901.23389  
10837.91245  
10816.56352  
10942.98962  
10834.01317  
10814.26553  
10827.00698  
10857.80315  
10834.46485  
10773.36487  
10906.6887  
10838.1888  
10902.69426  
10914.74503  
11024.19317  
10920.25547  
10840.66193  
10903.74722  
10849.54765  
10849.0934  
10827.2931  
10843.48345  
10786.20069  
10813.1255  
10759.92473  
10719.98839  
10753.18014  
10780.38979  
10758.36519  
10824.94557  
10887.53992  
10893.727  
10762.96422  
10803.40358  
10895.59115  
10894.74325  
10758.0299  
10770.97381  
10769.45689  
10777.99531  
10882.25754  
10832.61795  
10919.03063  
10963.88585  
10967.35196  
10904.98899  
10873.38064  
11049.69763  
10998.05062  
10885.06327  
10850.80945  
10812.36074  
10887.85824  
10982.42908  
10886.97649  
10824.65427  
10809.23194  
10765.96037  
10869.93852  
10826.61208  
10859.24568  
10817.03106  
10785.88619  
10780.37052  
10692.4098  
10717.74191  
10818.42335  
10873.00176  
10824.59267  
10821.4131  
10846.88519  
10922.08727  
10937.05859  
10890.94399  
10858.78431  
10934.10617  
10949.96253  
10849.37122  
10976.59491  
10993.88049  
10829.53762  
10849.80674  
10970.73418  
10876.26688  
10763.09418  
10791.21758  
10848.95028  
10932.25459  
11003.97606  
10811.0595  
10704.06836  
10721.74657  
10873.34854  
10823.40379  
10822.13175  
10854.79644  
10785.74218  
10692.34639  
10749.30215  
10819.29238  
10764.48861  
10743.93359  
10780.07545  
10809.05514  
10841.18302  
10865.7635  
10861.06389  
10854.64517  
10854.37723  
10803.21277  
10838.72153  
10905.93601  
10832.8196  
10757.08725  
10786.35184  
10866.51763  
10965.8076  
10797.25619  
10800.4959  
10824.24747  
10873.66081  
10865.87762  
10775.39012  
10871.47567  
10866.60145  
10755.64777  
10879.63128  
10865.27916  
10848.0828  
10896.176  
10892.21997  
10985.48436  
10862.9821  
10776.16044  
