10935.39828  
10976.44685  
10745.88353  
10838.50606  
10822.1933  
10971.18792  
10940.27911  
10803.62689  
10799.04892  
10846.20043  
10824.74887  
10843.97132  
10952.58457  
11068.98789  
10968.34322  
10895.50462  
10828.73492  
10869.33507  
10896.45052  
10845.14343  
10790.06541  
10832.98245  
10911.80246  
10839.68015  
10854.47972  
10965.97715  
10927.06563  
10856.12401  
10873.67079  
10996.26418  
10868.23709  
10819.66952  
10862.87235  
10874.4278  
10830.27755  
10822.45954  
10879.77536  
10870.98351  
10945.00867  
10920.57809  
11072.00353  
10890.43535  
10806.05625  
10972.9575  
10922.26361  
10930.82913  
10925.89659  
10915.31895  
10840.68972  
10879.95892  
10837.37427  
10762.32909  
10773.95238  
10841.63027  
10803.86709  
10815.35283  
10917.1358  
10935.34852  
10753.31568  
10819.64621  
10955.11213  
10960.15453  
10785.16247  
10809.82307  
10850.75169  
10875.96353  
10979.96275  
10898.67637  
10947.23512  
11002.1275  
11002.12866  
10956.3335  
10894.73394  
11143.39765  
11024.49591  
10880.25546  
10817.44885  
10837.9364  
10860.86609  
10958.52057  
10763.7888  
10763.08079  
10858.37919  
10807.88525  
10938.52282  
10834.39865  
10897.50716  
10838.49056  
10860.34466  
10826.0834  
10761.23549  
10786.52065  
10946.60848  
10973.73124  
10880.24891  
10887.27455  
10896.10649  
10942.48909  
10984.91859  
10909.20122  
10841.16247  
10905.07107  
10921.70373  
10852.49878  
11060.96951  
10969.8925  
10782.45855  
10878.51908  
11070.62306  
10881.8623  
10746.88442  
10796.62573  
10822.44426  
10994.2465  
11055.70785  
10797.9911  
10718.68316  
10794.54688  
10881.19373  
10785.77221  
10881.98145  
10907.5884  
10769.75067  
10648.00738  
10756.91391  
10928.14972  
10878.13343  
10745.6749  
10809.74947  
10885.25287  
10905.10846  
10934.54776  
10940.3479  
10951.85722  
10897.12686  
10865.53974  
10874.34377  
10955.46974  
10891.66834  
10759.09597  
10785.88202  
10917.74997  
11026.27691  
10825.80232  
10796.19899  
10831.27269  
10833.07055  
10885.81489  
10859.76871  
10900.99591  
10874.91526  
10754.46103  
10933.18818  
10896.9667  
10856.3918  
10987.21974  
10998.56763  
11026.00003  
10838.15374  
10804.47659  
