10585.05368  
10562.70741  
10373.49943  
10438.30098  
10400.55143  
10545.72919  
10537.42526  
10399.94581  
10370.05124  
10421.37647  
10444.6089  
10461.59727  
10537.0258  
10649.29011  
10539.75589  
10529.16052  
10449.83371  
10447.82106  
10480.51124  
10479.39392  
10441.30885  
10467.77308  
10522.3492  
10432.20997  
10483.16786  
10532.06545  
10500.81753  
10452.24876  
10447.6483  
10542.60652  
10454.42135  
10440.96469  
10432.28495  
10509.57859  
10490.38074  
10404.13493  
10511.82967  
10475.39249  
10513.47811  
10538.49001  
10658.80454  
10511.42766  
10433.36589  
10508.76095  
10497.23239  
10510.69286  
10512.70506  
10492.53549  
10433.75823  
10452.63133  
10391.91382  
10374.92443  
10379.30693  
10481.49766  
10401.59209  
10395.59829  
10496.17921  
10512.26614  
10371.20562  
10392.40424  
10574.08906  
10570.44719  
10374.10297  
10408.53661  
10440.65143  
10486.48392  
10518.99146  
10495.8502  
10579.65726  
10617.92996  
10583.7907  
10525.19204  
10527.80421  
10743.17213  
10660.66307  
10473.56526  
10416.46481  
10430.98873  
10499.69992  
10573.12975  
10415.72894  
10389.7319  
10450.2813  
10449.79817  
10519.24204  
10411.81122  
10450.32704  
10398.11327  
10429.4144  
10420.7108  
10309.15385  
10344.38083  
10521.35222  
10578.22435  
10490.60542  
10457.36988  
10471.99154  
10534.77638  
10568.09498  
10527.79758  
10420.89876  
10489.97915  
10551.83764  
10460.81507  
10645.0151  
10557.89659  
10406.4341  
10465.51108  
10650.81523  
10492.48789  
10360.32307  
10394.41696  
10431.00573  
10642.56484  
10700.79258  
10375.40932  
10292.09593  
10353.92689  
10541.66782  
10451.54246  
10492.50642  
10498.52685  
10375.03833  
10285.13443  
10337.42575  
10505.3549  
10491.2448  
10369.22106  
10414.7361  
10500.52625  
10493.88702  
10522.92542  
10521.0605  
10522.29231  
10498.7256  
10458.72692  
10508.27837  
10552.65207  
10453.3729  
10378.8135  
10420.13251  
10531.74115  
10613.96361  
10402.30098  
10397.88023  
10442.49723  
10488.45195  
10497.44576  
10461.62103  
10516.7341  
10514.03517  
10395.41835  
10511.18694  
10474.36556  
10428.67327  
10560.31447  
10582.50027  
10617.47626  
10441.02154  
10379.33905  
