11109.34153  
11130.69679  
11027.06896  
11089.8116  
11066.35282  
11093.42857  
11094.82839  
11037.06958  
11070.4656  
11036.6601  
11043.29395  
11068.06202  
11107.00649  
11168.66722  
11120.64433  
11082.33781  
11030.68822  
11041.28607  
11054.8856  
11060.02713  
11039.66172  
11051.91849  
11111.04747  
11057.02593  
11075.62054  
11089.64684  
11121.15402  
11100.56595  
11075.52254  
11116.89409  
11088.94534  
11041.58464  
11043.91424  
11094.99488  
11088.35234  
11075.16693  
11106.91652  
11076.8951  
11109.38962  
11109.08694  
11195.52102  
11093.84065  
11086.12056  
11120.53169  
11107.61879  
11093.21297  
11101.00695  
11120.40037  
11085.3283  
11097.3623  
11044.32109  
11015.88771  
11028.38714  
11075.58134  
11039.10306  
11049.29974  
11102.94983  
11105.86578  
11028.13624  
11046.47902  
11152.32949  
11143.62334  
11047.39978  
11063.16838  
11051.14906  
11056.66242  
11104.76019  
11068.24282  
11129.78702  
11173.69513  
11175.65552  
11141.75056  
11096.47909  
11179.12429  
11121.12143  
11068.7009  
11026.75656  
11002.43852  
11031.16762  
11140.39904  
11034.86297  
11015.28687  
11053.12998  
11013.58369  
11097.28072  
11072.21635  
11104.42513  
11064.88723  
11043.27922  
11061.59519  
11009.45633  
10990.897  
11062.67338  
11126.43197  
11117.80757  
11098.46212  
11064.22136  
11091.9821  
11111.33437  
11093.86404  
11047.60868  
11096.10759  
11120.43915  
11080.04688  
11149.89242  
11153.55422  
11064.45433  
11093.47177  
11159.18888  
11089.78558  
11009.56224  
11037.84082  
11044.70848  
11126.818  
11174.62929  
11043.35205  
10986.19041  
10985.29228  
11085.57445  
11030.13058  
11090.93229  
11097.85761  
11045.88802  
10965.66029  
10998.79611  
11061.73327  
11025.91705  
10998.66329  
11046.90506  
11082.45917  
11089.70471  
11114.27453  
11127.32185  
11102.28271  
11082.64665  
11051.0831  
11077.18046  
11106.39546  
11087.82144  
11034.38998  
11024.36017  
11063.73962  
11140.00736  
11063.01046  
11035.33698  
11036.79784  
11086.74977  
11091.19982  
11067.80874  
11105.47237  
11101.07511  
11052.48  
11110.18674  
11062.84238  
11037.10713  
11117.86012  
11106.16452  
11151.27893  
11104.31318  
11037.12639  
