11435.09246  
11362.71253  
11367.01582  
11358.91198  
11301.68675  
11317.50406  
11328.53436  
11320.18301  
11305.24613  
11296.84436  
11330.11985  
11389.27534  
11389.5853  
11374.58475  
11353.93067  
11332.5864  
11313.17917  
11309.47176  
11333.35713  
11363.51503  
11370.42315  
11336.18124  
11307.69094  
11291.65834  
11284.57206  
11297.90005  
11328.70922  
11340.16714  
11322.10721  
11324.35957  
11359.54567  
11341.20762  
11344.92376  
11385.5866  
11385.11923  
11399.51804  
11352.00662  
11323.77164  
11324.30349  
11351.58804  
11399.53264  
11368.78192  
11350.2971  
11319.35705  
11336.85355  
11340.80021  
11344.33019  
11363.87672  
11383.83165  
11361.25869  
11330.21766  
11315.04001  
11330.32143  
11313.23925  
11336.68298  
11328.46403  
11364.44178  
11355.39242  
11335.39408  
11315.01  
11369.35002  
11353.00896  
11332.85518  
11325.02583  
11318.89798  
11303.07787  
11311.84034  
11367.13324  
11412.6028  
11391.05059  
11329.99391  
11324.55679  
11356.5459  
11322.42464  
11343.11149  
11372.10893  
11323.8659  
11332.22729  
11364.65972  
11372.0852  
11335.66451  
11325.77682  
11282.22209  
11310.37149  
11300.62124  
11305.34721  
11354.46775  
11364.63073  
11341.71085  
11352.98002  
11338.68597  
11345.37025  
11376.83592  
11395.78823  
11392.53857  
11373.72328  
11338.90062  
11332.97989  
11366.52468  
11370.49738  
11344.60406  
11377.05609  
11379.3793  
11358.03285  
11357.57164  
11370.66223  
11322.36392  
11321.29285  
11343.47901  
11383.3264  
11344.17114  
11317.41298  
11316.08383  
11383.67564  
11366.72421  
11344.86349  
11306.92057  
11302.45954  
11308.95821  
11358.38657  
11361.45152  
11323.42357  
11337.10318  
11292.74286  
11300.08133  
11334.81811  
11344.04454  
11340.35655  
11318.93279  
11313.41846  
11327.4972  
11317.70373  
11330.13605  
11328.77184  
11357.87987  
11350.87849  
11344.28516  
11339.90256  
11338.55912  
11332.1526  
11316.68224  
11333.74822  
11339.60877  
11370.44403  
11333.27172  
11324.25904  
11340.53243  
11342.93422  
11359.06788  
11346.77957  
11335.74569  
11320.70555  
11326.02055  
11321.66994  
11355.54006  
11332.96733  
11378.68648  
11397.8386  
11379.91761  
11319.82367  
