12045.06386  
11937.06827  
12035.68399  
12128.94257  
12064.52997  
12098.9569  
11969.18085  
11953.96582  
12053.54548  
12104.92541  
12096.66792  
12096.90076  
12081.46804  
12065.55881  
12050.04462  
12030.99618  
12015.09325  
12071.20717  
12094.28502  
12048.73201  
11924.57754  
11957.06117  
12041.13668  
12076.71262  
12089.65152  
12072.14132  
11971.27367  
11909.08394  
11972.61635  
12043.35685  
12057.96072  
12111.46275  
12119.69085  
12121.19938  
12009.54293  
11997.3541  
12060.21994  
12088.66061  
12078.09247  
12157.79783  
12206.36695  
12156.99935  
12043.83307  
12042.82709  
12020.65736  
12058.63032  
12054.45637  
12093.6448  
12033.63509  
11989.93867  
12010.12499  
11989.50787  
12008.86658  
12007.45391  
12035.76594  
12063.79672  
12160.21978  
12124.68392  
12047.37713  
12041.23183  
12185.76019  
12096.78942  
12002.24879  
11959.37292  
11939.58136  
11927.87439  
11951.99896  
12041.4152  
12182.73427  
12217.94903  
12059.39769  
12049.39026  
12120.50773  
12175.01479  
12090.06763  
11989.32142  
11967.87025  
12031.19196  
12117.5626  
12116.52755  
12096.81062  
12041.24117  
12045.52349  
12080.60273  
11962.31416  
11968.11555  
11970.36833  
11919.76868  
11989.52737  
11931.17091  
11919.20714  
11935.20606  
12009.30112  
12080.88941  
12063.34101  
12100.90882  
12116.37523  
12138.57022  
12180.41442  
12121.96545  
12075.26688  
12134.72082  
12105.19062  
12054.51567  
12064.89111  
11995.07242  
12000.6855  
12037.45658  
12129.22996  
12097.6901  
12019.00994  
11997.20625  
12084.18193  
12187.63625  
12071.77308  
11973.80308  
11986.28243  
11990.33302  
12082.04271  
12145.31937  
12136.73767  
12059.35787  
11986.04858  
11916.48112  
11963.1794  
12084.93012  
12026.18386  
11907.7544  
11860.35054  
11911.20206  
12014.35242  
12028.52449  
11974.4232  
12015.2817  
12039.80091  
12043.79039  
12046.62829  
12053.70051  
11987.90743  
11992.06646  
12033.20879  
12123.70625  
12128.84283  
12087.25106  
12074.62673  
12042.35667  
11984.87704  
11926.14624  
11949.44193  
12041.25262  
12049.29442  
12036.84109  
12101.31809  
12085.80007  
12012.17192  
12090.53662  
12119.45055  
12133.52228  
12050.06839  
12069.38179  
