10694.00374  
10670.64645  
10722.59561  
10726.03856  
10730.28282  
10745.86778  
10713.06906  
10712.94104  
10677.4009  
10713.88095  
10770.34748  
10781.18741  
10751.47786  
10765.81111  
10775.29682  
10801.56847  
10788.66735  
10786.20797  
10760.90021  
10756.00922  
10749.24448  
10775.67556  
10820.64927  
10761.15851  
10756.63704  
10690.43488  
10691.15578  
10694.906  
10729.328  
10728.24166  
10740.40916  
10771.6545  
10782.60719  
10768.81959  
10702.26693  
10677.24248  
10645.99333  
10693.36762  
10705.9483  
10733.14017  
10711.21372  
10730.53639  
10738.7555  
10724.55355  
10734.69016  
10707.9881  
10708.82829  
10695.11621  
10693.92837  
10725.23022  
10721.64323  
10669.78221  
10654.20752  
10751.6471  
10827.16815  
10806.03029  
10736.78702  
10727.04698  
10732.99571  
10781.55509  
10788.61708  
10756.89379  
10720.13808  
10724.30474  
10732.91638  
10731.28942  
10761.61008  
10766.94186  
10731.21003  
10745.82489  
10717.66253  
10717.4783  
10717.93162  
10745.90598  
10696.17441  
10738.69021  
10696.66001  
10710.05125  
10738.18497  
10724.29803  
10693.12625  
10773.38377  
10788.53407  
10794.95605  
10722.62261  
10736.36809  
10752.24843  
10801.25886  
10777.88625  
10697.61057  
10711.68766  
10718.1422  
10738.20604  
10799.22195  
10860.25836  
10743.58831  
10766.10699  
10768.74884  
10820.29952  
10791.74667  
10736.15547  
10768.12675  
10759.17786  
10779.84511  
10746.98226  
10744.10742  
10738.13967  
10734.87259  
10703.0459  
10695.55221  
10705.49175  
10720.31141  
10689.01279  
10702.47014  
10723.77071  
10717.83203  
10706.06794  
10689.73962  
10749.39969  
10775.53479  
10694.72014  
10692.97542  
10738.0093  
10696.03828  
10713.49993  
10745.50221  
10696.59145  
10655.43553  
10729.34512  
10770.3622  
10755.62777  
10718.962  
10771.83008  
10814.5212  
10812.74217  
10760.59634  
10782.21088  
10807.43314  
10811.55463  
10809.79565  
10782.06829  
10831.48141  
10819.24083  
10713.4254  
10745.40567  
10735.77677  
10723.25302  
10697.01237  
10695.17576  
10646.64388  
10637.84319  
10701.89916  
10686.89905  
10703.05981  
10744.49816  
10779.56469  
10756.24136  
10760.41735  
10726.79187  
10734.70633  
