11523.06697  
11505.73245  
11538.34664  
11538.49272  
11518.45608  
11509.54858  
11489.88777  
11511.35157  
11517.73309  
11484.41278  
11506.30278  
11532.71885  
11540.26329  
11530.79514  
11518.76303  
11504.68004  
11496.08156  
11496.40533  
11505.35366  
11536.19086  
11529.89098  
11533.24611  
11545.58814  
11518.75464  
11526.62472  
11510.10965  
11500.47085  
11508.997  
11517.15568  
11514.13139  
11515.78381  
11520.09506  
11544.21163  
11520.18719  
11531.97368  
11492.83942  
11502.95526  
11506.73443  
11512.90875  
11503.4726  
11514.79082  
11530.41853  
11540.26041  
11536.69724  
11520.21189  
11526.06174  
11525.80685  
11514.17343  
11514.97063  
11496.33056  
11480.59028  
11504.43237  
11487.50244  
11485.43145  
11531.30455  
11543.12879  
11562.41089  
11523.89819  
11520.19609  
11515.0415  
11513.46412  
11514.42794  
11514.54696  
11502.2617  
11511.89445  
11514.93541  
11493.72506  
11511.86199  
11528.76081  
11511.85077  
11504.57955  
11509.44005  
11487.89055  
11495.92788  
11501.71293  
11513.59475  
11543.02048  
11523.0623  
11492.07653  
11496.36766  
11502.74082  
11523.71099  
11532.34288  
11544.99983  
11533.23717  
11557.94374  
11555.67985  
11538.05834  
11535.71675  
11516.52386  
11483.00998  
11474.13189  
11492.34423  
11509.81545  
11557.63621  
11542.51622  
11541.0861  
11516.334  
11499.98197  
11513.1766  
11523.22435  
11527.49052  
11525.69748  
11518.14205  
11534.46499  
11523.26826  
11526.08582  
11535.42462  
11532.89418  
11542.85815  
11539.70125  
11509.64529  
11511.72761  
11514.98758  
11534.92847  
11529.37112  
11537.2077  
11516.32628  
11529.21789  
11476.0188  
11499.71157  
11508.17454  
11528.96922  
11504.84165  
11495.67488  
11509.92534  
11486.95812  
11518.55042  
11515.13055  
11526.65377  
11542.65328  
11551.2203  
11525.08489  
11529.68554  
11536.27508  
11513.0925  
11530.02569  
11501.04062  
11511.64785  
11501.42919  
11565.80712  
11539.6696  
11528.10351  
11519.19593  
11514.49538  
11533.35167  
11535.67248  
11518.88637  
11491.11099  
11479.17221  
11487.75541  
11490.37451  
11501.87536  
11491.7609  
11505.21745  
11533.31649  
11547.72842  
11525.47625  
11537.22458  
11513.10995  
