10869.59639  
10855.40356  
10872.1669  
10870.36174  
10873.66334  
10847.07247  
10838.41838  
10845.77161  
10844.18543  
10855.65064  
10859.85477  
10884.42773  
10887.59348  
10901.11874  
10865.57788  
10864.20194  
10890.09236  
10903.44601  
10880.78637  
10879.49056  
10893.47779  
10899.86329  
10890.97093  
10893.36842  
10857.27071  
10847.12834  
10858.12944  
10871.30154  
10863.20437  
10869.70198  
10874.93994  
10898.55883  
10914.77983  
10896.60725  
10866.18132  
10850.27175  
10825.88764  
10856.14194  
10863.80194  
10863.88025  
10869.28961  
10863.75407  
10865.34598  
10845.92299  
10865.76195  
10873.13192  
10857.57353  
10850.44356  
10856.22554  
10854.27294  
10841.78321  
10850.68794  
10843.7029  
10868.34421  
10900.03104  
10889.42839  
10866.06529  
10858.40946  
10873.82237  
10857.80885  
10840.67959  
10866.35255  
10852.72451  
10842.46308  
10858.47547  
10856.76236  
10870.20758  
10899.85938  
10892.25506  
10854.2093  
10872.35788  
10869.92334  
10845.59177  
10858.07283  
10863.93582  
10866.37005  
10871.86546  
10862.59824  
10862.38687  
10867.65422  
10863.40981  
10872.43929  
10899.43521  
10884.31261  
10847.68543  
10844.79985  
10874.53799  
10901.3378  
10920.44712  
10865.50523  
10861.36955  
10868.25285  
10870.2354  
10879.70029  
10932.62968  
10909.87254  
10882.96744  
10890.43585  
10899.05423  
10885.0065  
10862.77171  
10886.2737  
10881.91009  
10903.84722  
10893.23729  
10888.94424  
10902.44225  
10901.79159  
10849.85543  
10870.88701  
10890.08886  
10895.54877  
10859.39567  
10822.49327  
10852.60957  
10869.80677  
10855.16363  
10851.62112  
10870.97644  
10893.00086  
10882.17946  
10875.30986  
10854.71804  
10846.0807  
10848.18427  
10843.04779  
10828.06847  
10808.57378  
10899.90412  
10915.89928  
10891.84256  
10873.34022  
10893.60622  
10888.68495  
10888.49525  
10865.81091  
10859.32233  
10873.27179  
10878.91399  
10909.33276  
10908.52991  
10943.53277  
10927.71711  
10892.31192  
10894.97438  
10892.47521  
10880.99287  
10872.62271  
10871.77169  
10829.56462  
10829.82451  
10856.8602  
10805.41447  
10834.59718  
10879.49917  
10864.38148  
10858.63544  
10873.99253  
10861.82811  
10860.01435  
