12078.00442  
12045.60138  
12042.83328  
12060.29255  
12030.93539  
12041.62196  
12042.65535  
12009.9187  
12050.30246  
12024.19275  
12037.92156  
12097.02148  
12100.60085  
12069.76245  
12094.5165  
12075.90364  
12087.02316  
12069.57506  
12084.62691  
12090.51494  
12106.1657  
12094.17382  
12115.85706  
12116.45251  
12095.86902  
12080.54636  
12075.093  
12071.08431  
12044.74231  
12063.90197  
12062.36508  
12060.06752  
12077.71803  
12079.8663  
12085.33833  
12025.4411  
12013.37874  
11988.14414  
12047.95671  
12066.58982  
12072.17817  
12028.80054  
12049.1365  
12023.17078  
12051.40736  
12034.09328  
12029.64112  
12013.07935  
12024.55365  
12037.16278  
11999.52275  
12034.19421  
12020.7491  
12023.93456  
12097.44035  
12131.74724  
12132.86189  
12096.51741  
12058.07545  
12069.04563  
12100.84903  
12117.74791  
12097.8979  
12080.57144  
12067.38904  
12077.31041  
12062.64824  
12102.98635  
12037.91197  
12049.71155  
12051.53791  
12045.41087  
12038.04347  
12058.99951  
12052.98269  
12028.6971  
12054.81247  
12047.51469  
12016.33634  
12015.50215  
12003.08795  
12027.25913  
12058.29691  
12103.83958  
12081.13015  
12083.44889  
12064.57411  
12078.67586  
12070.61287  
12027.82481  
12008.28091  
11991.24644  
12038.2738  
12087.26096  
12161.49212  
12117.02488  
12086.50402  
12062.30458  
12097.1918  
12044.38012  
12075.64222  
12067.82828  
12099.22209  
12070.79212  
12109.55677  
12095.37738  
12093.75552  
12081.4911  
12077.14557  
12087.08093  
12054.00073  
12076.7384  
12062.50936  
12038.88014  
12051.45934  
12051.37047  
12060.24318  
12064.52904  
12079.44621  
12069.94208  
12034.84318  
12066.4712  
12062.51116  
12073.78747  
12062.41641  
12075.62464  
12040.3189  
12058.71813  
12070.32334  
12078.54314  
12077.86581  
12071.80332  
12071.80872  
12095.36174  
12109.75528  
12047.69339  
12097.80541  
12052.48506  
12100.00059  
12071.57184  
12131.78648  
12163.37162  
12116.4066  
12119.92903  
12060.90033  
12064.09858  
12052.04387  
12058.62642  
12028.49744  
12009.06383  
12010.35304  
12015.81576  
12008.74524  
12025.39998  
12073.44666  
12046.78195  
12066.80401  
12060.39827  
12090.22567  
12079.18425  
