11424.80674  
11386.85937  
11371.03389  
11330.82336  
11395.7331  
11220.81409  
11206.77318  
11299.31826  
11330.90342  
11299.13477  
11360.66979  
11304.13334  
11350.38013  
11436.72176  
11310.95978  
11359.42353  
11380.30169  
11328.86075  
11361.89031  
11333.87641  
11354.79913  
11298.3294  
11291.94462  
11262.2548  
11377.07358  
11368.11796  
11314.17647  
11216.30287  
11370.42471  
11322.46055  
11426.8389  
11398.22997  
11395.414  
11352.1947  
11393.75441  
11386.20374  
11370.38812  
11353.74199  
11344.33016  
11441.34718  
11473.48364  
11363.33645  
11289.66492  
11159.60471  
11252.58414  
11300.87076  
11337.97773  
11346.01983  
11299.27711  
11339.75626  
11346.3954  
11326.89091  
11309.75344  
11324.09858  
11355.56219  
11338.25751  
11447.76033  
11381.9053  
11315.27369  
11408.42855  
11417.10491  
11382.84542  
11306.5314  
11327.92248  
11342.12823  
11316.84134  
11331.76146  
11263.61659  
11328.67696  
11318.20178  
11352.95563  
11365.03224  
11371.01645  
11215.69177  
11260.33292  
11332.54703  
11317.02554  
11246.56239  
11371.99134  
11443.07738  
11438.03763  
11296.95547  
11277.08709  
11322.05968  
11242.93113  
11291.55928  
11293.38088  
11352.35072  
11326.63517  
11344.86419  
11370.27267  
11347.46325  
11341.85801  
11392.92361  
11423.96205  
11455.95761  
11315.35223  
11293.39424  
11309.02367  
11336.63005  
11385.48813  
11412.9655  
11388.05556  
11318.21703  
11297.12055  
11366.78089  
11310.17522  
11254.20916  
11253.34911  
11297.7568  
11367.09755  
11419.00434  
11384.9763  
11379.16958  
11403.15552  
11333.72724  
11329.13372  
11401.9224  
11321.5787  
11305.30772  
11379.54764  
11257.22793  
11322.5051  
11302.57725  
11304.31496  
11370.92927  
11390.08607  
11378.34697  
11393.24201  
11384.30052  
11337.15393  
11411.60064  
11370.88633  
11292.70505  
11370.81453  
11381.1597  
11320.40224  
11358.37486  
11304.71476  
11293.54348  
11265.95144  
11285.80961  
11314.61419  
11298.02821  
11248.48269  
11318.16635  
11308.5905  
11338.33603  
11327.36435  
11394.45032  
11361.11006  
11336.8445  
11259.80375  
11320.56965  
11386.13922  
11415.55051  
11380.07983  
11391.13336  
11327.35138  
11339.63063  
