11780.88225  
11725.32  
11734.95407  
11730.63278  
11764.176  
11699.33962  
11703.80865  
11724.01631  
11776.75497  
11789.5661  
11750.56354  
11712.36256  
11760.78721  
11791.19462  
11735.09351  
11757.27169  
11772.97986  
11718.24238  
11745.29361  
11734.44867  
11750.94391  
11754.32886  
11758.78234  
11770.08734  
11795.05092  
11800.74697  
11787.43198  
11730.77472  
11780.78634  
11766.75296  
11813.48454  
11775.15367  
11777.23845  
11727.12702  
11768.72401  
11807.27433  
11797.81112  
11768.69254  
11732.03763  
11812.58355  
11802.73574  
11730.70934  
11722.92501  
11712.09395  
11747.1379  
11771.76925  
11726.13596  
11745.76199  
11699.80529  
11696.82436  
11759.43778  
11727.88555  
11732.99132  
11764.07132  
11787.05192  
11737.91416  
11757.52569  
11723.52241  
11753.60893  
11786.42906  
11767.21958  
11778.94695  
11793.99073  
11778.67322  
11767.70852  
11727.86696  
11745.8774  
11720.44735  
11735.42687  
11742.71534  
11767.51413  
11753.82334  
11767.08072  
11754.84917  
11776.99897  
11771.69795  
11682.91077  
11774.35706  
11767.0776  
11777.1271  
11671.74161  
11666.26002  
11679.77026  
11686.08467  
11693.50038  
11724.75106  
11741.57632  
11737.67656  
11761.63104  
11815.63567  
11815.52733  
11759.82734  
11798.69024  
11773.74126  
11770.52738  
11720.37027  
11651.18228  
11648.10543  
11677.20537  
11700.34637  
11721.85344  
11720.62106  
11732.26585  
11729.61997  
11769.23371  
11783.13543  
11765.61796  
11782.0258  
11767.37502  
11813.00294  
11857.31621  
11871.96525  
11786.0399  
11764.88293  
11780.43175  
11752.99484  
11713.98058  
11729.64865  
11750.82834  
11750.60617  
11766.24402  
11758.01501  
11811.11455  
11788.44909  
11737.84532  
11760.83271  
11773.4391  
11746.50555  
11727.49551  
11687.49392  
11700.06183  
11730.43745  
11697.04081  
11745.10168  
11773.95473  
11736.53527  
11710.70796  
11739.83088  
11693.14073  
11715.93036  
11743.21729  
11736.6813  
11763.45798  
11723.7437  
11711.77105  
11786.11411  
11746.97902  
11778.5086  
11771.88301  
11754.25363  
11740.75152  
11746.95711  
11753.57553  
11786.22383  
11807.9998  
11779.31506  
11742.36948  
11763.77704  
11722.509  
11763.54249  
