12431.64314  
12385.24534  
12387.72951  
12414.77774  
12423.28183  
12438.62141  
12380.16926  
12438.84167  
12465.02743  
12464.43079  
12419.48422  
12316.9801  
12372.87277  
12410.41916  
12341.06714  
12333.70679  
12411.22161  
12437.06982  
12443.78654  
12457.73028  
12449.61611  
12359.20413  
12314.41167  
12362.62157  
12406.85759  
12501.47432  
12453.29829  
12342.28857  
12354.54987  
12409.62841  
12467.64985  
12470.02735  
12453.83734  
12421.62585  
12462.28019  
12463.1723  
12480.89728  
12411.10646  
12381.7384  
12449.05506  
12472.00134  
12414.71225  
12349.31539  
12301.86163  
12343.04368  
12375.29882  
12441.15785  
12471.41974  
12395.76625  
12404.60357  
12388.34105  
12328.60422  
12334.2347  
12350.09072  
12426.93935  
12451.91954  
12452.48414  
12403.23404  
12398.15535  
12458.07186  
12529.88184  
12549.78515  
12519.357  
12496.0446  
12454.53124  
12339.35317  
12278.70801  
12275.34704  
12272.76572  
12317.63214  
12395.74377  
12453.94396  
12430.46178  
12394.58956  
12430.50638  
12423.81424  
12362.58744  
12354.47133  
12385.86691  
12445.55467  
12402.56246  
12381.41463  
12358.3347  
12348.15015  
12333.20306  
12339.57527  
12392.74563  
12421.33673  
12415.43779  
12493.4614  
12508.79508  
12545.34314  
12544.061  
12463.34888  
12449.53953  
12386.97857  
12302.58174  
12306.82853  
12339.55162  
12389.30043  
12435.77441  
12487.47221  
12462.50859  
12352.36346  
12355.52595  
12354.67523  
12381.8823  
12390.42881  
12398.29924  
12433.18252  
12505.69868  
12460.67343  
12426.3842  
12448.66653  
12460.94977  
12402.64398  
12398.37568  
12399.99167  
12430.86817  
12433.46231  
12391.87096  
12340.42265  
12407.62729  
12444.49763  
12445.46405  
12454.35336  
12519.29276  
12565.08628  
12542.45202  
12482.23133  
12443.95823  
12429.04804  
12402.65944  
12376.43727  
12371.12685  
12403.98052  
12339.36417  
12274.65067  
12293.79036  
12297.398  
12289.18446  
12324.0683  
12343.45026  
12413.96653  
12408.99824  
12445.54895  
12396.77249  
12411.43037  
12419.31795  
12472.00007  
12420.39251  
12373.23124  
12336.74791  
12384.89325  
12496.97408  
12552.05855  
12595.93159  
12433.74443  
12302.5919  
12374.79414  
