11325.11303  
11246.71373  
11248.2454  
11210.6772  
11276.70485  
11094.20928  
11076.99447  
11202.56412  
11222.30255  
11176.50076  
11257.95817  
11164.63918  
11240.50033  
11320.78627  
11177.42247  
11248.72007  
11263.03269  
11180.5913  
11224.84931  
11195.8704  
11222.98106  
11152.35491  
11166.41125  
11131.36113  
11297.96911  
11260.51111  
11192.51188  
11068.83104  
11239.98373  
11215.18826  
11336.59006  
11269.49876  
11286.68894  
11229.33357  
11280.23085  
11287.97153  
11255.68916  
11217.1871  
11212.53012  
11363.21658  
11359.73893  
11229.12624  
11182.86682  
11038.97946  
11110.26806  
11190.89475  
11240.75225  
11260.7786  
11153.31048  
11183.74874  
11218.8799  
11222.05729  
11220.91419  
11226.86514  
11253.40302  
11209.17934  
11297.29289  
11227.53471  
11158.73229  
11267.81113  
11281.87421  
11261.26975  
11163.82147  
11208.76554  
11225.53929  
11189.55709  
11233.42603  
11157.7746  
11201.77047  
11200.04792  
11227.06573  
11237.22484  
11239.90027  
11066.16621  
11113.84421  
11208.34133  
11182.33928  
11131.83614  
11259.08471  
11319.41325  
11338.12303  
11181.64945  
11159.38066  
11225.14084  
11108.03653  
11179.07753  
11160.65529  
11241.30558  
11193.97754  
11206.0791  
11221.13377  
11209.1587  
11218.8866  
11268.21554  
11293.52678  
11345.89859  
11209.48302  
11194.1172  
11218.84976  
11236.20132  
11265.12172  
11310.47861  
11291.72064  
11206.39157  
11191.02635  
11271.46733  
11199.62032  
11124.55341  
11132.78137  
11145.88902  
11222.6347  
11306.0145  
11270.49535  
11249.68192  
11255.52087  
11212.28704  
11203.53736  
11268.69993  
11185.1401  
11168.30656  
11251.08289  
11133.06836  
11203.23146  
11166.18836  
11168.37068  
11235.29861  
11283.33347  
11245.91497  
11245.87882  
11252.88718  
11233.40201  
11309.16494  
11252.06278  
11165.04815  
11248.33142  
11263.47137  
11186.1445  
11260.54639  
11197.20581  
11185.0092  
11133.31025  
11161.76591  
11208.0958  
11168.56076  
11118.74921  
11175.69957  
11179.76274  
11206.18977  
11203.36055  
11262.73181  
11242.82859  
11225.26976  
11145.46835  
11206.24419  
11289.37929  
11299.69144  
11262.25884  
11249.78628  
11199.17858  
11240.12987  
