11397.72485  
11380.66925  
11356.11679  
11344.34257  
11353.08506  
11270.11436  
11262.06586  
11340.78809  
11356.94544  
11326.08409  
11373.4228  
11341.69883  
11370.65515  
11411.77927  
11347.91031  
11358.74776  
11382.73763  
11343.21679  
11379.52555  
11358.14338  
11365.1772  
11329.51031  
11326.8769  
11305.45256  
11365.10226  
11366.36354  
11335.5406  
11303.38079  
11385.22428  
11344.94306  
11398.51615  
11367.52638  
11378.6521  
11357.15208  
11360.47603  
11380.6064  
11360.2797  
11381.53176  
11377.32081  
11401.37387  
11415.25271  
11365.0861  
11320.904  
11257.2321  
11293.09342  
11297.5606  
11340.92193  
11350.92046  
11340.05959  
11362.30641  
11375.29711  
11334.16027  
11318.63743  
11329.531  
11355.08103  
11341.60667  
11401.46779  
11388.98943  
11343.73481  
11392.02963  
11397.68358  
11369.38006  
11357.93633  
11362.31286  
11373.95581  
11347.43132  
11359.32062  
11327.99074  
11346.25743  
11353.59927  
11351.35403  
11336.86824  
11357.36162  
11263.42999  
11319.62979  
11349.81491  
11342.34952  
11330.17938  
11354.06176  
11397.76972  
11410.22117  
11319.99745  
11301.13505  
11346.9134  
11301.81171  
11336.44773  
11339.57405  
11364.01591  
11344.72853  
11352.99665  
11364.03008  
11368.26411  
11395.30404  
11377.34891  
11372.58398  
11402.31884  
11351.26362  
11328.60932  
11343.48801  
11370.63104  
11384.79653  
11378.45041  
11381.23519  
11354.72803  
11334.34242  
11363.0636  
11342.54318  
11310.76032  
11303.32724  
11338.88541  
11370.17285  
11391.95476  
11374.45545  
11375.79865  
11375.98224  
11355.55094  
11357.6213  
11357.70395  
11338.19947  
11332.49608  
11344.3375  
11296.48931  
11354.20452  
11341.55968  
11331.75093  
11350.88378  
11362.48168  
11338.64174  
11353.97928  
11385.49744  
11353.18237  
11375.45949  
11357.13086  
11334.70347  
11371.70802  
11363.83221  
11322.83773  
11345.03361  
11332.83798  
11350.29059  
11347.09823  
11349.3707  
11369.3537  
11355.8826  
11321.8506  
11359.30938  
11337.68308  
11356.65942  
11344.75884  
11380.373  
11336.48052  
11359.40284  
11288.90624  
11337.62655  
11360.30772  
11374.47493  
11370.22191  
11393.77029  
11333.56236  
11348.64872  
