11167.75381  
11150.00388  
11155.10993  
11112.20042  
11107.60575  
11050.39596  
11067.65166  
11101.38059  
11113.42732  
11112.32779  
11116.64199  
11116.67403  
11113.10985  
11151.29235  
11109.29465  
11135.90873  
11147.31848  
11114.11094  
11125.41778  
11133.24715  
11083.12861  
11103.80382  
11084.22397  
11091.43429  
11163.1975  
11138.87883  
11078.59303  
11026.92257  
11157.21733  
11116.89679  
11167.02464  
11148.25229  
11157.41487  
11132.40191  
11147.52936  
11161.82904  
11133.33127  
11154.81464  
11115.64479  
11173.32321  
11184.01849  
11123.42929  
11063.9383  
11015.92693  
11069.7612  
11104.00172  
11124.17964  
11126.83288  
11110.84837  
11106.09485  
11125.19407  
11122.04884  
11098.52187  
11081.3858  
11135.1285  
11126.08075  
11159.29846  
11133.89914  
11102.80898  
11137.09207  
11150.36523  
11121.21887  
11131.55944  
11123.74547  
11123.33448  
11117.19682  
11147.158  
11110.25548  
11117.07227  
11131.66803  
11136.3947  
11110.59853  
11103.62415  
11052.84576  
11091.69378  
11121.64021  
11092.58865  
11108.0221  
11116.937  
11146.53955  
11152.8414  
11096.59313  
11086.64358  
11087.93337  
11070.71102  
11131.04036  
11116.01383  
11146.04719  
11116.07263  
11121.93875  
11133.69408  
11121.6822  
11190.68833  
11146.5768  
11103.52127  
11126.55473  
11126.71075  
11115.76046  
11115.27056  
11117.14255  
11136.25152  
11150.08972  
11145.43708  
11128.53716  
11120.24004  
11125.931  
11120.90684  
11108.75772  
11099.18267  
11114.2498  
11111.84163  
11139.32728  
11123.63352  
11136.69705  
11130.99818  
11140.29484  
11125.59944  
11143.28567  
11121.52439  
11095.4386  
11145.18677  
11073.28403  
11093.09917  
11105.252  
11103.5488  
11126.4779  
11144.59299  
11130.95137  
11113.10795  
11127.7156  
11107.13568  
11143.82853  
11124.02337  
11074.2458  
11122.45462  
11124.51994  
11081.66009  
11117.56349  
11128.299  
11115.80643  
11113.76702  
11123.72604  
11146.19341  
11111.58354  
11066.72076  
11119.31578  
11101.32237  
11133.19179  
11130.61397  
11132.01339  
11133.75753  
11122.51604  
11091.0411  
11089.89777  
11139.3755  
11136.95144  
11132.5157  
11145.27525  
11102.79618  
11110.10433  
