11638.4962  
11579.15828  
11586.70174  
11573.79361  
11591.7295  
11588.6227  
11542.61946  
11562.72919  
11605.25667  
11600.14133  
11588.47751  
11586.00342  
11593.17496  
11586.56256  
11581.20041  
11526.93522  
11580.73773  
11570.88303  
11608.9761  
11600.10999  
11631.63784  
11564.24904  
11574.90513  
11573.18371  
11610.82484  
11680.44662  
11652.24357  
11542.95726  
11544.33078  
11524.40395  
11615.68311  
11586.3813  
11581.23314  
11571.66005  
11577.89755  
11626.68041  
11644.92959  
11633.68708  
11581.67036  
11628.20909  
11659.79177  
11622.07431  
11600.03637  
11558.71579  
11559.76838  
11575.42434  
11634.70911  
11620.16932  
11557.1628  
11528.99052  
11564.93169  
11522.05813  
11557.67081  
11525.44077  
11614.82621  
11609.69503  
11583.53106  
11541.7243  
11554.31912  
11569.506  
11599.27343  
11603.32625  
11583.37348  
11593.50655  
11632.95643  
11559.81558  
11581.23054  
11536.94511  
11528.49973  
11528.47891  
11613.80685  
11633.21168  
11637.56451  
11587.45726  
11600.05767  
11598.80236  
11603.61618  
11561.00069  
11594.71083  
11592.06471  
11547.77893  
11536.25832  
11528.93058  
11552.58754  
11511.48673  
11521.8834  
11586.40974  
11597.35897  
11576.79797  
11667.09644  
11633.16937  
11670.89256  
11629.52693  
11608.20671  
11601.16551  
11569.3137  
11498.23282  
11507.98294  
11533.46432  
11575.49817  
11589.53298  
11621.96952  
11593.98887  
11562.62309  
11605.98015  
11586.11956  
11634.33375  
11592.77003  
11629.05142  
11634.36472  
11684.86722  
11657.54736  
11634.49714  
11616.96182  
11614.55361  
11576.36044  
11558.45782  
11550.27  
11567.82522  
11558.83734  
11619.01858  
11593.85879  
11597.82273  
11617.86761  
11605.15129  
11587.08233  
11601.64105  
11604.2053  
11596.43721  
11561.43519  
11584.53789  
11591.84377  
11567.32482  
11588.48847  
11614.70886  
11634.3266  
11582.34752  
11516.6765  
11523.66463  
11517.70873  
11570.56573  
11598.45131  
11603.28924  
11601.95581  
11585.27183  
11606.26454  
11569.82681  
11601.2461  
11592.22988  
11621.34265  
11586.51038  
11550.47  
11512.29812  
11581.88815  
11635.63563  
11661.06491  
11682.46844  
11602.13191  
11527.28502  
11551.93286  
