10665.98727  
10624.55152  
10616.72466  
10565.85706  
10562.72454  
10524.13226  
10533.74394  
10612.06118  
10615.26646  
10593.05889  
10629.63048  
10579.7341  
10619.21522  
10677.57263  
10599.9113  
10688.44156  
10624.88483  
10584.29544  
10596.12168  
10626.54799  
10609.01533  
10532.51345  
10570.82204  
10563.11326  
10654.51294  
10629.87877  
10588.66096  
10541.10483  
10647.40409  
10598.99013  
10667.15668  
10639.9312  
10655.34485  
10615.49704  
10683.35016  
10631.8399  
10655.48712  
10652.2812  
10607.7297  
10658.11989  
10700.30042  
10592.08643  
10549.2997  
10537.61378  
10583.78718  
10577.35756  
10648.02978  
10645.76026  
10588.32155  
10616.58051  
10606.83301  
10576.93628  
10575.79299  
10602.9297  
10611.46214  
10605.20686  
10680.96471  
10622.53762  
10568.67552  
10635.22689  
10616.50877  
10636.70381  
10566.89887  
10611.08818  
10624.47043  
10592.95885  
10610.32346  
10563.52645  
10598.881  
10584.89256  
10583.69641  
10582.78677  
10598.98825  
10538.33618  
10606.79941  
10641.97822  
10610.98963  
10544.402  
10623.83894  
10674.18459  
10622.24104  
10530.05853  
10537.59077  
10554.48153  
10495.78007  
10584.76545  
10597.67573  
10614.90867  
10603.40294  
10589.74839  
10622.52037  
10636.53253  
10649.49303  
10668.69531  
10639.88374  
10631.31591  
10521.19989  
10530.71138  
10565.29031  
10579.39856  
10628.00014  
10634.9578  
10615.97331  
10590.22259  
10603.86798  
10659.96887  
10618.22089  
10578.76525  
10584.16  
10605.08996  
10627.87041  
10668.32615  
10656.76234  
10638.17582  
10646.88053  
10616.64965  
10617.32735  
10623.48038  
10574.5368  
10563.10096  
10613.45605  
10597.27813  
10634.69221  
10599.70499  
10626.29343  
10623.42724  
10615.47798  
10606.51811  
10590.52969  
10614.38084  
10591.15572  
10606.51991  
10582.33383  
10571.84104  
10650.31274  
10629.27056  
10597.67964  
10604.96906  
10553.25243  
10573.80016  
10570.34841  
10594.89165  
10620.18532  
10582.8848  
10570.96258  
10622.5749  
10594.90675  
10613.28123  
10608.48859  
10626.52369  
10615.06637  
10641.27688  
10551.19317  
10612.08875  
10628.00805  
10607.1049  
10631.36626  
10639.78137  
10560.76102  
10628.12671  
