11156.78831  
11133.10336  
11115.8462  
11087.38052  
11087.04558  
11020.38099  
10997.01376  
11052.41125  
11085.63476  
11066.83566  
11097.50339  
11068.30303  
11101.7594  
11156.98408  
11092.86462  
11123.58463  
11129.92909  
11110.83717  
11116.98543  
11099.53238  
11094.91001  
11074.42273  
11060.58395  
11050.83173  
11118.57642  
11103.81919  
11079.75973  
11019.7098  
11120.61548  
11071.65698  
11136.45196  
11132.33533  
11136.95228  
11083.58625  
11124.07183  
11139.28472  
11120.40169  
11130.87768  
11105.08238  
11150.31095  
11182.00104  
11126.23616  
11069.05613  
10988.97212  
11027.9597  
11070.3822  
11093.54223  
11099.51787  
11074.94175  
11094.17286  
11118.76784  
11086.51021  
11053.98299  
11051.67715  
11093.62956  
11090.07213  
11152.16442  
11121.10743  
11068.08273  
11117.64168  
11127.66535  
11095.34803  
11084.77006  
11090.87695  
11106.00855  
11101.88981  
11110.08236  
11076.74639  
11082.47619  
11104.64478  
11102.54955  
11087.08415  
11091.97218  
11012.95387  
11038.76872  
11088.63122  
11084.62686  
11075.37686  
11108.73593  
11147.23581  
11143.20516  
11049.69666  
11041.45371  
11067.08561  
11038.71916  
11075.27573  
11064.95193  
11105.9597  
11073.21157  
11081.76545  
11109.54778  
11097.84145  
11162.78976  
11122.24169  
11118.2973  
11150.43037  
11090.26235  
11057.32422  
11073.37102  
11092.02297  
11117.94834  
11115.85748  
11112.4541  
11076.72019  
11075.99146  
11102.21975  
11076.79342  
11063.26585  
11039.1227  
11065.03406  
11099.48855  
11136.82178  
11116.61824  
11130.36347  
11123.73142  
11117.91163  
11116.09399  
11124.47566  
11080.28973  
11072.40591  
11114.2762  
11039.00691  
11065.77627  
11061.79062  
11071.56191  
11101.33006  
11113.66375  
11119.50156  
11118.68205  
11125.68601  
11086.80246  
11142.75029  
11098.44138  
11071.64673  
11111.61318  
11108.19724  
11056.97384  
11099.83645  
11075.36422  
11075.36405  
11073.83177  
11091.60739  
11114.30126  
11083.63696  
11029.43577  
11086.50642  
11075.63338  
11099.06895  
11095.10826  
11129.71456  
11094.60159  
11096.35077  
11031.47687  
11054.24228  
11111.10145  
11126.34694  
11125.30061  
11153.16111  
11073.41238  
11085.42788  
