11279.98848  
11262.57741  
11253.20898  
11225.49468  
11227.40905  
11157.62695  
11162.53323  
11218.22061  
11232.27348  
11216.64904  
11241.96086  
11226.49474  
11238.80181  
11278.41994  
11225.74822  
11244.66271  
11262.21204  
11225.92336  
11249.4321  
11243.00512  
11220.77912  
11213.95723  
11202.64789  
11195.8834  
11261.73475  
11249.90008  
11203.99328  
11161.84476  
11268.49345  
11228.1921  
11280.00136  
11255.26644  
11265.38711  
11242.08859  
11251.45548  
11268.60076  
11244.09079  
11265.46127  
11243.3527  
11284.62066  
11296.86964  
11241.36706  
11189.3474  
11133.69309  
11178.75587  
11198.46587  
11229.95818  
11236.1962  
11222.71222  
11231.1359  
11247.25393  
11225.56734  
11205.94669  
11202.49015  
11242.47375  
11231.26565  
11277.48637  
11258.39297  
11220.39  
11261.51136  
11271.06605  
11242.33103  
11242.04003  
11240.17549  
11245.64728  
11229.56007  
11250.70148  
11216.51862  
11228.9234  
11239.97897  
11241.30308  
11221.02681  
11227.45775  
11155.61893  
11202.93528  
11232.9982  
11214.48152  
11216.44336  
11232.66296  
11269.14949  
11278.45258  
11205.62299  
11191.32363  
11214.32554  
11183.497  
11231.28702  
11225.11977  
11252.42427  
11227.66546  
11234.70385  
11246.10687  
11242.02361  
11290.54863  
11259.20242  
11234.83417  
11261.13817  
11236.30115  
11219.63885  
11226.64941  
11240.85464  
11257.551  
11261.53847  
11260.51558  
11238.92696  
11224.7302  
11241.66079  
11229.07386  
11207.34272  
11198.81304  
11223.88057  
11237.91716  
11262.61916  
11246.04423  
11253.38778  
11250.55978  
11245.34806  
11238.83499  
11247.93  
11227.27012  
11211.13173  
11242.37995  
11182.21675  
11220.52858  
11220.57919  
11214.92017  
11235.99656  
11250.93101  
11232.31222  
11230.66238  
11253.52301  
11227.21588  
11256.8733  
11237.78875  
11201.35911  
11244.09982  
11241.31349  
11199.36401  
11228.57762  
11228.12185  
11230.24368  
11227.64158  
11233.84927  
11255.10417  
11230.81083  
11191.23388  
11236.44184  
11216.67544  
11242.25255  
11235.12486  
11253.22239  
11232.69411  
11238.12586  
11187.60686  
11210.7989  
11247.19888  
11252.87199  
11248.52543  
11266.55034  
11215.41891  
11226.52312  
