11358.64599  
11291.72744  
11383.71317  
11339.12545  
11354.03573  
11347.44431  
11328.39299  
11324.13906  
11284.73211  
11315.8825  
11309.87625  
11341.31006  
11378.06956  
11392.2842  
11326.07973  
11340.70601  
11363.18404  
11335.10205  
11340.50462  
11302.3761  
11378.42715  
11302.35406  
11379.38739  
11329.3089  
11328.87599  
11407.26798  
11388.96215  
11360.9009  
11401.634  
11330.37104  
11311.34794  
11368.81959  
11346.71389  
11367.5821  
11350.28919  
11329.59393  
11362.27984  
11354.42926  
11378.62273  
11373.62486  
11375.76434  
11342.79968  
11356.1137  
11388.30172  
11367.15481  
11454.88313  
11401.30225  
11384.30746  
11348.69965  
11325.30471  
11294.70515  
11261.78141  
11300.03784  
11264.62661  
11293.0578  
11296.64401  
11302.09841  
11316.68885  
11319.48394  
11341.24681  
11325.41486  
11321.31863  
11350.89908  
11363.04318  
11301.70142  
11322.48397  
11352.33749  
11354.6088  
11302.14486  
11328.14087  
11382.96822  
11296.17638  
11329.32816  
11380.66053  
11399.13499  
11407.82195  
11355.33123  
11350.68865  
11341.7088  
11353.39468  
11368.58328  
11353.96268  
11330.10667  
11318.40901  
11302.68036  
11357.48976  
11328.05544  
11285.0105  
11306.81297  
11313.77915  
11366.89374  
11312.44842  
11345.16496  
11301.58074  
11361.49188  
11319.53835  
11376.60954  
11388.16399  
11328.61807  
11345.52133  
11319.00537  
11363.81624  
11399.73038  
11295.78308  
11282.68125  
11349.99943  
11306.12909  
11331.17226  
11341.16918  
11376.06081  
11367.75863  
11375.88466  
11310.34242  
11318.44151  
11333.66639  
11364.50515  
11328.39286  
11367.92879  
11352.23331  
11343.09606  
11323.96501  
11354.97714  
11375.82867  
11424.45141  
11302.56284  
11368.85226  
11335.74941  
11320.88737  
11347.28665  
11334.97136  
11367.42966  
11338.67037  
11340.83504  
11371.12014  
11330.08722  
11320.53775  
11377.92113  
11334.01415  
11372.55554  
11384.30328  
11402.18134  
11445.66872  
11379.52762  
11328.29546  
11230.23647  
11269.38689  
11240.27757  
11264.39645  
11316.05198  
11286.83723  
11358.83931  
11333.70782  
11376.24614  
11310.68793  
11320.39109  
11315.28454  
11389.19689  
11425.72614  
11426.38869  
11345.6527  
