11717.66536  
11670.89743  
11728.2447  
11678.28369  
11683.16448  
11687.1819  
11683.61852  
11677.45696  
11648.79582  
11659.40527  
11655.04823  
11694.955  
11726.71112  
11729.71219  
11665.50187  
11663.4134  
11705.84908  
11686.58849  
11680.61661  
11656.05463  
11714.44398  
11669.67383  
11724.36059  
11675.47029  
11666.80694  
11747.72902  
11752.24627  
11698.76234  
11732.71706  
11684.54349  
11654.783  
11712.19389  
11687.55204  
11695.47631  
11697.88008  
11677.87453  
11702.55782  
11695.63566  
11723.55972  
11706.05866  
11715.77674  
11685.63981  
11690.55605  
11713.57538  
11706.48715  
11788.98815  
11749.48483  
11727.46636  
11706.92515  
11664.35865  
11650.19845  
11637.95741  
11657.13052  
11619.43138  
11660.80549  
11678.86364  
11666.03785  
11675.78573  
11674.33226  
11674.78354  
11662.92121  
11671.94549  
11698.58117  
11704.70744  
11669.16679  
11671.82432  
11694.26149  
11695.01893  
11658.07854  
11675.9515  
11715.24903  
11652.77086  
11692.02489  
11726.14519  
11730.91985  
11730.63605  
11704.1766  
11695.10667  
11690.62743  
11698.0607  
11714.34073  
11691.55331  
11681.8279  
11669.3811  
11647.75339  
11687.8089  
11675.37617  
11658.59178  
11663.00508  
11679.3997  
11714.54491  
11675.99481  
11686.45202  
11667.36807  
11692.06932  
11672.31357  
11708.98219  
11741.00114  
11685.85544  
11700.53401  
11684.75573  
11689.27965  
11722.85573  
11651.77268  
11637.33204  
11691.46258  
11656.50271  
11682.72953  
11695.33439  
11718.57079  
11717.71538  
11708.02716  
11666.63699  
11678.97952  
11708.97516  
11716.97866  
11674.04389  
11703.44823  
11699.12084  
11687.62406  
11672.91813  
11690.09957  
11696.5105  
11738.17673  
11655.9407  
11710.19753  
11678.55825  
11676.02116  
11699.69861  
11690.92216  
11705.47599  
11683.58428  
11689.5363  
11707.79489  
11674.13394  
11662.50924  
11705.98024  
11692.39216  
11712.21967  
11727.20142  
11735.55915  
11773.95395  
11704.51626  
11658.41464  
11603.66779  
11650.98368  
11631.13141  
11644.0884  
11694.50492  
11659.38757  
11694.17741  
11682.61197  
11706.03585  
11667.49897  
11664.78673  
11665.57031  
11713.13093  
11745.51496  
11754.74046  
11691.48718  
