12030.83385  
11962.95081  
12074.44048  
11988.89633  
11968.61211  
11990.91333  
11930.65991  
11984.484  
11880.44922  
11941.01596  
11940.9673  
12032.72452  
12005.79424  
12036.90888  
11940.21537  
11950.61596  
11938.70132  
11946.6907  
12076.17334  
12026.22472  
12032.42469  
12019.61703  
12037.08897  
12041.20757  
11950.5327  
12034.10839  
12127.35425  
12003.82114  
11986.38527  
11981.19548  
11960.88986  
11950.32303  
11989.89183  
11975.9746  
12007.09591  
11977.37356  
12023.697  
12039.26363  
11963.67784  
11972.93199  
12049.0583  
11978.91784  
11972.80047  
11965.97087  
11985.01749  
12051.99892  
11972.10335  
11924.40038  
12088.56944  
11872.23332  
11812.97254  
11895.78566  
11877.9408  
11949.80902  
11933.25708  
11991.69891  
12050.27206  
11992.90099  
12011.13392  
12043.10496  
11965.12313  
11945.03757  
11985.09272  
12022.47104  
12026.84301  
12038.02123  
12037.46534  
11967.71539  
11973.8677  
11974.68378  
12065.27056  
12002.17632  
11979.66089  
12086.51628  
12043.8047  
12079.87007  
11964.93055  
11957.80899  
11945.3619  
11969.62658  
12028.49896  
11980.56548  
11930.65173  
11928.40233  
11956.48806  
11929.59684  
12008.89718  
11980.48718  
11944.34429  
11983.04507  
12083.90877  
12047.54326  
11999.934  
11973.43627  
11989.36893  
11982.31883  
11931.94596  
11988.72585  
11923.55947  
11994.7804  
12026.78608  
11971.18918  
11990.73609  
11965.75487  
11938.26767  
11993.57459  
11983.19304  
11942.49076  
12038.20165  
12004.80551  
11987.99434  
11993.45981  
11968.97406  
12015.1419  
11959.97503  
12055.99141  
11999.03683  
11976.44454  
11994.01519  
11968.63794  
12009.77001  
12018.64334  
12007.19802  
12026.88175  
11977.03709  
11986.91835  
11954.47088  
11957.72076  
11988.7695  
11964.09395  
11967.71728  
12036.07157  
12022.88195  
12012.10212  
12020.02948  
12055.65478  
12069.18671  
12015.61328  
11987.23493  
11996.37062  
12080.98286  
11980.79397  
11944.62513  
11887.8627  
11842.12589  
11896.88158  
11947.03531  
11969.52493  
12004.24717  
12022.62161  
12066.44897  
11977.32356  
12011.76405  
11981.99663  
12006.19649  
11969.3153  
12004.3563  
12060.64175  
11989.58177  
11951.23512  
