11644.56818  
11598.8225  
11662.29627  
11600.39982  
11616.73907  
11634.04639  
11619.32894  
11606.0081  
11577.23286  
11600.01486  
11585.43569  
11629.24612  
11659.26299  
11663.60491  
11603.43889  
11582.75864  
11627.65443  
11620.92668  
11606.16563  
11587.25761  
11659.4206  
11611.00239  
11661.12062  
11606.60716  
11596.40706  
11681.8775  
11691.31046  
11628.98601  
11656.35553  
11606.98122  
11568.94858  
11633.09057  
11598.90277  
11620.40951  
11622.73728  
11611.56412  
11636.59915  
11635.47923  
11662.15583  
11641.04616  
11650.69006  
11619.6994  
11633.27608  
11653.11883  
11634.68465  
11718.53606  
11675.37048  
11669.11648  
11659.48331  
11586.05328  
11590.34198  
11572.99422  
11584.03663  
11544.82285  
11587.8176  
11617.20287  
11599.38442  
11598.60872  
11597.01453  
11603.21672  
11587.66891  
11594.94179  
11620.79359  
11636.87604  
11596.3503  
11611.77733  
11623.62164  
11618.94428  
11590.42199  
11606.03133  
11640.66705  
11597.02959  
11635.41445  
11652.41099  
11663.60957  
11662.92968  
11643.47372  
11639.67132  
11620.00108  
11624.01471  
11661.71825  
11625.78682  
11609.61668  
11606.9209  
11574.23995  
11617.92381  
11599.96704  
11577.01012  
11594.30619  
11602.12094  
11640.62613  
11614.12145  
11621.63947  
11599.38208  
11623.37561  
11608.28051  
11644.33031  
11671.19622  
11617.69582  
11636.93672  
11612.692  
11617.64126  
11654.92101  
11593.16294  
11566.16991  
11616.17808  
11602.13774  
11617.13078  
11622.79574  
11644.65254  
11661.08301  
11645.08695  
11603.76384  
11610.81695  
11637.10566  
11646.54015  
11598.2275  
11627.5147  
11634.18187  
11624.7364  
11605.34201  
11606.46479  
11631.90961  
11662.58105  
11586.32383  
11649.02281  
11596.62511  
11601.28899  
11623.30812  
11624.47081  
11626.64601  
11591.31115  
11609.30672  
11621.48231  
11602.77352  
11595.06207  
11639.2611  
11632.6681  
11658.04608  
11672.02357  
11669.37795  
11718.9708  
11631.9734  
11595.7005  
11515.03536  
11577.37547  
11559.7958  
11577.49948  
11626.239  
11575.75682  
11617.12261  
11621.00532  
11633.98578  
11606.11995  
11601.3296  
11588.04494  
11642.69785  
11682.83817  
11706.67609  
11629.47329  
