11158.55371  
11071.68728  
11127.83002  
11115.61429  
11121.08608  
11101.21096  
11103.85993  
11104.4602  
11089.15433  
11071.89221  
11083.95679  
11136.28156  
11161.71003  
11162.22958  
11078.15994  
11055.26664  
11124.3261  
11078.72839  
11074.91747  
11072.78855  
11134.41364  
11099.29923  
11130.44751  
11111.70992  
11067.19634  
11135.97339  
11151.1058  
11131.28984  
11138.62375  
11104.77347  
11070.02979  
11113.88161  
11059.53578  
11113.32374  
11108.19411  
11131.97892  
11122.56965  
11095.30196  
11141.20782  
11140.56414  
11138.01424  
11141.60836  
11123.60788  
11136.67339  
11115.00341  
11183.90397  
11128.15487  
11180.38607  
11101.08234  
11090.7088  
11093.74053  
11076.70084  
11094.14858  
11043.7701  
11056.89293  
11102.39805  
11087.47872  
11108.22883  
11075.48876  
11101.56845  
11055.515  
11072.94203  
11107.69959  
11164.80089  
11092.05915  
11093.35379  
11121.37601  
11160.59185  
11109.04603  
11084.11802  
11140.21488  
11106.5915  
11077.11669  
11151.80082  
11132.74608  
11142.68359  
11138.66885  
11124.15443  
11116.35129  
11108.82024  
11123.32446  
11088.28429  
11104.36636  
11103.40623  
11060.10775  
11104.93492  
11115.46477  
11078.86724  
11069.7596  
11140.60022  
11122.53914  
11075.87297  
11057.99991  
11063.41128  
11104.2179  
11085.18122  
11112.0297  
11143.31303  
11086.06394  
11105.74442  
11078.01373  
11082.10506  
11170.44165  
11064.81816  
11068.71873  
11131.20055  
11108.02392  
11103.67114  
11115.42243  
11133.37213  
11123.99613  
11112.27183  
11110.49757  
11101.72901  
11170.59893  
11152.59196  
11070.6735  
11124.26797  
11128.12319  
11077.10444  
11074.85438  
11082.47747  
11117.45012  
11120.11124  
11080.57809  
11123.22244  
11100.57092  
11098.59749  
11107.78851  
11122.15332  
11102.50964  
11093.42958  
11095.29278  
11095.24294  
11043.67162  
11081.72004  
11167.97831  
11118.45935  
11168.4211  
11131.08349  
11091.50485  
11218.6493  
11158.64932  
11094.59272  
11030.60939  
11083.1837  
11050.60864  
11069.64849  
11117.68958  
11076.53442  
11105.36406  
11132.49563  
11090.17337  
11107.76771  
11090.24526  
11078.84008  
11107.77989  
11141.98471  
11195.11826  
11110.95836  
