11978.56427  
11907.39179  
12013.01483  
11912.31295  
12004.08028  
11965.96346  
11944.8916  
11963.60042  
11936.50857  
11987.38703  
11967.28645  
12011.10274  
12028.64547  
12022.57669  
11944.90974  
12002.89549  
11975.45375  
11976.18051  
11967.67262  
11859.13898  
12004.27424  
11886.46182  
11970.29899  
11954.19014  
11988.54267  
12046.45016  
12043.21091  
11921.13629  
12011.51112  
11925.16173  
11936.05357  
11998.9647  
11998.77771  
11971.71826  
11984.40415  
11989.81901  
12027.9616  
11962.35834  
11991.12494  
12040.31285  
12022.59248  
11974.35572  
12028.08119  
11990.47333  
11990.42039  
12121.75686  
12039.98922  
12019.40898  
11999.59465  
11933.33138  
11906.52333  
11942.19685  
11939.3734  
11888.94002  
11905.96955  
11934.42067  
11909.55855  
11860.06335  
11897.04392  
11957.63537  
11973.64043  
11952.90278  
11932.30958  
12028.97596  
11917.10143  
11932.07513  
11996.62456  
12026.78636  
11927.60557  
11967.84691  
12012.83101  
11897.02252  
11962.53345  
12001.37101  
12022.13332  
12016.96515  
11973.39051  
12025.646  
11933.1104  
12004.27415  
12026.43046  
11975.88798  
11936.28923  
11989.69913  
11965.77825  
12040.31504  
11991.59658  
11892.03256  
11909.95746  
11958.18403  
11988.04656  
11852.10453  
11992.04198  
11910.1998  
11975.87242  
11969.70396  
12004.9629  
12024.6022  
11976.62962  
11974.90761  
11929.05139  
11957.73332  
12011.78109  
11910.422  
11929.88146  
12016.87154  
11973.38713  
11971.9395  
11972.65208  
11998.30886  
11985.29721  
11970.97187  
11948.1897  
11939.42588  
11976.43433  
12005.31416  
11904.3382  
11986.43267  
11957.15032  
11967.44336  
12002.52386  
11964.01917  
11980.83537  
11999.82522  
11879.79429  
12010.21609  
11954.482  
11971.11186  
12022.91644  
11963.39974  
12006.68913  
11992.80705  
11982.84115  
11988.09034  
11909.47838  
11947.38558  
12046.94466  
11957.95464  
12045.32987  
12022.99514  
12034.69155  
12068.77992  
12012.86165  
12001.03132  
11882.51952  
11901.87428  
11906.18137  
11937.20142  
11950.76419  
11889.89306  
11956.73681  
11960.2529  
11976.02503  
11899.48457  
11962.98283  
11966.74293  
11997.9769  
12037.10883  
12035.61349  
11964.13328  
