11624.15494  
11605.12063  
11653.6968  
11664.84439  
11618.53598  
11586.11279  
11601.20932  
11568.07807  
11552.55314  
11557.14135  
11582.46516  
11594.73206  
11652.52363  
11686.27636  
11633.5765  
11544.53509  
11566.16472  
11570.84281  
11659.10321  
11616.84595  
11611.10429  
11627.64035  
11666.242  
11677.08752  
11635.34767  
11673.07707  
11732.11504  
11714.2781  
11595.72467  
11600.9416  
11626.65375  
11624.76652  
11636.03243  
11599.64135  
11645.43439  
11686.22774  
11647.88121  
11644.74901  
11648.94693  
11633.76004  
11642.53504  
11644.52212  
11635.1694  
11627.88787  
11625.55361  
11619.44931  
11625.29867  
11614.63417  
11608.19713  
11498.46441  
11460.34267  
11503.40723  
11545.35297  
11593.23349  
11611.84132  
11613.93723  
11648.36275  
11644.81475  
11633.80505  
11617.84207  
11612.26377  
11620.95514  
11659.65258  
11670.76162  
11686.89392  
11689.35036  
11648.6437  
11585.67084  
11591.9256  
11598.60896  
11596.38844  
11585.51974  
11593.04195  
11687.56829  
11698.93244  
11633.39938  
11614.60262  
11591.64898  
11595.12575  
11609.75236  
11649.16852  
11618.53615  
11586.03228  
11619.95628  
11604.12671  
11580.05504  
11632.17442  
11643.82664  
11620.82478  
11630.41342  
11676.95973  
11626.1204  
11605.99938  
11615.52426  
11592.20489  
11565.91708  
11517.33433  
11544.67111  
11566.94616  
11607.41232  
11620.04072  
11624.64308  
11663.99254  
11652.00333  
11595.96283  
11622.57169  
11639.45674  
11585.39638  
11630.79854  
11662.72562  
11647.68025  
11647.45102  
11589.97725  
11560.55014  
11630.33181  
11617.38638  
11584.98708  
11588.95143  
11641.44199  
11617.63826  
11655.35991  
11681.13351  
11609.59278  
11575.55668  
11608.83287  
11611.09145  
11598.25796  
11612.6561  
11635.85756  
11611.82442  
11577.36914  
11599.22095  
11659.46003  
11624.46045  
11644.06177  
11651.4644  
11689.31867  
11673.58253  
11678.09064  
11635.13823  
11630.73325  
11673.82147  
11665.32471  
11520.06541  
11470.572  
11491.5014  
11489.53589  
11559.60725  
11643.63138  
11630.59157  
11643.65236  
11642.1564  
11640.79035  
11635.60613  
11619.33327  
11661.72253  
11629.25022  
11624.23289  
11628.11466  
11630.32142  
