10845.83195  
10740.84072  
10807.84793  
10791.24627  
10789.82201  
10746.5704  
10773.30082  
10774.96735  
10722.3553  
10729.38064  
10729.17499  
10793.8065  
10808.61912  
10810.13881  
10738.67767  
10759.53516  
10816.83457  
10733.49414  
10745.64592  
10749.41785  
10800.90942  
10736.45854  
10781.21274  
10749.97279  
10756.05981  
10799.97492  
10828.98242  
10805.82242  
10804.13081  
10783.68628  
10780.84922  
10804.18224  
10788.80705  
10795.94468  
10808.65733  
10778.72593  
10809.11683  
10797.47312  
10801.83318  
10794.35686  
10812.27585  
10810.40478  
10783.56999  
10758.35828  
10773.62404  
10817.46388  
10773.44117  
10855.34522  
10754.09913  
10792.19339  
10723.69637  
10748.0461  
10745.1138  
10720.16718  
10744.32915  
10755.91228  
10756.88561  
10787.08959  
10762.22792  
10762.73085  
10739.33858  
10774.67794  
10789.47946  
10793.71935  
10756.59457  
10782.03348  
10790.69944  
10806.84471  
10706.93865  
10730.78286  
10789.19338  
10737.44882  
10765.45962  
10797.30179  
10803.40267  
10791.13925  
10818.43944  
10791.0012  
10774.87282  
10757.15709  
10800.52376  
10736.51237  
10761.31104  
10756.57917  
10747.14583  
10782.61057  
10771.77265  
10753.16041  
10750.04103  
10782.17066  
10797.15637  
10726.28077  
10730.60701  
10741.78869  
10791.20456  
10740.02599  
10778.96584  
10839.24808  
10789.16745  
10776.79072  
10775.18125  
10786.60312  
10836.2213  
10741.45259  
10738.30152  
10797.93688  
10766.04129  
10753.50276  
10794.34418  
10812.14136  
10787.88446  
10774.64714  
10769.07338  
10762.9692  
10816.98784  
10784.72302  
10726.80378  
10771.51873  
10783.81288  
10746.13506  
10742.82874  
10784.01374  
10761.74985  
10797.13471  
10738.91663  
10777.63739  
10780.17105  
10760.27099  
10798.66391  
10809.49705  
10778.66127  
10791.60333  
10785.78406  
10793.07297  
10718.60197  
10755.90313  
10849.26383  
10779.1906  
10823.6815  
10783.08673  
10766.15652  
10865.23977  
10801.31183  
10755.73938  
10702.07934  
10760.05769  
10747.24656  
10747.57216  
10785.0067  
10755.8431  
10776.46781  
10783.07883  
10794.66867  
10745.92023  
10724.8933  
10763.42998  
10781.23749  
10824.42136  
10813.01302  
10762.59707  
