11347.64831  
11363.97238  
11382.96589  
11382.53106  
11349.02117  
11314.50706  
11294.019  
11266.00913  
11288.50632  
11267.0536  
11340.97206  
11335.97972  
11389.73411  
11385.16056  
11362.70664  
11356.34085  
11334.22131  
11323.1323  
11346.47102  
11309.49535  
11307.2603  
11369.07061  
11380.89138  
11419.22706  
11405.53907  
11433.48487  
11404.67318  
11379.83284  
11347.00205  
11337.01418  
11351.67126  
11370.64208  
11417.94175  
11440.48411  
11388.01718  
11351.06886  
11305.36056  
11287.74138  
11292.21469  
11329.21065  
11364.55691  
11332.94731  
11309.28843  
11299.03578  
11302.18901  
11335.35765  
11342.32859  
11349.92198  
11338.46772  
11323.81637  
11302.18676  
11351.22414  
11362.17905  
11442.6527  
11383.51912  
11347.97203  
11318.46926  
11279.16721  
11307.48413  
11350.21025  
11388.88221  
11374.44093  
11355.04036  
11360.56934  
11373.90741  
11342.48759  
11362.7334  
11381.46987  
11359.8093  
11367.32112  
11398.15577  
11328.03085  
11343.3616  
11320.2903  
11309.1915  
11261.6367  
11289.66401  
11321.62546  
11342.14805  
11313.80928  
11294.78546  
11307.60582  
11316.80104  
11299.8106  
11331.88635  
11363.68499  
11334.35298  
11332.18573  
11316.79597  
11329.50948  
11346.11448  
11331.23736  
11317.76387  
11323.99483  
11322.26383  
11363.06679  
11350.14114  
11351.68925  
11297.95277  
11320.79614  
11344.56221  
11343.79582  
11343.78931  
11322.36154  
11362.37969  
11356.11308  
11336.49871  
11356.79325  
11360.81817  
11336.50742  
11333.51612  
11427.98614  
11437.3728  
11388.82475  
11369.88907  
11343.76389  
11366.2099  
11372.34155  
11383.69188  
11424.32699  
11395.1474  
11439.45483  
11395.35547  
11408.63078  
11402.49595  
11311.17036  
11288.30398  
11294.49584  
11324.32179  
11302.45629  
11343.35273  
11341.79557  
11331.30952  
11292.07326  
11313.25884  
11316.85917  
11325.96941  
11332.29098  
11346.56477  
11336.2771  
11320.67998  
11348.08251  
11342.93285  
11303.56651  
11303.40839  
11327.84644  
11314.28791  
11359.52818  
11349.15969  
11345.62484  
11370.91511  
11387.02419  
11392.06404  
11406.07813  
11366.12046  
11349.88218  
11333.98045  
11330.13368  
11335.06369  
11353.07149  
