10651.15214  
10702.20315  
10719.09598  
10714.6518  
10671.24957  
10732.54948  
10684.54758  
10675.83105  
10642.69745  
10676.17634  
10671.19986  
10703.75339  
10716.93565  
10745.99832  
10735.77425  
10647.34161  
10658.36708  
10699.85169  
10667.7861  
10640.25743  
10649.7191  
10701.82788  
10692.51227  
10645.24162  
10698.88407  
10727.67873  
10710.35156  
10690.28563  
10697.25194  
10634.20009  
10678.57549  
10693.81613  
10705.5573  
10715.48532  
10717.52204  
10714.70021  
10671.77144  
10645.95217  
10616.33936  
10690.85283  
10701.17369  
10679.57859  
10651.53782  
10652.78885  
10643.7572  
10672.74654  
10665.59477  
10720.99438  
10705.79941  
10729.07562  
10709.81458  
10718.78807  
10764.32038  
10757.13681  
10764.15665  
10765.08027  
10643.14576  
10667.62195  
10655.31123  
10694.79422  
10724.97569  
10707.86063  
10675.28552  
10718.04869  
10687.16414  
10705.07426  
10735.50199  
10712.73874  
10697.37274  
10661.47464  
10688.79149  
10676.52967  
10680.68413  
10653.71742  
10667.41906  
10633.51765  
10635.49929  
10637.13028  
10681.32521  
10607.95534  
10667.14515  
10616.78823  
10612.45468  
10640.54697  
10654.78759  
10684.20599  
10647.47532  
10650.80415  
10660.86987  
10700.03647  
10679.38706  
10707.22447  
10705.83631  
10673.04125  
10668.21061  
10702.13394  
10704.41364  
10662.4249  
10634.9028  
10673.73046  
10661.51133  
10671.62937  
10714.8895  
10685.99745  
10703.91135  
10702.17959  
10667.97806  
10667.21887  
10727.78909  
10687.04294  
10707.55075  
10736.79972  
10797.80585  
10769.68615  
10737.38547  
10712.08476  
10738.90595  
10764.28548  
10775.22073  
10796.43362  
10757.38411  
10774.51301  
10751.17313  
10756.42415  
10728.63403  
10676.225  
10669.2773  
10622.82109  
10617.11417  
10661.41963  
10657.50154  
10624.89817  
10636.56589  
10620.87097  
10632.9843  
10597.73687  
10667.44952  
10630.80915  
10626.91448  
10619.71205  
10694.47155  
10659.3265  
10661.34278  
10642.71834  
10677.32825  
10676.87969  
10646.98009  
10670.4188  
10683.83414  
10690.15572  
10723.82071  
10735.73547  
10765.0498  
10767.1836  
10704.8162  
10687.35797  
10723.0987  
10709.43156  
10687.48252  
10712.24196  
