10884.14557  
10917.70272  
10939.44267  
10924.54064  
10894.06602  
10937.83802  
10895.08226  
10884.58727  
10861.7427  
10888.95837  
10886.974  
10923.31921  
10926.66134  
10929.52828  
10933.93657  
10881.07761  
10887.9076  
10901.94185  
10891.17546  
10874.02508  
10879.42278  
10931.44443  
10920.34064  
10883.31682  
10924.67308  
10947.42461  
10923.04259  
10913.82253  
10902.67416  
10874.17836  
10902.29306  
10925.6975  
10940.7422  
10938.27705  
10946.68827  
10957.47939  
10909.07627  
10895.90643  
10876.03578  
10935.47601  
10942.98427  
10920.05211  
10889.911  
10895.0069  
10880.81204  
10888.78713  
10886.11062  
10925.51763  
10912.05253  
10930.46228  
10901.29258  
10918.31709  
10961.10796  
10955.18954  
10951.99932  
10954.52157  
10869.03296  
10868.70045  
10850.97781  
10894.06471  
10929.89599  
10909.92142  
10894.15325  
10920.41275  
10894.81783  
10918.24706  
10938.7928  
10921.32195  
10911.82956  
10885.25941  
10899.2728  
10897.81992  
10901.49186  
10873.64501  
10906.06221  
10868.92148  
10893.08277  
10891.68783  
10901.29697  
10862.6571  
10888.54388  
10857.33924  
10851.48923  
10874.87283  
10882.12891  
10911.15558  
10881.23756  
10898.39352  
10892.05752  
10931.13667  
10915.92886  
10939.21397  
10916.53819  
10909.39226  
10892.74373  
10931.06152  
10926.53877  
10898.22019  
10884.35849  
10908.336  
10896.69417  
10897.99757  
10919.5234  
10896.7537  
10923.73178  
10919.08778  
10887.81757  
10900.27011  
10947.77463  
10911.72232  
10920.90582  
10949.37322  
10992.37843  
10960.37657  
10920.04689  
10908.40493  
10930.42323  
10963.61593  
10961.06751  
10996.35844  
10950.43781  
10963.17138  
10931.30833  
10936.48952  
10918.93447  
10883.09352  
10897.51549  
10855.45813  
10862.11158  
10898.57196  
10896.06777  
10877.02966  
10858.5392  
10854.92962  
10867.47132  
10844.98026  
10914.45555  
10860.58178  
10868.89728  
10858.78724  
10927.90558  
10891.61517  
10879.13171  
10864.71055  
10899.67596  
10886.00666  
10884.6718  
10897.2299  
10890.18411  
10893.62874  
10927.9018  
10937.16749  
10962.83555  
10976.83694  
10906.47075  
10909.63496  
10927.88357  
10929.17341  
10919.77538  
10926.92419  
