12909.57593  
12908.44216  
12901.65314  
12829.51071  
12776.01506  
12749.17495  
12819.72036  
12810.32789  
12808.44238  
12824.02882  
12826.90847  
12864.66223  
12890.14829  
12894.72094  
12834.57518  
12785.95453  
12822.03942  
12872.9896  
12817.48659  
12791.93408  
12790.55109  
12817.86719  
12849.79608  
12860.53264  
12891.86553  
12897.95339  
12819.86196  
12767.44733  
12809.99094  
12811.97581  
12890.94056  
12906.6975  
12945.70352  
12925.01064  
12894.37546  
12833.50039  
12871.96761  
12811.90042  
12805.6741  
12874.71445  
12863.79624  
12793.36194  
12757.3355  
12736.0241  
12736.5909  
12763.68809  
12827.80504  
12847.24966  
12835.11147  
12889.80729  
12873.38096  
12899.8585  
12829.34971  
12887.56021  
12792.65114  
12797.79792  
12750.85364  
12841.5942  
12839.72647  
12825.38701  
12829.93564  
12870.28988  
12788.10982  
12791.61233  
12831.0975  
12869.50256  
12800.69541  
12834.65457  
12839.45044  
12889.34655  
12861.62739  
12847.58891  
12869.26777  
12873.9885  
12816.2841  
12772.59941  
12817.35923  
12878.58594  
12809.91299  
12837.59319  
12747.47508  
12786.69894  
12815.86861  
12795.00762  
12826.35989  
12894.05448  
12894.53143  
12878.21082  
12854.91411  
12819.55259  
12798.74162  
12873.48986  
12931.7534  
12917.61936  
12907.99012  
12957.58519  
12869.14883  
12834.30718  
12830.89022  
12862.69942  
12851.57279  
12793.4564  
12800.40318  
12772.82548  
12781.3566  
12820.40097  
12772.86145  
12792.82356  
12769.81709  
12794.12811  
12827.74731  
12872.62597  
12884.8944  
12788.76867  
12798.07002  
12805.4708  
12812.7679  
12847.91354  
12887.42948  
12933.21639  
12892.02919  
12924.23799  
12937.27481  
12999.01469  
12978.76852  
12889.96393  
12774.33166  
12847.71605  
12826.78606  
12823.12745  
12833.22598  
12777.9832  
12799.1272  
12832.61573  
12808.66808  
12807.05228  
12836.94577  
12837.22393  
12853.13914  
12909.91332  
12906.77121  
12876.78007  
12800.19017  
12772.51657  
12754.3346  
12849.6033  
12787.92836  
12854.53783  
12811.6364  
12781.28274  
12845.63504  
12895.42997  
12848.27112  
12851.12676  
12825.38922  
12851.52796  
12852.743  
12831.73303  
12826.9163  
12904.43173  
