11255.73758  
11247.79942  
11148.50986  
11199.12932  
11354.071  
11336.03137  
11246.38459  
11125.13751  
11159.48772  
11223.02599  
11144.57073  
11260.13239  
11156.42011  
11182.55603  
11234.36235  
11081.40334  
11121.16155  
11226.24604  
11153.61415  
11134.15062  
11106.14728  
11089.96882  
11223.31164  
11169.33334  
11115.53028  
11127.40439  
11211.37024  
11186.2146  
11187.56348  
11277.2333  
11240.20521  
11187.40265  
11223.03641  
11093.77626  
11137.40267  
11282.34473  
11216.5953  
11133.99384  
11275.28335  
11233.31694  
11212.34981  
11209.261  
11205.52067  
11119.72425  
11143.72949  
11210.83509  
11140.15538  
11204.46704  
11247.69996  
11203.26721  
11218.77357  
11313.00801  
11241.8072  
11248.16601  
11230.39895  
11279.86337  
11260.84504  
11290.32163  
11356.37768  
11349.10093  
11231.79889  
11124.15445  
11216.50464  
11235.91742  
11193.19226  
11235.83579  
11247.5197  
11209.11864  
11276.21619  
11281.94722  
11189.66693  
11223.00303  
11109.3226  
11127.95082  
11139.02166  
11275.93664  
11186.7046  
11121.3341  
11044.31771  
11044.97521  
11141.39393  
11278.34325  
11159.32249  
11141.56151  
11095.25866  
11216.39497  
11145.99483  
11306.6005  
11157.25231  
11180.34288  
11056.18274  
11074.79758  
11162.51856  
11187.13056  
11169.4365  
11276.8984  
11177.40128  
11133.97866  
11209.07804  
11234.38614  
11217.50955  
11173.58826  
11204.20614  
11261.65855  
11202.24347  
11193.81861  
11329.30965  
11211.86728  
11127.06138  
11254.30485  
11275.4314  
11138.26412  
11173.57074  
11301.53763  
11272.28123  
11234.12486  
11271.76668  
11203.92316  
11145.83988  
11215.94324  
11134.89708  
11136.90787  
11178.07835  
11107.20528  
11169.99623  
11315.85745  
11193.39051  
11256.40681  
11237.35329  
11158.06542  
11201.03562  
11237.69591  
11149.29202  
11098.01054  
11095.69418  
11288.97655  
11211.35738  
11200.70228  
11225.92929  
11301.21365  
11184.5954  
11141.72358  
11304.45563  
11236.41291  
11144.47971  
11222.81879  
11203.06268  
11039.73218  
11103.34639  
11287.08377  
11204.01657  
11183.55192  
11304.79465  
11165.24818  
11246.91843  
11197.26475  
11109.60584  
11152.03045  
11287.0743  
11168.66376  
