10837.91497  
10776.99999  
10729.23855  
10734.87181  
10776.76165  
10788.87706  
10802.06454  
10734.02918  
10772.32255  
10775.35945  
10691.34551  
10747.24633  
10723.71304  
10690.37485  
10831.5126  
10698.94159  
10680.7022  
10793.56108  
10750.17995  
10700.29175  
10760.98385  
10666.50834  
10758.50931  
10798.21067  
10700.11531  
10734.21638  
10783.13714  
10738.6637  
10681.84823  
10759.3591  
10737.42967  
10727.93249  
10778.42726  
10687.11334  
10715.25347  
10770.25886  
10739.00025  
10782.97881  
10814.59894  
10760.8043  
10695.45399  
10746.09532  
10832.76657  
10722.6173  
10774.38341  
10817.31041  
10728.16479  
10750.7896  
10800.86585  
10724.01934  
10681.67348  
10793.70388  
10752.21773  
10750.82079  
10796.65335  
10804.83828  
10764.74658  
10783.65519  
10832.51387  
10790.27874  
10703.52842  
10703.56086  
10782.52123  
10805.30041  
10766.83015  
10743.46263  
10727.10703  
10747.08369  
10765.18363  
10810.46288  
10777.01314  
10777.4475  
10677.43859  
10680.39782  
10674.70444  
10801.8911  
10774.96633  
10733.00598  
10744.47256  
10690.58794  
10710.98863  
10762.4855  
10724.43902  
10715.90867  
10732.07728  
10796.69656  
10758.391  
10818.78883  
10735.34615  
10736.96971  
10635.82998  
10574.46441  
10682.25554  
10714.76953  
10727.98274  
10837.66822  
10795.23411  
10756.02034  
10785.7391  
10743.08307  
10712.37074  
10686.14558  
10772.4221  
10840.77692  
10786.23086  
10771.19495  
10805.7539  
10777.37601  
10745.89404  
10806.01722  
10777.95162  
10704.3397  
10740.04337  
10784.98203  
10764.891  
10765.51352  
10801.00995  
10758.72002  
10735.39228  
10768.76009  
10746.04571  
10753.35556  
10765.86737  
10737.3115  
10691.24804  
10783.00376  
10746.66451  
10835.25467  
10791.99301  
10660.52569  
10743.84971  
10776.31523  
10771.13114  
10691.30841  
10715.59893  
10786.66643  
10726.21253  
10711.13758  
10741.08946  
10778.4382  
10715.87139  
10717.42144  
10785.58636  
10747.23136  
10736.01272  
10809.96758  
10785.69305  
10677.78265  
10714.67427  
10789.15373  
10741.19958  
10708.10778  
10788.33719  
10731.09977  
10772.75231  
10761.50308  
10724.83904  
10733.30885  
10834.7088  
10758.77332  
