12190.04149  
12126.46108  
11984.70431  
11935.11279  
11930.68441  
12003.23983  
12077.59904  
12068.38405  
11961.32993  
11957.37181  
11822.78551  
11881.32196  
11943.42017  
11935.42004  
12097.54997  
11985.78663  
11934.40956  
12106.34985  
12135.94886  
11986.89051  
12013.64797  
11835.74494  
11974.38514  
12108.86437  
12031.14992  
12051.13481  
12175.71921  
12051.36104  
12010.51481  
11969.02412  
12080.63777  
12046.25421  
12044.78673  
11978.59959  
11969.18108  
11976.5448  
11966.59542  
12018.18826  
12026.872  
12095.57896  
11980.80097  
11974.77723  
12088.30341  
12086.46052  
12068.93518  
12076.63545  
11988.45621  
12039.13172  
12024.80582  
12036.46737  
11853.37568  
11893.92991  
12002.18243  
12060.42234  
12123.95575  
12083.64926  
12107.19449  
12062.90761  
12061.68725  
12083.92893  
11989.70925  
11912.04773  
11916.31076  
11993.23546  
12007.46363  
12007.04149  
11913.78607  
11940.10324  
11934.71152  
12072.82246  
12027.58495  
12096.46157  
12004.89979  
11880.85752  
11970.46064  
12012.97213  
12097.38077  
11984.482  
11974.00114  
12064.59263  
11935.68089  
11970.9422  
11994.76636  
11991.23903  
11953.91452  
12010.8166  
11944.12255  
12048.01471  
11967.71149  
12111.23938  
11817.95784  
11751.36099  
11940.44995  
11951.94993  
11988.90368  
12078.19898  
12206.15065  
12041.06957  
12074.35818  
12038.80631  
11999.74992  
12031.50958  
12053.79077  
12218.54443  
12272.46614  
12194.13284  
12110.97868  
11985.65444  
11955.3459  
12017.94675  
12029.68258  
11914.87369  
11898.55045  
11928.15016  
12002.83053  
11938.57371  
11920.13353  
11932.38501  
11941.22677  
12027.50667  
11968.06291  
11979.93473  
12050.26213  
11872.09308  
11901.72091  
12054.41972  
12102.56528  
12202.66728  
12205.21653  
11930.37724  
11889.48167  
11947.91696  
12065.74997  
11921.43771  
11863.49444  
11948.89288  
12011.32691  
11934.37422  
12029.34367  
12047.01403  
11983.46743  
11922.5174  
11974.11339  
12137.41926  
12039.21678  
12041.42658  
12112.50284  
11985.81358  
11952.48574  
11959.84016  
12122.57063  
12012.55636  
12116.55176  
11932.66845  
11872.39518  
12005.65133  
11942.44752  
11942.87694  
12098.39763  
12123.71524  
