11067.63646  
11088.67281  
10968.78853  
11049.13292  
11236.30272  
11204.65745  
11076.60438  
10965.96932  
10989.90045  
11056.22157  
10989.95753  
11126.7973  
10989.53744  
11059.21136  
11015.77471  
10885.27049  
11007.27762  
11044.77548  
10993.58568  
10967.4019  
10903.65861  
10926.74985  
11073.12032  
10956.61652  
10920.7579  
10935.02862  
11025.56911  
11026.21661  
11072.35976  
11103.53516  
11061.97765  
11012.70408  
11034.63138  
10900.66436  
10975.33524  
11130.24598  
11039.77386  
10947.06523  
11118.59915  
11074.9462  
11075.64613  
11054.44236  
11001.99976  
10924.49552  
10961.62601  
11035.31342  
10992.18516  
11069.32746  
11061.31453  
11094.93339  
11102.04081  
11158.61944  
11101.05948  
11094.68345  
11047.68217  
11117.54562  
11127.75999  
11166.00474  
11225.78418  
11233.36214  
11126.26286  
10935.31326  
11012.77215  
11064.27176  
11016.09218  
11101.05738  
11110.56436  
11064.26747  
11121.13782  
11129.72157  
11015.28514  
11057.64995  
10925.96661  
10968.26306  
11016.15286  
11121.15327  
11001.41909  
10929.74261  
10852.73303  
10849.72291  
10973.78586  
11128.29903  
10960.31926  
10956.07854  
10918.34519  
11043.32689  
10947.86861  
11123.78658  
10927.39601  
11039.91357  
10871.21524  
10925.98036  
11015.14958  
11049.45149  
11011.61081  
11058.43299  
10981.63176  
10966.3876  
11011.25293  
11086.44496  
11088.31825  
11041.7586  
11027.9183  
11056.77543  
11012.09292  
11005.38665  
11209.70432  
11051.15938  
10940.17154  
11072.67326  
11120.37614  
10948.83643  
11017.88694  
11185.8235  
11119.16902  
11109.48286  
11121.65927  
11034.24305  
10984.96884  
11055.63237  
10954.58708  
10932.34235  
11007.47441  
10906.87616  
11051.0663  
11179.31814  
11035.22417  
11122.7156  
11109.56296  
11022.14857  
11037.72249  
11076.047  
10956.83006  
10889.15131  
10904.85363  
11134.53562  
11058.62303  
11065.24455  
11071.80605  
11169.75956  
11025.3333  
10977.45008  
11151.8542  
11076.69246  
10958.28698  
11059.29746  
11053.61011  
10848.2336  
10914.25041  
11139.89276  
11045.18717  
11019.08986  
11166.82249  
11029.10772  
11099.24051  
11013.84349  
10915.83397  
10988.23959  
11107.72177  
10983.74585  
