11227.37311  
11208.90238  
11193.25247  
11235.69778  
11180.77069  
11156.73351  
11151.98811  
11129.48607  
11185.02763  
11216.68423  
11150.56838  
11140.06684  
11159.09068  
11204.21416  
11187.34456  
11133.91806  
11143.04814  
11236.65655  
11216.32951  
11169.45843  
11154.57903  
11102.21708  
11198.71033  
11201.07111  
11148.87143  
11256.10812  
11256.8821  
11178.89578  
11177.92  
11177.18962  
11163.64866  
11218.37655  
11214.2437  
11126.13187  
11183.61003  
11256.00403  
11244.66824  
11246.61931  
11190.69742  
11182.56939  
11142.52041  
11194.92407  
11180.66829  
11135.61239  
11214.13126  
11269.4654  
11202.79368  
11201.71554  
11193.95106  
11096.30148  
11119.58976  
11166.09846  
11187.19846  
11200.04666  
11243.053  
11243.7048  
11223.29929  
11225.1023  
11163.27508  
11149.63944  
11077.70808  
11156.13722  
11187.03858  
11168.32655  
11137.51212  
11210.24239  
11225.18411  
11215.35457  
11246.86711  
11127.03643  
11095.83886  
11124.65883  
11104.68153  
11059.90292  
11152.07863  
11125.73096  
11250.72556  
11267.37962  
11241.69221  
11152.34529  
11177.74133  
11204.26682  
11152.8826  
11213.86463  
11253.60447  
11178.16063  
11230.80946  
11247.73141  
11285.12951  
11156.42827  
10997.79797  
11040.15599  
11099.06891  
11106.38264  
11175.20034  
11270.05658  
11255.66323  
11261.58284  
11245.26538  
11198.60169  
11106.44628  
11156.98128  
11222.07167  
11235.80546  
11193.73147  
11246.24121  
11253.03825  
11204.97879  
11225.93384  
11224.93217  
11183.35593  
11212.34313  
11263.28154  
11242.78939  
11123.77657  
11163.04952  
11162.90841  
11131.87312  
11159.22113  
11166.70191  
11167.2241  
11237.04586  
11201.53893  
11151.28786  
11145.83736  
11180.97767  
11240.24671  
11315.10762  
11192.31315  
11074.91712  
11112.66226  
11195.55473  
11190.48287  
11089.74935  
11142.10764  
11191.4745  
11158.92853  
11099.06814  
11167.04535  
11233.05704  
11177.1846  
11192.95219  
11206.46356  
11155.01645  
11232.92735  
11229.28868  
11172.14601  
11128.30259  
11171.16728  
11184.73747  
11151.39872  
11181.57056  
11175.6852  
11205.12686  
11202.97764  
11138.42988  
11148.1702  
11211.60874  
11284.07988  
11202.44414  
