10430.22782  
10416.057  
10340.07879  
10341.31393  
10457.42251  
10444.48937  
10403.79697  
10308.0453  
10349.96417  
10431.83161  
10341.10237  
10431.10146  
10309.39102  
10355.30706  
10416.11894  
10311.22462  
10319.60457  
10392.52936  
10332.55571  
10332.24305  
10306.37348  
10330.35431  
10387.56122  
10333.6036  
10296.51548  
10320.56108  
10386.22147  
10352.0624  
10339.1685  
10410.5656  
10345.94702  
10320.77911  
10386.3507  
10298.12868  
10319.60422  
10438.22205  
10353.0996  
10333.41797  
10448.83487  
10404.18437  
10336.23015  
10368.23975  
10399.50593  
10302.9103  
10360.38639  
10370.60973  
10364.34102  
10396.80848  
10405.59493  
10407.70445  
10399.80755  
10462.37249  
10382.71544  
10379.36211  
10384.60373  
10434.224  
10436.32632  
10406.96527  
10465.0309  
10479.8576  
10367.53328  
10309.13345  
10402.10264  
10407.90777  
10337.65448  
10358.01479  
10337.98812  
10383.00383  
10435.04825  
10448.43767  
10334.88914  
10409.59507  
10321.51792  
10298.32306  
10326.65959  
10457.35497  
10359.85207  
10328.97207  
10256.66956  
10280.19308  
10362.82772  
10421.75879  
10319.80549  
10286.9835  
10285.61675  
10438.67867  
10380.43755  
10407.07621  
10314.69326  
10358.23256  
10285.41738  
10280.7055  
10392.13371  
10375.28149  
10338.05699  
10458.45434  
10349.26356  
10315.09697  
10350.95685  
10398.09531  
10362.90528  
10301.12507  
10371.18858  
10449.60127  
10375.13249  
10351.02395  
10466.67437  
10330.50963  
10300.57727  
10417.3413  
10428.05307  
10320.57415  
10375.43876  
10491.82545  
10382.48312  
10402.07802  
10434.6334  
10378.97257  
10315.37775  
10356.72705  
10328.46263  
10331.3516  
10371.44189  
10340.95776  
10370.74775  
10456.36962  
10407.29155  
10475.69005  
10424.7025  
10273.87403  
10363.04473  
10386.91845  
10318.19046  
10246.77495  
10316.43352  
10430.50155  
10391.17019  
10354.07148  
10392.5917  
10433.64554  
10296.79119  
10302.36599  
10437.71765  
10392.87738  
10303.8075  
10395.7243  
10433.68139  
10268.84843  
10323.39952  
10468.11153  
10388.06475  
10350.25964  
10463.89074  
10354.00533  
10425.72203  
10316.54089  
10286.77285  
10370.18985  
10443.91609  
10317.05147  
