10444.28147  
10381.18772  
10292.536  
10345.15083  
10375.22661  
10334.19314  
10339.7182  
10330.34586  
10407.58543  
10389.25923  
10300.1511  
10367.05737  
10353.53232  
10326.08334  
10456.48444  
10334.40527  
10347.34315  
10355.86708  
10367.18899  
10314.24403  
10398.00384  
10271.21551  
10355.34324  
10380.30644  
10319.11157  
10335.51523  
10401.24445  
10371.83117  
10330.46285  
10372.71964  
10337.08447  
10359.77475  
10353.53098  
10283.7854  
10329.69906  
10428.3327  
10353.2668  
10396.46866  
10423.42718  
10348.53105  
10310.66144  
10361.42112  
10434.782  
10318.55198  
10349.98961  
10448.86481  
10340.93803  
10351.19094  
10414.08472  
10350.51554  
10301.1141  
10391.77544  
10301.66586  
10306.44061  
10368.34994  
10391.3485  
10355.37191  
10371.76878  
10420.50386  
10357.9547  
10267.3736  
10299.49949  
10388.55014  
10397.02357  
10348.90734  
10386.57801  
10358.18457  
10356.51816  
10383.12971  
10365.71966  
10343.43413  
10399.07118  
10306.02171  
10286.36885  
10311.77903  
10438.59177  
10420.07404  
10355.27239  
10368.13204  
10313.13095  
10353.96467  
10371.71675  
10299.91622  
10329.11594  
10365.1102  
10407.54441  
10396.84377  
10460.57118  
10380.73502  
10369.2423  
10223.92583  
10203.54892  
10266.5356  
10329.9185  
10355.72146  
10460.75699  
10395.90352  
10360.24718  
10380.09375  
10345.09923  
10294.74008  
10293.79048  
10370.66499  
10440.09584  
10349.68058  
10395.78971  
10422.74405  
10342.23484  
10336.3135  
10426.14981  
10385.13295  
10334.41242  
10373.49001  
10390.77464  
10353.13965  
10374.60964  
10374.31674  
10361.21915  
10353.35611  
10368.0619  
10365.91144  
10413.45552  
10401.91042  
10334.41872  
10299.2619  
10367.45006  
10322.75841  
10403.3026  
10381.17407  
10250.32586  
10300.34828  
10360.03775  
10350.43661  
10296.20193  
10347.8125  
10374.91668  
10352.95071  
10308.7555  
10336.58119  
10376.16138  
10320.25535  
10369.03001  
10378.65563  
10341.93493  
10334.36151  
10416.37103  
10388.82952  
10304.28829  
10348.04048  
10395.2201  
10321.04548  
10363.67172  
10409.70532  
10316.73804  
10384.77859  
10345.26472  
10311.59923  
10353.15035  
10441.13179  
10374.1092  
