10153.72914  
10149.23071  
10151.25643  
10258.24041  
10166.51534  
10194.73227  
10145.0959  
10136.48935  
10161.13578  
10158.45663  
10144.96898  
10150.76805  
10192.85572  
10126.91052  
10180.47579  
10225.02282  
10161.48807  
10162.19444  
10188.94387  
10208.72013  
10210.50582  
10122.20098  
10148.2118  
10193.40555  
10147.68227  
10180.19062  
10253.67834  
10147.60286  
10133.52765  
10098.37892  
10221.14833  
10170.14623  
10170.89701  
10178.65737  
10124.53822  
10150.58996  
10192.02651  
10255.62937  
10153.5438  
10207.36208  
10162.33961  
10153.44229  
10156.7334  
10097.39921  
10212.63156  
10158.98509  
10127.49778  
10190.8459  
10147.74794  
10112.8388  
10127.24165  
10163.68027  
10156.35931  
10160.30819  
10221.70119  
10149.14632  
10180.45107  
10201.17321  
10178.90633  
10159.60048  
10147.96194  
10149.39743  
10137.11654  
10163.84979  
10171.69397  
10152.86061  
10125.29223  
10138.57351  
10134.05749  
10103.88481  
10170.36435  
10183.52471  
10121.87977  
10140.49708  
10180.56526  
10227.15943  
10219.1112  
10193.01953  
10119.41129  
10180.84538  
10179.2979  
10192.9719  
10187.86499  
10093.28242  
10196.16295  
10176.28166  
10246.16878  
10125.0291  
10169.64822  
10198.14661  
10194.7976  
10180.54179  
10171.82366  
10190.75107  
10109.29017  
10215.877  
10201.59103  
10234.99465  
10135.7281  
10146.74524  
10165.54182  
10161.90952  
10164.79091  
10164.41232  
10220.19318  
10164.43866  
10206.7006  
10203.46716  
10150.7131  
10184.35014  
10154.83574  
10187.15548  
10220.76249  
10155.32495  
10170.87884  
10208.92909  
10215.75167  
10182.13315  
10154.65164  
10162.96155  
10138.15885  
10126.40159  
10190.79714  
10136.2809  
10170.31593  
10152.71259  
10146.30458  
10121.72171  
10140.71492  
10162.25731  
10128.55785  
10166.9548  
10165.50207  
10166.72788  
10230.8373  
10140.36381  
10111.7186  
10127.66511  
10182.43647  
10205.61911  
10184.02795  
10165.48892  
10167.27168  
10128.60244  
10258.45294  
10155.45238  
10193.20528  
10166.01985  
10148.72713  
10142.21211  
10201.08423  
10158.11847  
10173.36943  
10185.20878  
10231.19086  
10156.9583  
10148.79497  
10191.29558  
10226.67981  
10082.68489  
