10895.59032  
10893.90744  
10845.51502  
10890.66331  
10872.95372  
10882.73099  
10896.6881  
10900.99376  
10856.93314  
10852.87231  
10880.77261  
10841.04639  
10888.46341  
10871.44673  
10861.64479  
10889.36719  
10875.8047  
10919.60479  
10904.7364  
10853.90926  
10905.06234  
10895.05545  
10850.38712  
10958.57876  
10880.75897  
10880.62258  
10892.88055  
10878.87205  
10835.98254  
10893.43214  
10892.69462  
10860.78489  
10861.7568  
10904.95585  
10933.81974  
10850.99817  
10853.40579  
10910.71636  
10878.91168  
10875.23382  
10852.49282  
10864.53112  
10924.43889  
10901.61271  
10909.71249  
10913.83149  
10914.74739  
10909.08696  
10846.6695  
10890.34308  
10817.3711  
10868.65347  
10836.47864  
10837.07521  
10902.6193  
10919.19798  
10866.92785  
10846.55647  
10896.20523  
10868.89561  
10891.56165  
10884.17716  
10907.35167  
10840.65706  
10867.89654  
10860.0855  
10891.44685  
10906.30198  
10878.57488  
10849.16891  
10808.81491  
10882.36475  
10845.50603  
10848.97697  
10906.84758  
10895.9277  
10895.25957  
10874.77911  
10930.2034  
10915.23392  
10935.81058  
10831.97846  
10852.66092  
10847.6198  
10883.27182  
11001.72141  
10919.30892  
10895.31506  
10856.31639  
10906.42627  
10895.18778  
10830.89961  
10916.80794  
10870.31139  
10838.9175  
10879.69234  
10849.78185  
10874.75472  
10861.62456  
10871.7513  
10863.17766  
10852.28723  
10908.91519  
10850.28662  
10886.58321  
10879.61103  
10872.76884  
10902.91796  
10846.83861  
10875.32274  
10886.34211  
10827.62135  
10936.7618  
10881.41818  
10869.9629  
10905.25958  
10877.5048  
10858.18028  
10899.20817  
10894.26769  
10879.82279  
10918.84209  
10900.49064  
10838.09087  
10910.72347  
10869.24219  
10817.43801  
10860.05728  
10839.90922  
10851.17821  
10899.2962  
10904.37284  
10876.94362  
10870.84082  
10931.5217  
10892.86591  
10857.59969  
10899.41351  
10866.80384  
10906.25936  
10914.68621  
10906.03405  
10865.85975  
10889.22821  
10927.23602  
10908.53439  
10851.63858  
10892.49079  
10907.73013  
10837.87979  
10891.26871  
10845.32726  
10842.22866  
10868.29673  
10901.73272  
10880.93851  
10906.63235  
10851.19032  
10860.94186  
10892.86313  
