10757.6103  
10704.24029  
10725.34874  
10846.75254  
10776.81287  
10763.65195  
10797.49885  
10708.88431  
10812.51483  
10722.06401  
10715.87436  
10745.8269  
10760.37772  
10760.35005  
10762.65079  
10799.08058  
10783.34501  
10746.14797  
10804.80081  
10751.11729  
10792.94525  
10729.34093  
10717.03837  
10801.55135  
10754.20434  
10770.48464  
10836.19311  
10753.33433  
10710.23072  
10715.04246  
10839.0035  
10805.4828  
10717.41793  
10736.76387  
10783.72882  
10820.05264  
10745.53586  
10795.69463  
10738.70927  
10821.84041  
10769.07408  
10751.15055  
10779.34139  
10754.8125  
10788.20102  
10767.37886  
10729.56535  
10792.84983  
10738.51422  
10714.2832  
10759.21921  
10750.94365  
10732.42972  
10729.55307  
10796.86639  
10775.49815  
10736.56669  
10717.91445  
10696.46863  
10712.75751  
10740.52056  
10784.46379  
10714.54429  
10722.54736  
10734.78223  
10752.79506  
10724.40169  
10790.05761  
10698.72875  
10756.70702  
10717.18854  
10750.82053  
10751.47107  
10726.65574  
10771.76247  
10895.43637  
10772.90209  
10791.61791  
10828.4808  
10811.24237  
10775.79348  
10779.25719  
10820.18227  
10718.27143  
10769.44172  
10742.26  
10809.41732  
10723.98206  
10736.57457  
10785.43574  
10796.70466  
10732.57733  
10756.66389  
10804.27409  
10725.72533  
10827.59007  
10767.31339  
10797.41163  
10733.95313  
10713.24252  
10740.00878  
10732.35853  
10791.8413  
10718.98575  
10785.72532  
10756.78655  
10741.29236  
10807.74688  
10753.39597  
10793.55013  
10779.72023  
10769.76994  
10800.99328  
10774.75927  
10764.93207  
10804.18877  
10765.01797  
10761.09212  
10767.40097  
10788.02432  
10753.2489  
10740.84389  
10769.30983  
10772.80132  
10759.10481  
10769.95624  
10740.12796  
10701.30341  
10776.281  
10750.58171  
10742.87531  
10782.94702  
10719.08161  
10739.22143  
10832.73943  
10741.89352  
10711.25549  
10766.23874  
10832.26338  
10757.29072  
10771.06463  
10801.57635  
10773.87214  
10716.18224  
10838.76751  
10734.3309  
10741.65629  
10763.36492  
10765.99818  
10759.98744  
10779.77033  
10786.91594  
10744.41897  
10798.87024  
10813.50953  
10758.39328  
10725.74729  
10755.22545  
10778.70102  
10679.52505  
