10910.29212  
10767.27528  
10828.22274  
10774.29145  
10879.93934  
10861.52145  
10864.65979  
10826.91727  
10844.39606  
10855.21611  
10791.14361  
10856.25318  
10805.46828  
10877.62089  
10881.43497  
10782.02878  
10863.77125  
10801.1353  
10823.61333  
10885.61122  
10750.35862  
10838.2775  
10898.90612  
10740.33324  
10886.12992  
10839.91889  
10823.80362  
10839.03438  
10889.07231  
10825.0522  
10745.05534  
10849.11742  
10870.01453  
10822.05225  
10858.90795  
10804.96125  
10859.04362  
10824.64598  
10811.56092  
10781.20806  
10888.59274  
10812.40159  
10746.00384  
10885.81708  
10822.4388  
10931.21632  
10895.32178  
10827.69472  
10879.3643  
10764.59229  
10807.73579  
10750.46862  
10835.99656  
10837.33348  
10782.16095  
10779.38567  
10905.88917  
10882.63651  
10850.14962  
10905.5586  
10898.29359  
10907.69651  
10727.3867  
10802.55719  
10718.90224  
10861.11241  
10805.50206  
10874.99873  
10786.59639  
10837.10523  
10866.88917  
10752.79014  
10809.937  
10891.70505  
10789.45386  
10698.53361  
10797.61165  
10959.45643  
10945.56582  
10792.66518  
10871.63337  
10799.4005  
10810.86396  
10829.40993  
10928.52836  
10925.19406  
10832.921  
10861.70236  
10880.262  
10816.48122  
10905.94713  
10862.54833  
10827.4534  
10914.1831  
10814.31447  
10836.83624  
10872.36267  
10789.02906  
10829.391  
10757.24423  
10894.92484  
10870.50621  
10772.999  
10860.14438  
10805.95842  
10846.28382  
10858.83463  
10824.10845  
10869.78798  
10751.12858  
10810.06812  
10911.12453  
10780.49758  
10906.6244  
10855.6916  
10806.05028  
10889.18728  
10863.45897  
10821.65167  
10817.44316  
10862.20711  
10854.8142  
10801.10106  
10841.9546  
10735.94336  
10775.71938  
10868.25206  
10827.1124  
10848.84335  
10895.91748  
10867.65292  
10830.05819  
10907.32624  
10881.38691  
10803.05748  
10864.42104  
10886.039  
10883.42377  
10830.31187  
10893.85013  
10877.62364  
10846.50766  
10867.87226  
10830.5239  
10764.04573  
10857.39485  
10884.92766  
10811.74008  
10806.38095  
10847.5821  
10777.70238  
10778.70618  
10839.31918  
10831.00097  
10779.84341  
10900.93485  
10746.25554  
10834.23413  
10793.59453  
10937.57373  
