11102.29992  
11092.30841  
11093.9013  
11109.04705  
11194.82415  
11187.6696  
11128.24239  
11097.39782  
11077.86714  
11137.91703  
11157.48835  
11184.92525  
11114.59796  
11163.18426  
11139.59394  
11166.02746  
11176.37245  
11137.00022  
11108.08938  
11201.98785  
11119.00106  
11178.31005  
11128.67537  
11098.11412  
11188.0784  
11095.28564  
11098.04347  
11116.28091  
11107.80883  
11080.0924  
11109.74095  
11207.98278  
11151.10775  
11189.27323  
11063.4842  
11103.91341  
11169.82054  
11204.94612  
11108.71075  
11041.39859  
11204.25182  
11106.28903  
11068.88578  
11216.53833  
11217.68037  
11238.3136  
11135.1353  
11061.89314  
11124.28588  
11087.3745  
11129.13444  
11110.06026  
11148.60811  
11099.85083  
11098.1361  
11122.75379  
11198.03893  
11160.55147  
11165.69144  
11126.04052  
11153.6103  
11125.21926  
11143.42787  
11149.09262  
11039.18995  
11164.18767  
11113.42948  
11128.99447  
11091.06713  
11080.94816  
11077.95508  
11105.65947  
11148.80823  
11176.83755  
11156.1514  
11169.01746  
11132.66917  
11101.71495  
11100.83431  
11088.72543  
11135.62332  
11108.6503  
11018.47189  
11025.88984  
11192.79429  
11160.75675  
11214.97552  
11151.45064  
11107.30936  
11142.66417  
11178.46041  
11156.04465  
11099.21111  
11224.92068  
11088.3344  
11086.42972  
11171.51427  
11135.08164  
11132.43536  
11104.25684  
11172.98302  
11098.02469  
11049.22444  
11179.90048  
11170.26347  
11190.23905  
11175.89791  
11145.09551  
11155.43709  
11152.70628  
11138.25034  
11208.39547  
11116.97816  
11177.55191  
11113.20381  
11071.80534  
11245.72872  
11158.25925  
11124.12423  
11131.87687  
11149.2437  
11085.37288  
11087.897  
11170.18906  
11127.07789  
11119.95814  
11139.43092  
11069.62666  
11124.18457  
11139.33876  
11081.79143  
11071.27614  
11162.75569  
11146.02282  
11086.09118  
11175.4627  
11159.08712  
11157.30582  
11147.99596  
11221.65356  
11226.9087  
11141.79419  
11210.74848  
11091.85317  
11114.09091  
11229.75272  
11160.87368  
11094.67791  
11055.69466  
11147.07799  
11133.41084  
11080.8951  
11109.46111  
11100.82667  
11099.32864  
11193.82658  
11141.47295  
11161.90742  
11160.82175  
11055.63677  
