11406.34883  
11281.05728  
11412.74996  
11472.67722  
11416.1487  
11379.67359  
11446.95875  
11399.00669  
11450.69441  
11417.23028  
11309.325  
11438.54362  
11416.04386  
11457.52326  
11435.01722  
11423.29624  
11424.61655  
11377.32355  
11457.24686  
11383.15801  
11385.35241  
11407.17232  
11383.66039  
11436.14085  
11404.09746  
11370.81688  
11495.12179  
11394.21456  
11412.74084  
11318.31257  
11487.23125  
11397.6628  
11413.25413  
11350.86794  
11442.01958  
11434.98421  
11364.11152  
11391.56053  
11397.73162  
11441.76206  
11456.31339  
11357.07278  
11416.08733  
11342.9674  
11477.67287  
11469.98488  
11383.92736  
11450.68747  
11442.32725  
11304.32416  
11436.75439  
11345.41533  
11408.95582  
11350.66536  
11369.00212  
11449.35229  
11465.94984  
11329.65669  
11338.60423  
11310.41424  
11369.67694  
11455.88398  
11347.26315  
11395.6854  
11372.92961  
11407.31099  
11388.42327  
11442.64765  
11348.93688  
11409.33847  
11396.83746  
11398.91241  
11428.3561  
11416.98944  
11383.01845  
11437.89694  
11443.31944  
11487.43564  
11423.11587  
11465.66488  
11487.16448  
11430.4978  
11374.42768  
11371.81925  
11414.29726  
11379.1781  
11374.50311  
11423.31226  
11385.05208  
11402.2702  
11515.54318  
11392.33394  
11392.34015  
11493.62435  
11373.15626  
11451.29889  
11439.27082  
11414.31019  
11424.48569  
11297.05489  
11441.83409  
11284.47443  
11448.82113  
11342.55695  
11353.9548  
11436.82675  
11403.58724  
11458.57543  
11441.28665  
11413.22397  
11463.02058  
11468.33755  
11420.08313  
11487.47718  
11336.89964  
11493.90189  
11426.49043  
11347.19811  
11400.3629  
11453.99535  
11456.12294  
11366.85576  
11423.90449  
11450.58672  
11321.42945  
11406.3267  
11370.82884  
11292.32903  
11410.11707  
11468.84467  
11413.43364  
11441.22132  
11404.4987  
11359.98855  
11487.74043  
11429.18322  
11430.64995  
11395.77111  
11339.96218  
11372.45713  
11382.44366  
11467.55964  
11474.48649  
11341.44619  
11483.56716  
11429.00491  
11344.8585  
11366.12305  
11408.1646  
11445.77731  
11372.77006  
11457.09126  
11450.29912  
11362.78579  
11454.76625  
11469.04403  
11349.7401  
11461.03927  
11402.37552  
11308.33709  
