10372.36821  
10441.14994  
10478.64759  
10423.58014  
10375.80714  
10311.31625  
10326.49897  
10311.71748  
10362.96071  
10327.13619  
10409.69829  
10448.01152  
10413.99032  
10360.3283  
10475.10881  
10473.04535  
10383.99879  
10413.68096  
10396.76063  
10406.15887  
10452.28512  
10434.377  
10353.4751  
10455.58044  
10554.99838  
10427.82961  
10371.54624  
10394.59679  
10391.15937  
10421.0594  
10395.95324  
10431.03162  
10365.75861  
10327.4799  
10344.99364  
10433.49882  
10396.48259  
10369.60296  
10459.02676  
10506.6993  
10478.50191  
10407.00271  
10325.84338  
10343.78808  
10369.64282  
10373.72534  
10432.76472  
10438.60231  
10408.54766  
10367.544  
10348.67142  
10370.74861  
10358.95425  
10348.49263  
10408.44492  
10456.9473  
10505.26119  
10477.24766  
10413.42973  
10370.171  
10382.86211  
10410.87224  
10358.51228  
10263.18755  
10251.94493  
10349.79428  
10452.20007  
10334.26759  
10352.45409  
10424.8769  
10353.51727  
10416.33102  
10387.94368  
10343.42695  
10346.43744  
10262.92882  
10442.35517  
10456.25469  
10429.52465  
10484.31447  
10414.99794  
10436.89023  
10378.0264  
10374.43731  
10379.7485  
10363.9636  
10470.17722  
10476.79107  
10401.75877  
10331.45893  
10283.02004  
10323.7849  
10481.42146  
10371.9859  
10417.0272  
10493.20268  
10445.52228  
10465.1043  
10570.56114  
10421.11578  
10421.32453  
10405.32606  
10393.88623  
10430.30941  
10446.23305  
10472.13375  
10491.61126  
10377.06834  
10323.77146  
10389.90813  
10392.15099  
10381.98079  
10329.12022  
10355.96808  
10413.43695  
10349.42666  
10391.10019  
10429.35166  
10434.06656  
10401.25603  
10397.12229  
10347.22418  
10365.26891  
10342.90981  
10520.76162  
10443.02486  
10477.62272  
10427.54725  
10408.04001  
10355.22984  
10338.3779  
10372.2696  
10398.56794  
10358.28185  
10422.87989  
10372.0572  
10384.87282  
10388.42391  
10329.88695  
10351.53098  
10375.5738  
10421.33825  
10543.72295  
10450.49985  
10400.34493  
10439.9135  
10378.79097  
10492.67498  
10374.03387  
10393.80943  
10384.95952  
10330.24657  
10369.29351  
10529.05194  
10368.81915  
10313.51388  
10310.59274  
10372.70697  
10449.65886  
10476.4791  
