12936.22312  
12981.42447  
13013.53565  
12964.01135  
12920.36142  
12818.89309  
12819.7779  
12832.37663  
12921.55179  
12906.34324  
12935.64589  
12936.76596  
12873.17662  
12927.3464  
12972.57992  
12936.37903  
12837.24456  
12819.55041  
12879.85985  
12928.63029  
12964.85108  
12948.31914  
13004.47336  
13048.84888  
13050.76282  
12987.04287  
12959.85384  
12957.04448  
13035.09954  
13025.44484  
12969.3806  
12984.07505  
12930.71873  
12844.94758  
12823.39221  
12813.90365  
12786.84323  
12837.69725  
12847.99261  
12903.49895  
12941.9475  
12937.67505  
12948.16037  
12992.16045  
13062.0011  
12988.56969  
13038.61331  
12996.46261  
12916.94085  
12910.62784  
12946.71868  
13063.58828  
12939.50711  
12937.26577  
12776.89916  
12783.46357  
12852.84605  
12904.36277  
12922.81979  
12915.47538  
12808.12952  
12861.12381  
12863.12362  
12803.38052  
12722.8181  
12941.91821  
12864.07083  
12900.38113  
12827.25796  
12843.80264  
12885.93044  
12933.38539  
12911.19011  
12922.68909  
12884.15032  
12908.98604  
12941.12789  
12937.19518  
12900.22428  
12989.19381  
13022.70748  
13044.32747  
12993.78088  
12902.01708  
12995.35  
12939.41286  
13042.9723  
13000.38399  
12978.1045  
12994.00172  
12877.04789  
13194.92046  
12989.57675  
12880.91752  
12958.73009  
13094.47737  
12966.16213  
12902.34894  
12845.28416  
12761.66128  
12769.06996  
12890.95778  
12972.45762  
13021.65721  
12923.05705  
12834.74986  
12897.7368  
12807.78693  
12720.6809  
12798.61442  
12874.6164  
12900.13767  
12881.02153  
12950.01092  
12978.50361  
13005.75459  
12974.83739  
12952.03083  
13018.18578  
12998.20994  
13031.56186  
12941.22943  
12795.35757  
12970.60527  
13091.98135  
13054.02013  
13016.29418  
12993.84547  
13043.70892  
12961.58436  
12775.27794  
12858.77642  
12925.60952  
12864.02152  
12754.09591  
12796.36198  
12830.19031  
12859.86043  
12792.42921  
12768.44322  
12838.95975  
13063.9951  
12957.85462  
13071.91151  
12978.23797  
12947.21286  
12923.0126  
12896.41275  
12899.26607  
12940.14542  
12912.2861  
12954.92784  
13006.73604  
12918.50016  
12842.34057  
12909.44932  
12918.39211  
12941.72136  
12969.09167  
12993.61726  
