12191.23272  
12276.16912  
12344.25434  
12221.64553  
12166.95924  
12169.92066  
12272.26246  
12317.70122  
12264.93103  
12211.07512  
12233.79504  
12222.10464  
12215.08799  
12226.24198  
12276.34608  
12191.43632  
12255.33278  
12307.53028  
12256.73722  
12224.20601  
12181.85318  
12308.50501  
12210.34376  
12266.83816  
12252.12952  
12241.63166  
12224.55719  
12248.74777  
12314.02634  
12324.38357  
12292.93702  
12246.3148  
12188.55954  
12193.52854  
12209.80482  
12196.19911  
12225.80698  
12254.08602  
12257.11484  
12254.85305  
12229.70879  
12237.79523  
12302.55346  
12338.18419  
12371.44565  
12302.29033  
12248.52539  
12140.55151  
12215.56286  
12282.80432  
12322.01583  
12308.65076  
12233.0498  
12185.03433  
12182.63289  
12206.29677  
12227.73404  
12241.77474  
12185.08153  
12186.1003  
12133.79239  
12193.44383  
12203.2584  
12137.65246  
12180.79991  
12245.98031  
12284.14107  
12220.31373  
12152.19871  
12198.46211  
12211.6437  
12254.67332  
12349.83018  
12281.59881  
12195.95844  
12192.37301  
12256.76014  
12263.45501  
12250.88151  
12317.55438  
12311.30428  
12279.18674  
12181.62264  
12255.2802  
12335.97203  
12370.11341  
12333.90666  
12248.20314  
12195.38689  
12180.19837  
12225.22297  
12338.2182  
12259.04862  
12189.30737  
12228.19786  
12313.57555  
12327.02605  
12242.01359  
12253.01479  
12186.9744  
12265.80692  
12270.93822  
12217.09471  
12217.70035  
12229.20264  
12192.35428  
12250.87206  
12196.90556  
12184.88976  
12257.34839  
12310.99165  
12228.23714  
12175.12633  
12286.1388  
12344.41853  
12245.50702  
12209.198  
12175.21301  
12213.56129  
12254.9582  
12296.79367  
12164.15006  
12198.81999  
12222.23756  
12267.7634  
12246.21792  
12238.58681  
12223.0153  
12183.22899  
12181.5203  
12247.67714  
12332.12432  
12277.66518  
12161.93327  
12175.2826  
12284.79294  
12212.30031  
12176.95441  
12191.58747  
12267.27153  
12303.03853  
12248.25452  
12327.35673  
12291.69563  
12235.91663  
12226.30083  
12267.88036  
12266.24442  
12202.04324  
12225.76402  
12188.95371  
12248.61375  
12299.7558  
12284.23942  
12211.66422  
12210.79552  
12214.79896  
12270.26709  
12263.81154  
12252.26744  
