10568.81025  
10500.78327  
10681.69348  
10734.49897  
10600.32279  
10459.11761  
10385.84316  
10451.11325  
10622.07278  
10511.0004  
10495.90029  
10455.07007  
10478.45345  
10489.95223  
10558.68264  
10532.04218  
10468.77402  
10604.01477  
10675.76834  
10565.76614  
10641.22611  
10620.57473  
10625.96178  
10701.39065  
10657.95103  
10598.9581  
10535.79715  
10605.12403  
10601.40253  
10669.48375  
10667.50331  
10624.45878  
10572.09053  
10517.42204  
10498.7225  
10461.83075  
10420.7387  
10425.27895  
10507.65801  
10589.3126  
10578.3764  
10496.37186  
10432.35735  
10470.50756  
10607.17697  
10688.52381  
10719.55569  
10669.19106  
10685.6853  
10651.90059  
10615.96053  
10652.63908  
10612.37618  
10552.58665  
10483.5737  
10518.98843  
10597.30833  
10603.61022  
10703.57812  
10555.09208  
10443.4938  
10454.26266  
10551.8424  
10491.07913  
10358.59939  
10387.01107  
10521.88592  
10550.39224  
10455.81669  
10511.4967  
10508.77739  
10503.04428  
10528.29863  
10610.2966  
10549.06479  
10420.32155  
10487.01717  
10575.48165  
10570.53959  
10669.15965  
10711.71558  
10637.32881  
10573.66791  
10464.801  
10454.96578  
10554.28298  
10640.63036  
10724.91476  
10628.34812  
10528.49393  
10412.32854  
10424.83819  
10577.91028  
10423.87092  
10530.686  
10566.72716  
10448.53539  
10536.58248  
10645.95635  
10547.47019  
10647.40222  
10718.10762  
10615.69658  
10555.83592  
10574.96421  
10607.50047  
10694.95029  
10625.40567  
10541.98777  
10499.95608  
10656.14423  
10606.95041  
10508.74318  
10433.64662  
10567.96781  
10666.08815  
10568.67273  
10568.11832  
10509.27934  
10500.62052  
10681.59473  
10528.06214  
10429.87369  
10494.72351  
10614.48811  
10498.69245  
10591.72488  
10621.89127  
10698.01198  
10540.24865  
10445.92752  
10481.43652  
10703.3397  
10496.71026  
10452.65603  
10497.08924  
10649.35368  
10532.48082  
10444.55749  
10426.3076  
10563.92335  
10748.32579  
10717.71208  
10608.74951  
10536.11631  
10533.10344  
10494.94076  
10593.54041  
10699.97068  
10663.26175  
10536.11156  
10444.75391  
10474.22561  
10642.72318  
10610.94244  
10506.28454  
10513.84006  
10430.4671  
10538.23117  
10625.12192  
