10301.14886  
10185.53295  
10367.09181  
10446.31451  
10294.40089  
10143.29814  
10048.95864  
10126.15697  
10360.34672  
10226.57106  
10172.13926  
10086.51414  
10108.18161  
10132.57207  
10230.60663  
10220.00858  
10128.30518  
10282.8381  
10425.36041  
10282.17321  
10348.48185  
10323.21363  
10382.57755  
10386.38128  
10320.69058  
10255.49261  
10224.48358  
10333.92174  
10333.20042  
10413.76717  
10417.46789  
10349.57548  
10297.57625  
10233.11309  
10183.93897  
10118.77157  
10095.4163  
10077.67462  
10179.48328  
10227.1238  
10210.79497  
10165.82444  
10101.17123  
10146.23412  
10302.33009  
10445.92272  
10448.12966  
10445.42483  
10447.90856  
10380.67  
10339.56777  
10374.8098  
10384.9398  
10276.28884  
10140.19485  
10165.95263  
10255.97402  
10281.55663  
10430.85237  
10288.70485  
10108.94401  
10107.30437  
10239.14923  
10238.58125  
10021.12861  
10034.91001  
10189.73394  
10271.65542  
10136.31717  
10155.73969  
10153.38758  
10130.44657  
10200.08346  
10345.43418  
10286.20903  
10124.20885  
10144.79919  
10215.41297  
10221.91968  
10349.55633  
10452.80458  
10364.1043  
10260.6041  
10120.27147  
10116.83643  
10227.63468  
10318.81654  
10436.34564  
10331.57841  
10223.32236  
10094.75273  
10122.20557  
10269.92988  
10074.06462  
10198.78036  
10265.30538  
10143.87895  
10216.28822  
10324.84386  
10234.44396  
10365.20715  
10480.73664  
10351.22103  
10235.63057  
10253.42781  
10294.8017  
10371.48421  
10399.26632  
10227.23099  
10147.10225  
10349.35768  
10327.76671  
10210.38923  
10088.76743  
10254.78519  
10400.46124  
10256.31079  
10188.60871  
10151.50353  
10154.41973  
10394.59246  
10251.67204  
10085.92416  
10207.15825  
10287.40404  
10173.86997  
10275.87704  
10310.57228  
10460.57647  
10289.74053  
10133.60852  
10184.34566  
10476.6733  
10206.06579  
10106.45176  
10185.35587  
10395.82755  
10221.92817  
10132.39651  
10111.90397  
10254.97742  
10442.02913  
10416.31776  
10315.28319  
10209.70092  
10213.47377  
10134.40302  
10284.31005  
10413.89519  
10361.0223  
10216.5334  
10070.24175  
10133.08765  
10331.40593  
10336.27374  
10266.32689  
10203.63755  
10111.53051  
10218.56151  
10298.82312  
