9768.218464  
9806.495925  
9842.178761  
9784.341494  
9769.345552  
9679.777276  
9714.148892  
9707.340147  
9660.824  
9691.903859  
9804.701475  
9836.896131  
9820.172919  
9791.593009  
9884.514278  
9866.17137  
9789.146939  
9758.605081  
9710.773202  
9736.444319  
9805.715854  
9795.607439  
9723.940127  
9750.115554  
9890.85594  
9779.832267  
9736.381651  
9722.382711  
9713.748064  
9727.814638  
9733.096444  
9779.728836  
9745.854879  
9759.657715  
9764.051893  
9825.422734  
9802.452014  
9797.873182  
9827.723768  
9931.882678  
9917.594474  
9797.974896  
9724.686608  
9719.198006  
9747.915578  
9705.531149  
9788.139901  
9780.061911  
9699.813746  
9713.405913  
9747.655627  
9720.740571  
9698.877896  
9736.239729  
9798.736076  
9848.693999  
9872.11015  
9864.88586  
9760.796606  
9821.386298  
9786.773471  
9798.512746  
9702.303728  
9678.169905  
9658.090871  
9770.854172  
9831.754597  
9751.821727  
9736.586156  
9785.425276  
9766.503923  
9855.130691  
9765.521299  
9642.480789  
9703.733887  
9693.12963  
9818.93228  
9854.382408  
9776.059301  
9840.508368  
9773.768774  
9814.257038  
9800.658052  
9791.992827  
9807.181388  
9739.501835  
9840.270541  
9768.364544  
9778.522899  
9686.340719  
9674.513537  
9710.250303  
9799.692366  
9695.526451  
9784.614359  
9823.760709  
9743.138167  
9820.692012  
9854.195531  
9772.046723  
9722.429149  
9752.234106  
9835.989662  
9825.389581  
9817.87404  
9779.580028  
9773.217319  
9728.434857  
9744.833462  
9793.073764  
9743.887493  
9736.233297  
9700.738871  
9768.592555  
9784.63746  
9707.147831  
9799.682567  
9792.597623  
9793.313359  
9788.615319  
9731.807331  
9809.621885  
9748.323916  
9686.807668  
9950.608483  
9863.73259  
9801.099407  
9767.358196  
9764.63719  
9755.676758  
9706.829691  
9729.312298  
9700.982927  
9772.755489  
9758.774439  
9700.927212  
9715.707469  
9755.501532  
9714.400694  
9718.955145  
9714.272242  
9719.861715  
9829.111092  
9746.34141  
9819.005236  
9859.952384  
9802.019599  
9833.810075  
9747.804553  
9861.780475  
9862.981193  
9714.646316  
9761.902276  
9833.285055  
9658.030029  
9695.360368  
9684.647747  
9764.866834  
9830.115032  
9856.499714  
