10597.36053  
10614.29274  
10681.60179  
10679.97085  
10622.43091  
10532.39673  
10538.4871  
10534.9987  
10594.07645  
10566.37758  
10617.36705  
10628.31529  
10617.65423  
10582.62931  
10676.49395  
10651.45866  
10591.17757  
10635.69635  
10629.67128  
10633.66456  
10686.20817  
10679.58885  
10592.35916  
10671.43008  
10746.04024  
10633.62778  
10581.99946  
10604.64311  
10608.81989  
10652.39543  
10627.15306  
10668.6416  
10611.0037  
10578.07411  
10571.98279  
10620.27697  
10582.91284  
10574.84156  
10626.70867  
10689.84591  
10686.03981  
10618.76202  
10554.23948  
10550.484  
10584.5032  
10606.86564  
10674.63878  
10667.02381  
10630.24736  
10612.5959  
10564.46661  
10594.0683  
10586.2948  
10581.24587  
10591.58785  
10636.28041  
10697.61319  
10675.56272  
10668.74856  
10598.60795  
10569.32113  
10611.63906  
10598.72104  
10507.87253  
10484.29653  
10565.90606  
10670.73696  
10566.74705  
10576.26545  
10628.6204  
10598.37649  
10639.58759  
10600.9905  
10587.77968  
10597.29831  
10491.58674  
10636.43155  
10656.4732  
10641.99682  
10692.01674  
10652.39783  
10670.27005  
10608.18348  
10581.80683  
10600.36154  
10588.90908  
10686.6127  
10718.28946  
10654.22782  
10565.31582  
10499.58019  
10539.85831  
10640.39851  
10565.68961  
10620.59521  
10671.2309  
10634.88508  
10656.31044  
10739.19905  
10627.12008  
10638.96971  
10641.47579  
10629.62861  
10634.01176  
10643.33775  
10670.01715  
10704.7482  
10626.21006  
10570.36667  
10599.60051  
10623.32993  
10629.19016  
10563.3033  
10559.74878  
10624.06324  
10592.67408  
10617.78089  
10644.22191  
10642.22497  
10626.95139  
10632.64256  
10576.38076  
10559.64495  
10570.76536  
10723.18557  
10636.3972  
10661.21593  
10641.75237  
10637.64768  
10586.11636  
10549.84316  
10583.40921  
10640.6113  
10569.22137  
10610.0764  
10581.18319  
10621.24862  
10605.62164  
10552.67022  
10558.18077  
10604.51638  
10660.20794  
10726.41999  
10626.75904  
10642.40028  
10647.65503  
10582.75169  
10673.42278  
10598.88437  
10648.56004  
10611.82495  
10559.9666  
10596.05138  
10726.06041  
10618.19557  
10544.75106  
10553.33536  
10572.2185  
10646.29863  
10682.25854  
