11112.27771  
11104.19503  
11120.66574  
11097.67408  
11112.6997  
11123.11537  
11115.16902  
11153.15518  
11103.42085  
11097.3664  
11131.4464  
11112.68697  
11109.64037  
11135.44445  
11123.23182  
11120.78197  
11091.05273  
11087.41735  
11140.46971  
11147.88426  
11147.15822  
11125.4049  
11107.65754  
11127.68595  
11074.67901  
11095.2464  
11154.11243  
11051.32411  
11117.4439  
11065.7991  
11040.09091  
11084.16997  
11137.71766  
11143.56319  
11146.89531  
11110.25989  
11081.1856  
11069.12407  
11116.84818  
11106.06846  
11182.60971  
11094.25536  
11148.74303  
11110.06041  
11069.26801  
11092.67657  
11102.59656  
11102.58654  
11085.23379  
11112.31718  
11104.85151  
11111.91272  
11139.96231  
11059.94668  
11128.28487  
11154.14604  
11081.21401  
11123.11519  
11145.41547  
11124.48835  
11097.19416  
11131.34464  
11103.79868  
11139.0847  
11109.28488  
11128.45295  
11155.71151  
11098.88984  
11109.60431  
11131.52272  
11122.95715  
11142.31292  
11083.52881  
11118.45019  
11068.56458  
11127.64587  
11144.1021  
11112.73354  
11086.00982  
11140.14483  
11082.41357  
11112.53246  
11076.85301  
11129.34649  
11130.53211  
11066.3136  
11093.86913  
11096.11961  
11094.97992  
11164.08733  
11128.6346  
11145.56112  
11099.19222  
11143.05087  
11148.68831  
11092.26275  
11152.83252  
11123.19735  
11076.34262  
11099.06536  
11082.1257  
11142.20371  
11133.48842  
11121.75822  
11177.61012  
11084.40634  
11115.16771  
11092.69306  
11153.79583  
11122.03992  
11119.51098  
11090.59491  
11115.05684  
11157.9103  
11103.31115  
11110.53985  
11120.4206  
11084.07322  
11114.46692  
11154.26134  
11157.92439  
11094.15568  
11080.60119  
11091.01563  
11089.0968  
11173.56305  
11129.2423  
11134.70311  
11130.38777  
11095.2033  
11113.36075  
11117.26531  
11126.91999  
11160.09055  
11131.55432  
11141.04103  
11157.15817  
11166.87621  
11079.86593  
11068.42529  
11068.78439  
11068.35462  
11113.67966  
11130.09024  
11118.77264  
11114.86216  
11082.72188  
11151.39216  
11073.48544  
11112.50829  
11138.49868  
11105.03305  
11157.2401  
11118.26416  
11062.42157  
11099.30586  
11088.91432  
11120.51657  
11147.60263  
11130.267  
