11195.36312  
11186.71428  
11147.67645  
11175.16959  
11185.22433  
11151.2775  
11177.14247  
11164.29767  
11166.34227  
11201.35478  
11178.51177  
11082.7296  
11266.38542  
11133.80932  
11186.21507  
11148.03321  
11143.37348  
11190.31665  
11118.27879  
11089.27886  
11146.3545  
11193.47227  
11214.74258  
11166.19648  
11257.40342  
11201.45362  
11190.80489  
11240.44887  
11107.17263  
11139.63201  
11160.8302  
11106.36531  
11183.22366  
11186.73754  
11163.9025  
11222.35586  
11247.52115  
11208.2315  
11090.98163  
11153.34816  
11238.86989  
11205.07552  
11136.96789  
11183.33324  
11175.3826  
11243.83986  
11095.7318  
11231.23128  
11189.48435  
11111.11199  
11204.70292  
11144.36793  
11126.82315  
11234.59235  
11230.66102  
11192.2267  
11188.27052  
11218.28657  
11160.94295  
11099.64457  
11173.57564  
11115.70705  
11056.42594  
11203.31811  
11225.19243  
11075.72902  
11154.09114  
11219.95389  
11085.3398  
11185.5722  
11170.81995  
11158.09736  
11102.70664  
11197.31198  
11233.08713  
11100.46999  
11098.24728  
11187.61451  
11257.10197  
11139.44695  
11127.81497  
11152.49942  
11274.28307  
11140.42521  
11162.72919  
11199.15088  
11239.21722  
11251.99445  
11131.67606  
11117.12274  
11107.34517  
11170.8341  
11207.57379  
11112.18713  
11195.21986  
11239.68553  
11189.42224  
11178.8438  
11165.13924  
11209.63663  
11111.14504  
11150.89172  
11199.59745  
11173.45667  
11234.40039  
11184.94498  
11213.87376  
11135.30973  
11078.03695  
11125.79494  
11206.05846  
11195.62748  
11199.40491  
11186.01949  
11209.63073  
11070.50268  
11092.0531  
11190.27242  
11136.13862  
11119.00897  
11138.42308  
11148.81735  
11199.71106  
11202.91628  
11081.59514  
11122.55864  
11205.70543  
11230.15229  
11226.19759  
11150.97725  
11212.25836  
11210.58343  
11084.29851  
11159.04998  
11159.64387  
11152.90659  
11133.68513  
11236.20886  
11117.6496  
11117.49503  
11164.77962  
11146.75016  
11147.50863  
11246.98074  
11212.46675  
11173.98862  
11066.60494  
11103.09413  
11103.39135  
11135.39915  
11258.77918  
11283.02481  
11326.46357  
11166.8032  
11129.15854  
11127.51332  
11059.97783  
11136.74527  
11248.80595  
11236.8743  
