11299.68946  
11248.6066  
11272.88354  
11255.2642  
11224.32428  
11262.26662  
11228.2441  
11242.96356  
11262.14107  
11254.06512  
11234.18073  
11193.58279  
11235.57772  
11244.9022  
11286.98068  
11235.69448  
11227.32047  
11247.49554  
11232.09791  
11210.71483  
11299.83028  
11256.0136  
11190.05196  
11189.83414  
11238.32468  
11270.48597  
11282.72308  
11319.14881  
11190.29062  
11259.89315  
11250.96316  
11166.61808  
11194.35436  
11189.31073  
11298.20493  
11267.13282  
11289.9496  
11167.19683  
11183.07013  
11243.23273  
11352.12633  
11276.06376  
11201.02817  
11294.46565  
11280.32125  
11274.68024  
11238.68177  
11236.95475  
11212.50135  
11187.00631  
11276.09149  
11245.73962  
11231.20544  
11348.96204  
11198.59721  
11196.51988  
11313.38949  
11238.34337  
11217.28895  
11257.69311  
11262.81523  
11205.34802  
11204.04177  
11298.40725  
11239.17604  
11206.05841  
11250.64414  
11294.10894  
11196.45178  
11166.53595  
11250.88182  
11231.10471  
11260.65619  
11289.95954  
11294.36329  
11158.08517  
11219.48919  
11318.99131  
11292.33492  
11204.87722  
11247.01229  
11256.66118  
11329.16819  
11206.97938  
11224.42379  
11286.23653  
11266.03713  
11281.38029  
11281.82691  
11178.46706  
11239.83357  
11233.22252  
11333.40119  
11268.54104  
11294.20979  
11369.74446  
11194.50158  
11278.51978  
11260.21633  
11205.48768  
11204.19747  
11168.81378  
11290.01828  
11260.30346  
11254.60821  
11279.56737  
11247.26112  
11262.26201  
11165.85513  
11229.58578  
11338.66968  
11309.16348  
11293.3912  
11225.983  
11293.54133  
11229.07343  
11234.39815  
11295.87215  
11214.62203  
11191.99031  
11276.42148  
11236.90574  
11230.25853  
11271.59523  
11225.16632  
11203.66583  
11279.79697  
11224.5047  
11339.75094  
11248.16837  
11215.98633  
11250.64254  
11196.86031  
11217.89668  
11226.54773  
11217.01569  
11208.73403  
11219.66485  
11186.81406  
11228.64004  
11275.67668  
11263.24176  
11242.13391  
11268.98479  
11257.77868  
11330.58146  
11217.68093  
11160.3781  
11234.22085  
11239.24999  
11255.31455  
11336.32599  
11215.89118  
11355.31417  
11281.98377  
11217.9033  
11180.18652  
11206.77754  
11261.34453  
11265.83675  
