10829.50348  
10824.70879  
10877.85057  
10838.96307  
10819.91594  
10786.83754  
10815.09645  
10838.26393  
10837.49656  
10864.81814  
10834.25219  
10766.77186  
10867.19998  
10849.67514  
10918.18113  
10848.16947  
10785.20512  
10864.76816  
10846.90359  
10812.18014  
10869.28512  
10853.97857  
10792.65629  
10784.9085  
10844.90922  
10891.49932  
10866.05865  
10861.0302  
10793.12193  
10831.37342  
10863.09555  
10821.61309  
10843.37008  
10767.47969  
10884.91045  
10783.9576  
10884.96346  
10743.49082  
10794.96736  
10879.63879  
10987.33488  
10850.28643  
10786.3423  
10864.4898  
10823.75555  
10903.03121  
10796.43586  
10755.58707  
10815.86461  
10752.95273  
10870.51555  
10809.30934  
10758.6976  
10915.36295  
10814.97416  
10786.40549  
10891.65344  
10831.05381  
10807.70039  
10839.1809  
10840.47744  
10823.16959  
10750.1992  
10866.13211  
10890.46318  
10760.56344  
10849.77887  
10971.1598  
10812.54607  
10772.36404  
10841.16842  
10815.13262  
10870.15645  
10877.50063  
10896.59818  
10759.38639  
10831.28326  
10885.64943  
10887.40717  
10828.40611  
10821.12322  
10835.31955  
10947.57217  
10807.61508  
10738.36031  
10870.06055  
10849.91557  
10905.9176  
10866.56021  
10751.22117  
10798.24969  
10779.60504  
10916.42838  
10818.05207  
10867.07281  
10944.90104  
10785.82313  
10852.60063  
10804.86145  
10817.41055  
10778.17982  
10745.96033  
10875.40857  
10792.65891  
10816.54721  
10852.81396  
10850.41707  
10862.17318  
10762.43406  
10794.16313  
10919.96305  
10890.2052  
10918.4674  
10794.98012  
10820.09578  
10770.27885  
10787.85779  
10863.50432  
10796.27666  
10785.03166  
10828.17674  
10804.91801  
10838.93035  
10852.60053  
10784.45309  
10801.18053  
10875.03326  
10847.76383  
10927.89045  
10801.52068  
10796.43391  
10830.01848  
10818.04957  
10836.68584  
10836.84814  
10813.73219  
10780.8073  
10822.75625  
10775.00893  
10795.70145  
10889.91066  
10851.22105  
10835.2142  
10845.95186  
10817.25762  
10920.97762  
10849.18004  
10778.66797  
10834.28299  
10841.54848  
10919.99543  
10942.8966  
10773.51191  
10818.97445  
10849.02352  
10843.43996  
10769.47605  
10771.76012  
10893.68244  
10843.2782  
