10718.30056  
10621.98497  
10735.80019  
10661.46301  
10622.36505  
10726.2192  
10631.20091  
10667.7855  
10708.40342  
10621.54927  
10650.16777  
10630.39906  
10665.38925  
10728.42821  
10721.55845  
10663.85065  
10654.76816  
10639.50307  
10671.56881  
10645.63466  
10787.48572  
10666.00633  
10593.46962  
10620.94699  
10645.12318  
10667.90296  
10702.28126  
10678.42147  
10617.54927  
10702.41779  
10651.46009  
10560.051  
10625.01973  
10617.64045  
10725.24686  
10696.10306  
10652.92431  
10568.28961  
10616.21247  
10691.28704  
10820.24897  
10714.6037  
10614.70225  
10759.37697  
10724.63141  
10667.89129  
10695.17574  
10647.81404  
10647.8815  
10646.21453  
10665.7814  
10625.70281  
10664.09876  
10731.14154  
10604.22541  
10616.1609  
10694.36101  
10627.56289  
10593.64129  
10689.1426  
10662.49117  
10609.52179  
10670.16432  
10685.18741  
10634.42926  
10663.61209  
10650.70633  
10652.97742  
10606.23437  
10581.69259  
10728.68904  
10694.62074  
10731.39447  
10744.87267  
10691.28677  
10600.24225  
10691.13117  
10772.4137  
10693.89727  
10591.30816  
10712.43385  
10693.32816  
10731.41036  
10646.82466  
10676.16278  
10657.04813  
10681.37694  
10641.32007  
10701.87196  
10595.43473  
10704.68491  
10695.83661  
10799.58316  
10669.0501  
10673.52369  
10743.88438  
10631.12516  
10751.16326  
10691.51315  
10608.01309  
10634.28664  
10595.52334  
10718.56467  
10675.71133  
10637.69846  
10676.89863  
10675.27085  
10679.71227  
10599.05602  
10680.27467  
10743.08124  
10697.922  
10739.45371  
10643.505  
10659.78532  
10649.87178  
10706.96303  
10671.78836  
10622.54604  
10587.64711  
10731.26792  
10668.62635  
10633.61786  
10663.7731  
10651.02041  
10659.66734  
10695.61948  
10640.56717  
10804.08403  
10697.96201  
10633.6256  
10701.64505  
10639.5903  
10672.21846  
10642.02202  
10628.31036  
10625.04446  
10622.23055  
10655.63264  
10678.28352  
10662.70158  
10656.92845  
10675.09792  
10696.55598  
10660.56132  
10707.69539  
10613.99196  
10581.86952  
10729.38023  
10648.79527  
10643.58723  
10742.76901  
10646.10555  
10782.61635  
10640.66684  
10597.56753  
10643.86825  
10648.65448  
10678.97969  
10757.18193  
