10573.14159  
10542.80567  
10649.85597  
10528.36087  
10551.20098  
10624.82826  
10538.23026  
10608.84981  
10575.61939  
10513.97869  
10591.75638  
10536.01855  
10549.74768  
10599.98257  
10588.12933  
10596.10631  
10516.16663  
10543.90952  
10570.15724  
10588.0649  
10683.45758  
10521.10556  
10484.601  
10523.59162  
10565.06453  
10561.61713  
10595.19606  
10542.88505  
10499.02412  
10552.73655  
10518.99055  
10489.32319  
10575.57377  
10552.23678  
10616.49623  
10531.3717  
10558.30188  
10492.69785  
10552.15624  
10603.83816  
10707.3222  
10563.75806  
10532.17271  
10684.59972  
10592.33598  
10555.78852  
10591.40296  
10530.40353  
10576.25791  
10540.64667  
10562.93271  
10526.89849  
10551.02822  
10596.92244  
10512.90373  
10552.31584  
10566.51756  
10528.06873  
10542.48767  
10579.30879  
10548.34462  
10588.42083  
10584.3166  
10578.35319  
10578.24753  
10553.70066  
10532.26959  
10560.78888  
10508.99208  
10510.17124  
10585.86768  
10588.90928  
10620.8381  
10585.30412  
10578.03657  
10511.07734  
10604.24607  
10641.67767  
10561.62735  
10557.04177  
10611.82179  
10576.55199  
10596.42222  
10539.22783  
10563.88297  
10561.77305  
10577.61926  
10547.36509  
10581.31533  
10511.67573  
10604.59654  
10568.47741  
10695.05274  
10543.19732  
10571.95384  
10601.33068  
10523.51297  
10661.49767  
10575.05235  
10512.52417  
10534.55673  
10515.56463  
10610.91689  
10547.85448  
10541.84006  
10544.68252  
10538.76563  
10579.2356  
10544.56311  
10604.16086  
10598.67369  
10577.8964  
10651.89472  
10533.72455  
10546.75065  
10571.15586  
10619.29624  
10551.95526  
10508.79901  
10493.07461  
10642.17399  
10534.12253  
10516.74348  
10603.90029  
10550.33828  
10560.65344  
10599.74476  
10537.83017  
10679.33524  
10543.40769  
10522.02563  
10612.45808  
10553.59443  
10605.79439  
10549.22079  
10540.65847  
10526.83002  
10555.48422  
10559.85943  
10559.09718  
10571.90911  
10581.41681  
10567.56237  
10588.75071  
10540.92045  
10589.33703  
10511.14337  
10519.69829  
10662.29317  
10541.79059  
10558.34195  
10622.44618  
10532.52849  
10609.59476  
10532.53078  
10532.09754  
10535.82091  
10543.79033  
10595.96994  
10619.54856  
