10812.13954  
10684.54541  
10760.67353  
10774.31376  
10777.06121  
10719.46677  
10740.67528  
10651.1454  
10640.62348  
10704.26275  
10708.82259  
10670.52378  
10786.03786  
10786.26537  
10795.73705  
10737.23572  
10849.14637  
10836.02854  
10749.80245  
10736.06006  
10764.42964  
10768.42263  
10669.86485  
10730.91038  
10653.63832  
10616.88496  
10730.22778  
10672.54955  
10732.72164  
10686.38765  
10666.29542  
10658.73719  
10685.08179  
10678.91667  
10634.29994  
10670.30994  
10671.25531  
10632.93466  
10689.90767  
10819.73016  
10824.5409  
10796.70687  
10820.48458  
10706.41238  
10716.54618  
10750.8973  
10725.99819  
10754.70458  
10773.3424  
10815.50954  
10753.53761  
10818.43072  
10764.44543  
10721.18201  
10754.16998  
10787.30489  
10803.83071  
10735.9963  
10777.28902  
10741.19605  
10671.59622  
10679.60895  
10748.93877  
10658.94648  
10708.33548  
10736.94144  
10695.55646  
10619.87524  
10747.68038  
10782.49648  
10721.90283  
10713.90476  
10730.58941  
10825.41998  
10744.15619  
10738.92982  
10764.07891  
10771.47532  
10777.26926  
10803.70133  
10767.26956  
10709.25178  
10695.33631  
10742.79631  
10677.53021  
10602.43353  
10659.57338  
10693.67668  
10672.67594  
10687.03257  
10759.4268  
10707.07271  
10710.24063  
10719.05513  
10796.5825  
10707.86957  
10778.03492  
10755.61115  
10747.77617  
10726.72968  
10736.96686  
10752.7594  
10705.79395  
10708.56138  
10698.51089  
10775.65711  
10728.93237  
10667.73463  
10648.61546  
10706.1752  
10678.15666  
10696.228  
10708.60917  
10750.17072  
10711.85249  
10743.39715  
10773.09652  
10725.09674  
10743.78138  
10703.32545  
10698.67762  
10726.43111  
10748.4701  
10749.73335  
10696.07644  
10751.48207  
10760.34743  
10742.88447  
10682.96265  
10756.02919  
10726.45077  
10745.88465  
10792.18917  
10755.61262  
10732.68777  
10710.06617  
10789.26534  
10714.7882  
10753.64432  
10723.05282  
10682.70421  
10731.69731  
10799.70071  
10715.17516  
10699.13124  
10805.09335  
10792.28757  
10720.05642  
10688.88984  
10760.13696  
10725.75744  
10706.48655  
10682.00894  
10639.33801  
10693.95492  
10725.85291  
10751.93546  
10771.21845  
10721.08983  
10796.64151  
