10940.3436  
10895.74248  
10867.32289  
11009.0763  
10911.97946  
10945.09365  
10867.85377  
10894.60224  
10792.08536  
10871.7396  
10939.66533  
10828.2099  
10995.26232  
10924.10752  
10948.17117  
10863.05275  
10922.22999  
11012.82473  
10897.48469  
10984.78797  
10893.72026  
10930.10398  
10891.17192  
10836.3671  
10897.05814  
10838.47591  
10874.83298  
10912.65759  
10844.56701  
10908.58806  
10926.33593  
10865.2128  
10877.45552  
10956.62123  
10857.45775  
10795.44174  
10934.27414  
10847.61458  
10802.83919  
10908.98554  
10983.20908  
11000.82944  
10916.92247  
10953.48339  
10898.34054  
10853.55317  
10965.29288  
10863.14114  
10857.14411  
10953.60473  
10920.32892  
10968.85136  
10951.70451  
10866.77884  
10927.75372  
10939.46075  
10957.41178  
10943.99898  
10971.45344  
10873.61916  
10933.52403  
10868.45622  
10939.95754  
10873.75359  
10825.39004  
10972.63471  
10863.3646  
10864.10785  
10897.1457  
10948.29083  
10905.57462  
10880.73389  
10952.66274  
10922.72036  
10970.06318  
10874.784  
10888.23632  
10885.15698  
10896.91301  
10924.48153  
10945.18432  
10887.25969  
10858.99422  
10859.25416  
10907.00406  
10894.51418  
10839.75395  
10829.93077  
10904.76164  
10930.94705  
10890.91403  
10926.40597  
10967.50493  
10875.60018  
10927.38226  
10902.87929  
10939.71659  
10904.38633  
10960.99941  
10917.06844  
10845.86096  
10860.80927  
10949.84707  
10955.56061  
10832.18915  
10866.08365  
10902.06707  
10877.36557  
10825.12332  
10823.20575  
10889.252  
10900.90953  
10894.89818  
10923.92786  
10921.44158  
10859.70776  
10981.46793  
10912.23825  
10884.55994  
10955.78648  
10921.88352  
10866.23109  
10892.46642  
10993.38829  
10891.83151  
10864.89554  
10938.99331  
10990.08041  
10882.561  
10861.3772  
10965.49781  
10944.87299  
10898.82566  
10881.622  
10859.8498  
10958.43102  
10985.27038  
10943.24137  
10937.19959  
10883.33504  
10921.27266  
10848.3203  
10869.52517  
10927.15029  
10896.47051  
10855.46655  
10854.67745  
10924.42142  
10929.74941  
10920.36289  
10919.71091  
10871.58177  
10867.34114  
10906.06843  
10873.21623  
10886.26318  
10904.36804  
10979.69018  
10947.21609  
10893.23025  
