10852.4698  
10800.26122  
10767.85501  
10836.36739  
10749.32398  
10855.54443  
10766.64985  
10845.30446  
10788.18704  
10773.71714  
10803.57984  
10726.72938  
10867.62648  
10813.3542  
10900.18056  
10860.80647  
10838.52852  
10926.62883  
10798.41297  
10866.47759  
10822.74899  
10870.22998  
10793.6451  
10721.62424  
10801.90947  
10780.15569  
10797.94461  
10852.23422  
10801.97449  
10812.23785  
10848.47799  
10755.44497  
10743.08856  
10826.91657  
10753.22261  
10756.95038  
10873.18048  
10811.32409  
10755.15847  
10845.65565  
10806.39444  
10882.97482  
10769.11329  
10827.01458  
10819.69379  
10753.92959  
10875.44998  
10819.57887  
10747.42629  
10868.37966  
10825.56735  
10822.15272  
10900.3923  
10800.80829  
10848.39712  
10870.52941  
10768.3706  
10812.94337  
10840.14386  
10733.11998  
10811.34764  
10791.35302  
10794.41035  
10818.49147  
10754.749  
10848.42977  
10760.13542  
10837.48586  
10832.11302  
10865.51857  
10797.94994  
10758.70321  
10883.94205  
10790.21611  
10863.16813  
10818.37209  
10872.1107  
10840.72659  
10792.40991  
10789.03347  
10882.80518  
10874.97162  
10815.50797  
10753.47534  
10827.28976  
10848.52265  
10836.35143  
10752.90982  
10852.01502  
10786.18685  
10741.80237  
10818.34845  
10891.20404  
10788.53535  
10819.18682  
10861.9828  
10796.63341  
10743.60184  
10842.0923  
10856.45815  
10791.04372  
10796.06544  
10862.18638  
10830.84027  
10805.00827  
10800.76967  
10869.842  
10846.09318  
10814.86639  
10745.27286  
10817.98563  
10908.16198  
10818.36514  
10811.29434  
10816.29036  
10746.33473  
10842.9223  
10806.88993  
10722.19737  
10821.99789  
10815.31655  
10733.53119  
10786.38546  
10840.92489  
10757.44446  
10693.89394  
10777.2137  
10815.95826  
10788.28651  
10753.60646  
10801.69914  
10852.19992  
10839.56076  
10840.70339  
10801.14816  
10883.0549  
10867.73694  
10820.88844  
10774.23548  
10818.54317  
10895.70563  
10823.22393  
10793.89477  
10864.20881  
10829.10705  
10788.19581  
10761.97624  
10856.42334  
10878.31832  
10890.98082  
10857.29673  
10768.76793  
10735.6794  
10821.55961  
10814.29912  
10750.53322  
10765.63013  
10833.86603  
10835.46653  
10794.02344  
