10110.09769  
9998.700842  
10078.79638  
10100.36267  
10112.34325  
10073.31975  
10023.19947  
10038.26764  
9963.043189  
10051.79914  
10032.35796  
10005.58267  
10080.41361  
10073.17965  
10113.89893  
10023.55366  
10128.7013  
10159.352  
10074.36459  
10113.5117  
10071.01504  
10077.71767  
10008.96943  
10055.39589  
9986.20567  
9980.161948  
10054.77139  
10025.25326  
10001.19853  
10061.38529  
10025.55812  
10018.85155  
10029.20681  
10028.73593  
10003.30823  
10004.40736  
10031.39047  
9987.691843  
9971.301603  
10101.51801  
10158.05273  
10121.10354  
10096.20397  
10076.62711  
10049.27305  
10071.50673  
10064.57183  
10034.01929  
10066.76779  
10074.46973  
10076.47826  
10136.60747  
10072.02326  
10039.97062  
10084.26877  
10064.3453  
10112.66162  
10100.95082  
10071.28667  
10060.66601  
10056.33908  
9999.045462  
10097.40644  
9987.487174  
10021.9842  
10052.09801  
10028.52268  
9983.446354  
10045.19159  
10127.04261  
10056.48943  
10058.37915  
10066.21029  
10122.9596  
10080.05052  
10058.75073  
10092.40405  
10046.8861  
10071.28464  
10098.80494  
10088.16865  
10024.60981  
10018.44676  
10063.28587  
10034.46213  
9998.697063  
9989.406143  
10040.03101  
10018.43457  
10021.14612  
10078.98885  
10069.10911  
10051.75189  
10061.14009  
10116.53436  
10024.34868  
10099.58639  
10082.13803  
10098.73193  
10059.58375  
10013.63778  
10040.74821  
10039.59291  
10063.39424  
10016.4818  
10075.28917  
10037.21211  
10015.74154  
9978.075443  
10010.19355  
10029.46838  
10039.66264  
10037.90843  
10072.85589  
10038.10157  
10065.69502  
10097.12445  
10061.90592  
10083.13637  
10097.454  
10035.55456  
10027.5277  
10074.201  
10114.76176  
10035.15804  
10022.43588  
10078.92136  
10080.85073  
10038.36657  
10080.11086  
10100.27001  
10047.42757  
10057.77045  
10064.19473  
10028.10612  
10097.53107  
10094.19384  
10055.72146  
10094.62004  
10059.30715  
10023.44913  
10027.90734  
10073.48811  
10044.94102  
10042.95783  
10053.3915  
10095.71325  
10078.19811  
10049.02718  
10062.20136  
10072.47758  
10036.9729  
10025.55061  
10014.76892  
10011.53086  
10021.46563  
10062.88412  
10094.0077  
10074.36489  
10087.86224  
