10909.68793  
10943.02022  
10957.43281  
11033.44869  
10944.71646  
10966.70353  
10893.75852  
10955.01648  
10890.13333  
10910.55028  
10953.46378  
10891.72454  
11029.80039  
11011.38116  
10968.82718  
10947.80428  
10974.20371  
11041.93858  
10932.64077  
11013.20417  
10979.47413  
10946.79952  
10929.0195  
10899.26813  
10955.65605  
10875.25002  
10881.56584  
10976.66232  
10869.83503  
10881.79181  
10962.83173  
10923.93382  
10873.48652  
11006.32408  
10906.35852  
10833.69513  
10988.93897  
10923.62431  
10848.24778  
10981.89178  
11007.95222  
11026.10902  
10993.646  
11024.57235  
10991.99336  
10938.58386  
11033.92308  
10916.2815  
10900.53514  
11003.60668  
10976.85167  
10929.48933  
10983.2247  
10885.99847  
10968.04806  
10975.30916  
10979.65281  
10978.80675  
11032.05707  
10915.40256  
10987.38391  
10937.83624  
10975.42681  
10925.82527  
10887.26983  
11027.55795  
10912.45884  
10946.16694  
10968.33279  
10928.09943  
10969.21301  
10895.41767  
10988.36783  
10979.73411  
11020.09846  
10935.11745  
10923.86589  
10981.14597  
10933.90016  
10945.16935  
11023.5733  
10959.32544  
10963.36291  
10885.69677  
10917.29231  
10934.00195  
10938.1277  
10894.15384  
10967.9832  
10928.80943  
10945.21515  
10950.75391  
11011.27885  
10945.41257  
10949.41619  
10972.50726  
10954.73857  
10969.0133  
10990.94737  
10968.88716  
10858.79306  
10904.22779  
10967.09798  
10968.65504  
10877.58121  
10902.37725  
10987.88615  
10931.89137  
10864.07587  
10894.28278  
10898.77823  
10956.62472  
10921.35488  
10972.62578  
10978.42468  
10908.0381  
11001.00217  
10898.75579  
10896.21076  
10966.96025  
10951.06731  
10899.67003  
10928.29576  
10983.90266  
10919.25762  
10862.64395  
10943.29982  
10991.119  
10912.866  
10958.32598  
10983.29245  
11012.60511  
10997.08118  
10959.77156  
10910.71191  
10995.02591  
10990.6188  
10937.19759  
10944.67491  
10893.26199  
10955.0332  
10904.65336  
10892.60749  
11007.76942  
10986.84901  
10875.5676  
10904.70586  
10953.40874  
10952.31142  
10955.38471  
10972.13846  
10940.65859  
10933.69309  
10963.65048  
10923.31426  
10907.5698  
10934.89458  
11035.75398  
10991.39109  
10934.92665  
