11291.45908  
11302.12543  
11144.59181  
11146.84619  
11252.29995  
11226.58301  
11126.53561  
11238.32187  
11212.51943  
11130.0314  
11151.35907  
11197.35314  
11179.69457  
11234.92248  
11284.08716  
11212.55006  
11128.79056  
11263.83666  
11166.90574  
11130.0107  
11299.41254  
11280.09442  
11140.45186  
11108.03208  
11245.45997  
11351.026  
11313.92481  
11146.17064  
11153.26346  
11159.44227  
11322.35948  
11322.8582  
11224.8944  
11128.39162  
11114.04466  
11225.31404  
11291.65051  
11327.82098  
11140.30157  
11305.67193  
11324.68233  
11286.54672  
11212.14038  
11157.09011  
11128.96535  
11155.84726  
11220.25198  
11292.37779  
11190.99417  
11135.48687  
11102.78327  
11200.60457  
11308.39492  
11332.59152  
11182.93058  
11155.22191  
11240.51452  
11203.38169  
11239.8242  
11293.28204  
11191.77173  
11134.64895  
11089.5869  
11116.78915  
11146.76103  
11190.44198  
11193.85055  
11281.93607  
11159.1658  
11156.03221  
11170.603  
11245.99503  
11302.67258  
11168.88543  
11126.27609  
11194.79297  
11253.83009  
11310.8352  
11275.45516  
11189.91649  
11164.6779  
11299.48978  
11393.4113  
11261.83964  
11190.18071  
11350.13685  
11236.03383  
11100.67699  
11155.61388  
11214.91103  
11179.70426  
11133.11937  
11263.33073  
11197.85591  
11214.86694  
11245.22671  
11151.92452  
11131.77143  
11130.52462  
11213.0959  
11205.82728  
11087.187  
11100.77056  
11269.00919  
11182.23688  
11237.95235  
11210.15684  
11137.06215  
11270.7938  
11295.51766  
11142.86279  
11084.24099  
11160.32422  
11298.59147  
11291.06096  
11101.39622  
11247.11201  
11280.04278  
11353.62934  
11237.9826  
11320.84797  
11161.86585  
11138.99385  
11158.76761  
11139.20703  
11124.15901  
11251.26892  
11167.08783  
11252.88246  
11222.64152  
11147.22325  
11179.85036  
11293.50273  
11188.94892  
11303.66774  
11348.45433  
11148.77764  
11129.538  
11271.84943  
11141.33625  
11098.31437  
11320.41497  
11236.50709  
11285.36816  
11317.82199  
11220.66739  
11141.59559  
11217.77713  
11154.50129  
11218.02817  
11114.64119  
11243.93255  
11223.64585  
11097.33074  
11218.87688  
11177.25468  
11190.96397  
11213.30787  
11339.7057  
11192.26552  
