9753.214998  
9753.102067  
9788.253817  
9692.634741  
9717.234025  
9766.618905  
9684.344189  
9727.139705  
9763.493579  
9714.994678  
9707.977563  
9752.5993  
9786.509782  
9774.374609  
9745.120459  
9779.428385  
9762.721167  
9769.322892  
9813.41805  
9693.113517  
9757.482145  
9786.219556  
9748.209627  
9772.705884  
9704.167114  
9783.417464  
9777.224365  
9738.496183  
9681.461336  
9700.52474  
9758.162362  
9786.416618  
9784.194816  
9720.820711  
9726.795085  
9667.927572  
9778.763184  
9817.090454  
9816.266813  
9753.859546  
9794.617326  
9723.948649  
9813.419051  
9743.617253  
9717.188843  
9709.640601  
9684.632349  
9791.13951  
9765.275187  
9725.13326  
9752.064844  
9655.741984  
9780.8604  
9801.37111  
9689.342904  
9712.43208  
9705.354533  
9726.683716  
9747.554354  
9746.927767  
9723.517643  
9732.035612  
9717.223413  
9660.201326  
9695.823747  
9701.733171  
9687.082227  
9762.849536  
9753.491447  
9767.631112  
9708.239193  
9690.960498  
9796.040918  
9783.894816  
9743.006966  
9729.879631  
9726.890869  
9798.61473  
9806.587687  
9786.323088  
9719.626465  
9765.252043  
9849.865788  
9779.783618  
9700.846606  
9804.1229  
9761.604924  
9728.60992  
9696.253516  
9789.786556  
9803.512801  
9673.797843  
9707.054818  
9794.251888  
9719.564608  
9740.760205  
9768.572144  
9767.836157  
9733.287565  
9695.903849  
9764.382886  
9763.658805  
9657.704321  
9743.126953  
9774.020874  
9732.270695  
9813.55109  
9712.897607  
9734.113086  
9789.583553  
9836.88859  
9702.038672  
9652.556925  
9749.016642  
9769.534945  
9692.869987  
9657.996956  
9792.011027  
9806.514461  
9753.114876  
9786.200496  
9773.328117  
9635.829761  
9781.880379  
9727.86862  
9692.007902  
9785.478914  
9755.174544  
9722.972461  
9734.578117  
9743.381519  
9724.358781  
9782.10931  
9765.23702  
9728.550513  
9881.118587  
9727.88291  
9753.418945  
9835.717212  
9727.89751  
9745.566121  
9797.5212  
9769.52596  
9799.714242  
9781.132381  
9759.770801  
9751.758586  
9819.387516  
9740.204899  
9727.574894  
9816.430257  
9747.585669  
9682.546932  
9715.742651  
9672.709831  
9747.677376  
9736.844548  
9665.622331  
9733.382869  
9745.752734  
