10486.71482  
10361.87774  
10391.14602  
10424.09306  
10423.205  
10346.14851  
10399.44062  
10451.86824  
10355.88894  
10415.49879  
10452.07232  
10389.612  
10522.17766  
10482.10587  
10387.76574  
10412.56319  
10448.43775  
10452.04042  
10385.22808  
10449.36897  
10375.9869  
10383.6942  
10374.29236  
10419.69016  
10440.17509  
10399.20533  
10391.30536  
10389.55808  
10407.93361  
10432.29341  
10357.84601  
10407.23039  
10396.41768  
10400.53946  
10446.17492  
10450.28339  
10467.41536  
10352.32958  
10386.32305  
10492.53556  
10547.21846  
10390.64258  
10396.02014  
10427.71505  
10456.41251  
10435.09881  
10417.6997  
10356.40259  
10347.85903  
10365.93873  
10472.25689  
10416.50031  
10414.29159  
10365.79969  
10376.09475  
10497.43162  
10449.52606  
10443.93241  
10382.56047  
10379.41182  
10415.23591  
10404.36489  
10360.65556  
10391.85578  
10447.25674  
10444.93756  
10456.21054  
10348.4151  
10378.3346  
10499.40443  
10395.89463  
10434.59923  
10346.00735  
10446.82062  
10432.10535  
10474.33454  
10481.09836  
10385.00624  
10407.45711  
10399.05432  
10444.23863  
10495.81013  
10427.70755  
10429.87734  
10419.29825  
10393.8606  
10350.2761  
10422.95144  
10425.46408  
10383.21551  
10452.47413  
10453.26045  
10402.01268  
10468.34032  
10431.40104  
10440.49719  
10348.83037  
10473.42613  
10454.24018  
10313.11087  
10378.5009  
10381.17417  
10392.90859  
10467.02801  
10425.40106  
10533.51434  
10378.34421  
10376.57554  
10436.39932  
10414.40171  
10401.53954  
10396.31698  
10383.94604  
10347.59415  
10375.32397  
10372.2225  
10425.91121  
10423.48857  
10457.97691  
10390.35541  
10439.72195  
10438.90614  
10401.34522  
10393.54352  
10440.66188  
10427.7469  
10323.4302  
10400.9011  
10425.35589  
10379.26335  
10457.13718  
10421.55434  
10344.11206  
10406.31999  
10473.75592  
10405.69949  
10377.10398  
10507.62259  
10399.97863  
10411.40217  
10441.6732  
10426.27102  
10475.35953  
10530.26396  
10394.96214  
10421.17272  
10491.60982  
10348.20653  
10420.88444  
10427.97066  
10319.86642  
10467.76503  
10370.32131  
10406.64164  
10381.95653  
10414.13837  
10474.19876  
10402.48081  
10419.92706  
10359.28707  
