10333.39441  
10293.34701  
10221.58792  
10189.18978  
10300.75216  
10228.05281  
10172.8315  
10255.67787  
10272.88942  
10197.5172  
10222.62991  
10270.18513  
10261.67174  
10253.79769  
10302.90934  
10286.65966  
10243.04982  
10320.54674  
10258.98294  
10240.52378  
10320.17684  
10273.1578  
10234.73925  
10249.47286  
10285.57621  
10301.68127  
10281.58873  
10261.20861  
10198.90031  
10236.69324  
10294.04095  
10287.99893  
10242.35635  
10208.65013  
10209.53669  
10239.53199  
10312.06741  
10291.53782  
10276.21247  
10283.6372  
10322.03101  
10297.19854  
10293.76107  
10226.06286  
10222.02858  
10258.63839  
10266.05551  
10292.9253  
10271.82227  
10228.77604  
10248.17924  
10234.15673  
10328.62379  
10291.42037  
10227.78385  
10247.35563  
10253.67276  
10265.98118  
10309.7419  
10275.42029  
10208.5887  
10224.55604  
10222.29433  
10197.78506  
10205.77953  
10229.93393  
10264.27111  
10284.66589  
10245.55301  
10229.12235  
10210.89756  
10254.43556  
10267.18907  
10229.46463  
10225.226  
10227.24287  
10259.68203  
10271.29367  
10277.37417  
10236.72998  
10236.14445  
10315.03523  
10310.60218  
10280.08776  
10203.89826  
10325.35417  
10246.81182  
10242.10622  
10237.78255  
10297.86634  
10261.95925  
10236.38553  
10266.87002  
10256.52995  
10255.83566  
10329.44928  
10238.98956  
10222.45341  
10258.3589  
10266.31542  
10238.26064  
10235.11835  
10209.65745  
10333.1587  
10225.64352  
10339.16777  
10277.76685  
10217.06634  
10281.5207  
10278.23542  
10251.35513  
10210.93436  
10198.96098  
10300.4358  
10253.89933  
10220.18369  
10200.53994  
10268.15949  
10320.6701  
10269.35187  
10307.78372  
10248.66286  
10198.90306  
10234.40589  
10254.54107  
10241.9601  
10289.25166  
10242.52398  
10272.00676  
10236.07105  
10254.37438  
10261.76964  
10306.50167  
10238.5528  
10277.08395  
10328.54115  
10228.43526  
10274.55725  
10295.09278  
10204.36932  
10233.6315  
10301.25323  
10247.45394  
10310.6037  
10313.39943  
10277.96866  
10242.19717  
10318.21056  
10226.45626  
10255.51024  
10291.15069  
10245.64454  
10231.12899  
10221.13074  
10292.33731  
10243.78955  
10224.43669  
10218.28938  
10271.43549  
10230.82804  
