11087.21823  
11034.05403  
10980.07937  
11039.7449  
11232.73392  
10994.39101  
10976.42485  
11077.99377  
11008.19482  
10894.20935  
10872.20663  
11077.41467  
11017.63737  
10979.72477  
11016.78489  
11184.60835  
11137.80372  
10999.8533  
10972.94118  
11027.43531  
11046.4709  
11111.22925  
11122.16303  
11167.85699  
11042.28416  
10925.01855  
10940.67286  
10946.8675  
10993.84567  
11001.173  
10998.96484  
11128.35367  
10964.07998  
10918.84817  
10954.13214  
11010.1619  
11174.40172  
11017.38222  
10924.80743  
10957.45693  
10974.50266  
11073.88926  
11146.87264  
11166.03562  
11118.56205  
11188.01283  
11160.85144  
11147.26326  
11134.58595  
10985.56269  
11104.77403  
11137.55511  
11062.71908  
10941.69706  
10921.90187  
10890.75845  
10899.23293  
11000.0895  
11071.44083  
11078.96383  
10906.87  
10980.20714  
10999.0617  
10939.10323  
11038.17099  
11049.97274  
11116.26161  
11196.62683  
11196.84767  
11186.99747  
10958.04486  
10941.14098  
10955.22469  
10913.17923  
10926.68589  
11047.83266  
11125.42289  
11108.28928  
10982.11  
11095.90087  
11138.82411  
11141.79768  
11077.03825  
11063.30904  
10996.19381  
10963.30143  
11010.83909  
11068.44128  
11264.97696  
11191.10981  
11035.31194  
10948.80581  
10926.78912  
10939.22549  
10994.92821  
11200.65557  
11125.02367  
10994.35978  
10936.0923  
10975.95323  
10927.7744  
10891.657  
10904.72249  
10975.62559  
11018.8086  
10968.43941  
10997.25798  
11105.70422  
11159.99371  
11006.15184  
11093.71266  
11014.90664  
10923.17445  
10978.39655  
11098.05921  
10949.32347  
10966.76353  
10997.97476  
11018.00185  
11184.80276  
10985.98801  
11004.8558  
10900.3064  
11044.46288  
10957.7606  
10932.85909  
11047.91417  
10930.62856  
10978.46884  
11003.89234  
11096.55567  
11182.16395  
11012.73026  
10952.23703  
10926.9917  
10941.19168  
10982.85458  
11042.11979  
11056.11034  
11160.61624  
11147.25135  
11059.71298  
11148.73941  
11166.01139  
11108.68547  
11097.42382  
11037.64661  
11166.41675  
10977.41192  
10914.78526  
10892.32701  
11063.92849  
11080.12617  
10935.95792  
10983.82581  
11087.83623  
11000.26961  
11063.14771  
10985.89093  
10975.18165  
