10819.66734  
10826.1238  
10916.79217  
10887.17702  
10832.52262  
10884.96089  
10891.08609  
10819.33146  
10804.70586  
10853.39574  
10815.57748  
10805.08545  
10864.08188  
10902.47147  
10865.40459  
10812.39665  
10820.0385  
10894.87067  
10911.84629  
10853.62802  
10816.66452  
10835.61871  
10833.71281  
10840.68496  
10855.38543  
10853.17236  
10873.05748  
10880.48816  
10912.29391  
10888.12915  
10846.51905  
10812.30222  
10806.33263  
10852.08841  
10884.09448  
10861.63693  
10820.91437  
10868.28581  
10879.76611  
10880.00421  
10866.27129  
10844.68478  
10850.61831  
10844.45665  
10846.44278  
10844.98876  
10849.50826  
10841.68384  
10849.08104  
10840.31346  
10829.27508  
10830.82617  
10874.20923  
10914.58612  
10837.17961  
10806.18568  
10836.89812  
10837.85323  
10840.54764  
10833.23159  
10865.11116  
10885.18734  
10882.71457  
10840.05262  
10812.66135  
10817.48823  
10844.65787  
10862.9885  
10823.31308  
10823.32365  
10892.76303  
10889.79246  
10826.31078  
10818.77117  
10883.61424  
10846.21081  
10817.47325  
10842.51064  
10877.57944  
10850.3204  
10849.62654  
10839.6489  
10834.34667  
10841.7357  
10858.14361  
10884.16712  
10841.08162  
10910.48739  
10876.22822  
10846.25524  
10848.89235  
10874.82658  
10887.17055  
10879.81015  
10850.25116  
10820.9531  
10835.50151  
10845.86416  
10867.42162  
10889.79306  
10843.48247  
10830.72512  
10870.8398  
10888.26412  
10853.67312  
10857.5848  
10905.61385  
10855.57487  
10809.77126  
10847.17509  
10801.40948  
10890.32227  
10890.43991  
10847.59373  
10816.67589  
10861.46466  
10860.31824  
10868.13472  
10918.45377  
10947.93165  
10870.94864  
10828.57932  
10770.99379  
10824.7291  
10850.27347  
10820.60974  
10807.84048  
10839.2494  
10866.52967  
10851.85337  
10815.25617  
10851.90327  
10883.86432  
10872.51349  
10844.15585  
10814.79314  
10845.43487  
10847.28814  
10875.16523  
10816.11427  
10827.7451  
10856.13762  
10867.24657  
10826.33047  
10846.56273  
10844.00366  
10904.60807  
10874.93058  
10888.08433  
10860.78738  
10838.24745  
10853.70787  
10829.26719  
10864.81944  
10804.2776  
10824.91904  
10864.42678  
10920.38229  
10859.60603  
10842.51974  
