10882.01909  
10899.9  
10886.90421  
11017.30579  
11029.38924  
10905.83235  
10887.22923  
10945.12937  
10910.28533  
10814.59087  
10864.35946  
10921.4459  
10935.98633  
10843.52615  
10912.00419  
11018.23171  
10979.14231  
10947.96722  
10905.08453  
10990.39954  
10944.03926  
10919.42704  
10943.16124  
10979.86923  
10975.89656  
10862.89247  
10880.83642  
10939.51468  
10963.7068  
10898.40071  
10861.9275  
10894.2987  
10910.55534  
10868.49592  
10857.34441  
10853.49316  
10962.82518  
10873.50556  
10885.30602  
10870.87839  
10996.74544  
10964.49854  
10993.18555  
10979.4687  
10968.38933  
11007.25946  
10910.88729  
10892.82551  
10909.17592  
10974.26241  
10999.23132  
10988.05803  
10921.24494  
10868.89535  
10909.18855  
10883.4  
10879.4864  
10842.97069  
10925.16676  
10912.63526  
10905.90863  
11002.16387  
10941.2682  
10862.72321  
10864.96021  
10903.41062  
10994.46286  
10994.42237  
10978.04893  
10939.58535  
10863.51209  
10848.23116  
10857.69062  
10884.26628  
10888.89155  
10865.55636  
10920.72843  
10977.63272  
10957.91701  
10925.67741  
10943.70524  
10967.86349  
11036.59187  
11026.17443  
10980.44423  
10907.46562  
10907.08113  
11006.4448  
10995.23493  
10919.3951  
10863.1715  
10858.44792  
10836.62676  
10895.21175  
10979.60075  
10974.56905  
10918.07433  
10849.70362  
10902.64009  
10925.64973  
10911.64732  
10908.81117  
10922.51396  
10965.60669  
10941.83361  
10916.81561  
10973.95439  
10947.9165  
10978.48713  
10941.94293  
10952.89574  
10978.83892  
10852.83089  
10844.16689  
10906.73033  
10886.25797  
10882.3698  
10918.67202  
10980.42262  
10848.65632  
10917.94789  
10926.43024  
10896.95002  
10859.9448  
10908.71278  
10847.39375  
10852.7046  
10895.19206  
10954.13058  
10930.04498  
10987.67917  
11023.21268  
10953.79302  
10928.6625  
10927.68267  
10931.34909  
10922.88272  
10867.37228  
10892.67294  
10967.37205  
10941.12607  
10906.50215  
10997.50483  
10913.58214  
10890.4609  
10906.63285  
10906.92127  
10965.70517  
10940.54071  
10907.74318  
10935.25273  
10903.92294  
10939.37869  
10915.3608  
10959.77624  
10893.32244  
10902.43471  
11018.46298  
10851.05124  
10873.77257  
