10715.03571  
10689.73041  
10662.05749  
10781.1357  
10766.26673  
10712.99015  
10656.57294  
10753.31714  
10730.4731  
10630.03785  
10653.35724  
10776.93936  
10741.73659  
10660.65523  
10741.00553  
10804.20182  
10754.86652  
10715.98728  
10677.2638  
10790.05428  
10756.83187  
10729.85728  
10725.73425  
10779.23801  
10783.82433  
10642.9033  
10655.43825  
10693.65676  
10745.95647  
10706.16983  
10687.38091  
10682.57766  
10696.04912  
10639.20729  
10626.39295  
10651.54378  
10779.34379  
10687.82084  
10649.32423  
10657.08674  
10756.73775  
10716.76864  
10755.26816  
10724.81409  
10800.40532  
10831.61217  
10731.7196  
10692.14114  
10710.66819  
10750.67298  
10781.73196  
10750.94171  
10747.89193  
10647.40283  
10695.06221  
10683.67838  
10678.5341  
10692.08864  
10716.58289  
10726.10197  
10671.82396  
10769.82494  
10723.08235  
10674.04981  
10683.99485  
10699.17619  
10763.32729  
10796.27258  
10772.56924  
10767.55676  
10685.94992  
10663.72201  
10656.66066  
10644.54002  
10677.64199  
10713.81879  
10758.50304  
10765.74513  
10741.52486  
10745.36488  
10765.7445  
10755.01973  
10793.2334  
10802.50717  
10736.89772  
10709.99069  
10687.15933  
10763.53365  
10795.81464  
10722.7019  
10680.96647  
10648.08388  
10630.24923  
10675.74939  
10759.41777  
10756.09554  
10747.87972  
10665.02275  
10653.7296  
10705.90747  
10690.43103  
10657.13457  
10665.21918  
10737.35573  
10720.4473  
10715.0056  
10739.52849  
10814.0273  
10809.84387  
10763.55216  
10723.06713  
10760.60597  
10669.49615  
10668.5896  
10751.2814  
10685.27122  
10658.29034  
10697.22274  
10757.26669  
10647.44688  
10722.80983  
10709.32702  
10654.08712  
10704.82827  
10682.53738  
10637.5537  
10633.98398  
10633.97325  
10716.72268  
10712.6428  
10745.02833  
10792.37822  
10718.96995  
10672.29984  
10696.22939  
10720.27951  
10697.6828  
10683.12531  
10720.48468  
10776.69251  
10737.14204  
10686.11311  
10820.03561  
10747.38291  
10711.09084  
10692.11132  
10736.61501  
10786.95888  
10752.80905  
10695.33371  
10679.7053  
10683.45586  
10687.37446  
10701.08885  
10719.9128  
10717.15958  
10750.42749  
10853.04229  
10618.67209  
10670.09639  
