11562.05981  
11602.22602  
11581.73039  
11550.57729  
11496.27017  
11532.91727  
11569.75118  
11567.70142  
11533.00198  
11447.16348  
11458.57681  
11519.33847  
11573.97887  
11557.27051  
11489.94599  
11522.6721  
11544.50522  
11486.07221  
11421.72694  
11570.93448  
11534.51592  
11424.32251  
11545.32581  
11515.18069  
11590.96555  
11559.52012  
11495.0615  
11583.20485  
11572.88987  
11508.87074  
11477.14631  
11543.60493  
11605.61097  
11481.40987  
11535.37433  
11605.79399  
11522.83908  
11483.01054  
11542.817  
11595.59519  
11662.47833  
11600.33997  
11491.15971  
11429.90408  
11497.79601  
11539.5725  
11529.78189  
11536.19539  
11538.72995  
11530.84677  
11625.78762  
11594.03184  
11502.7701  
11644.01945  
11518.26541  
11477.64498  
11530.36983  
11560.72356  
11536.73832  
11465.44364  
11473.14243  
11541.00129  
11589.96216  
11581.79375  
11497.83394  
11484.7852  
11584.84365  
11633.68829  
11562.4674  
11550.36735  
11492.93159  
11477.71227  
11504.44218  
11448.68325  
11487.46788  
11497.92145  
11526.33271  
11556.67756  
11545.36411  
11480.13841  
11462.33125  
11508.10191  
11583.06345  
11594.74054  
11571.12001  
11517.4533  
11523.867  
11480.15251  
11481.82721  
11493.09609  
11449.16316  
11509.39396  
11560.28692  
11575.41826  
11525.64274  
11492.28074  
11445.92638  
11481.55386  
11480.52218  
11483.8435  
11514.98262  
11536.0668  
11502.91443  
11411.76177  
11518.81514  
11572.11149  
11565.44349  
11501.29941  
11565.67762  
11585.73694  
11531.06868  
11508.34658  
11570.70473  
11619.20407  
11517.60113  
11467.35271  
11485.93835  
11553.231  
11618.07425  
11600.41092  
11520.56064  
11549.06987  
11586.35459  
11571.95892  
11523.21259  
11468.85884  
11478.97871  
11555.50494  
11505.63285  
11616.75764  
11545.69424  
11551.80969  
11519.46833  
11466.39833  
11348.27005  
11485.50746  
11488.19661  
11540.87307  
11525.13233  
11589.76643  
11543.93246  
11576.4039  
11516.5564  
11536.89917  
11557.06389  
11551.66668  
11542.61057  
11622.80992  
11598.98287  
11496.64055  
11614.52072  
11519.77417  
11526.95662  
11515.31175  
11490.47018  
11531.17385  
11547.59679  
11525.11207  
11512.36631  
11473.45744  
