11141.98847  
11195.62994  
11218.93285  
11149.34248  
11139.85514  
11125.70444  
11142.56682  
11136.84715  
11186.33885  
11168.06765  
11134.15679  
11156.55012  
11186.94237  
11141.70602  
11109.96289  
11081.42109  
11094.01471  
11117.08944  
11063.61392  
11101.49436  
11108.98013  
11119.17522  
11119.10747  
11103.07532  
11158.67762  
11167.89442  
11120.83498  
11144.95226  
11178.00524  
11154.25487  
11116.79811  
11115.57909  
11183.0872  
11135.66097  
11121.69288  
11168.3862  
11174.72765  
11140.05792  
11120.84563  
11173.14305  
11209.85096  
11213.02524  
11133.40557  
11114.46297  
11102.03675  
11122.71524  
11185.64623  
11179.25022  
11126.97115  
11131.99726  
11173.90855  
11232.63857  
11126.23112  
11164.97836  
11167.05633  
11115.51044  
11116.8371  
11128.65175  
11193.90692  
11144.71651  
11128.41851  
11129.22079  
11146.91149  
11142.67397  
11197.09045  
11119.66071  
11138.83307  
11164.66305  
11201.06664  
11184.28308  
11173.05133  
11138.77092  
11144.26182  
11125.31421  
11121.56703  
11088.90233  
11087.57277  
11121.37816  
11161.97676  
11124.67381  
11086.57351  
11071.95498  
11087.30393  
11128.69896  
11182.84626  
11154.66502  
11171.65346  
11150.82425  
11138.35735  
11104.62564  
11088.0792  
11109.76633  
11116.36703  
11118.76612  
11153.95234  
11110.68246  
11144.16076  
11121.59079  
11110.55052  
11095.06952  
11114.3641  
11154.91559  
11131.35286  
11081.95102  
11104.68465  
11124.97391  
11224.39962  
11129.0007  
11145.77686  
11152.79534  
11162.79203  
11162.84898  
11127.5669  
11181.21635  
11186.00066  
11136.17791  
11116.33067  
11105.93836  
11125.53633  
11180.48335  
11154.94131  
11179.11605  
11140.04501  
11192.64615  
11146.06276  
11138.34641  
11115.93939  
11139.61655  
11136.6426  
11196.32046  
11140.03588  
11119.70325  
11089.17758  
11091.87393  
11058.19281  
11126.84325  
11110.79598  
11196.81167  
11128.60915  
11145.40105  
11114.02814  
11154.75757  
11160.50918  
11140.88805  
11134.75822  
11181.46079  
11153.97467  
11172.83144  
11190.827  
11127.81678  
11150.78394  
11128.30697  
11116.94463  
11188.64861  
11135.05639  
11126.02582  
11142.44249  
11173.824  
11128.82111  
11111.19769  
