11223.82368  
11237.8353  
11222.91376  
11204.92762  
11195.58296  
11178.21972  
11177.13734  
11189.13688  
11122.04274  
11136.10583  
11104.81741  
11292.48917  
11326.83276  
11252.00176  
11174.14743  
11153.3218  
11205.50162  
11171.55415  
11237.96952  
11314.19419  
11261.63025  
11272.96354  
11187.62636  
11221.69139  
11258.91831  
11215.78937  
11249.09438  
11229.44802  
11269.38665  
11215.79356  
11216.41723  
11216.55306  
11219.23274  
11262.71211  
11152.65194  
11198.63697  
11165.63414  
11196.91834  
11277.21101  
11255.71463  
11299.32258  
11239.05813  
11194.73924  
11157.09233  
11166.62649  
11236.48476  
11212.27901  
11225.82211  
11227.92019  
11245.99321  
11189.89622  
11214.82449  
11197.19708  
11231.18059  
11161.96455  
11176.37142  
11157.9143  
11285.75291  
11194.04604  
11185.55391  
11244.70124  
11225.08127  
11268.72763  
11248.71186  
11195.71232  
11211.74093  
11209.73492  
11214.24778  
11167.8793  
11178.35632  
11119.21327  
11165.52213  
11248.86627  
11218.19639  
11131.83918  
11115.87102  
11253.65809  
11234.11011  
11191.64878  
11204.4132  
11171.75876  
11158.21807  
11217.09711  
11270.14156  
11221.13987  
11205.28633  
11220.82538  
11210.57488  
11192.98264  
11221.51942  
11186.45871  
11154.27451  
11240.3835  
11246.77019  
11160.72278  
11176.74044  
11195.71185  
11197.61419  
11167.63655  
11180.32815  
11253.49923  
11198.89685  
11229.94882  
11203.70556  
11242.52783  
11245.97102  
11178.54523  
11225.90884  
11213.42599  
11244.6315  
11189.90206  
11196.08136  
11254.66368  
11226.8965  
11176.10849  
11180.81907  
11161.36857  
11153.28702  
11279.24775  
11220.45076  
11192.1148  
11190.69338  
11266.88115  
11216.70413  
11154.72285  
11203.667  
11196.46669  
11228.09957  
11273.46362  
11279.31558  
11239.63946  
11214.16861  
11221.72841  
11107.8858  
11076.86861  
11194.43498  
11230.98668  
11220.32656  
11181.01805  
11264.1449  
11186.3863  
11251.16491  
11222.24887  
11211.77197  
11188.82233  
11274.11424  
11227.88014  
11216.43972  
11218.83625  
11193.42896  
11253.63438  
11216.35704  
11211.48239  
11200.79927  
11197.10442  
11169.19077  
11268.95851  
11175.03299  
11181.50751  
11212.45366  
