10680.62522  
10724.43874  
10717.30469  
10692.53335  
10650.99087  
10679.29529  
10703.75901  
10701.21241  
10711.80976  
10636.57135  
10632.39783  
10651.47822  
10693.34066  
10692.62048  
10626.67407  
10634.01615  
10659.17591  
10652.80139  
10578.31295  
10667.44461  
10678.42265  
10609.64749  
10655.06377  
10641.40152  
10716.00663  
10692.94268  
10642.35656  
10710.49276  
10738.47152  
10643.90573  
10640.3627  
10675.50075  
10734.43065  
10639.72435  
10654.12788  
10720.50099  
10669.88171  
10621.59986  
10669.16412  
10721.41319  
10770.16563  
10738.5912  
10650.82179  
10596.09986  
10627.65674  
10663.62003  
10699.90152  
10688.32927  
10660.49968  
10664.77837  
10726.99076  
10715.42816  
10637.88025  
10750.15122  
10700.79435  
10622.85569  
10656.27406  
10692.00906  
10715.32068  
10616.98117  
10636.13963  
10665.10434  
10698.21552  
10698.73977  
10683.40922  
10652.73169  
10698.57177  
10745.01652  
10722.03286  
10712.88955  
10664.59485  
10627.88561  
10668.52724  
10629.80648  
10633.09564  
10621.26207  
10647.91226  
10676.97565  
10677.41139  
10631.97791  
10606.33903  
10603.40763  
10650.63122  
10705.86743  
10713.2519  
10676.50578  
10674.03475  
10650.00013  
10664.93899  
10638.09594  
10606.70724  
10644.63049  
10674.69683  
10686.93368  
10670.56462  
10639.98655  
10610.46944  
10628.08387  
10624.56344  
10627.0965  
10674.9517  
10700.7074  
10631.74897  
10579.94588  
10646.44111  
10691.15028  
10738.01278  
10665.09467  
10701.31784  
10713.95242  
10665.97313  
10658.78392  
10677.54763  
10739.63437  
10698.27204  
10635.16883  
10647.51061  
10664.48643  
10701.61925  
10715.45151  
10658.30697  
10692.11456  
10711.8688  
10716.43148  
10631.30378  
10632.90183  
10643.52738  
10698.8638  
10612.28902  
10743.9632  
10658.05036  
10695.52414  
10651.8908  
10614.36369  
10527.06644  
10646.20711  
10625.30626  
10690.47137  
10668.15536  
10712.45731  
10666.02917  
10717.69665  
10684.71282  
10660.10562  
10661.22219  
10719.50122  
10692.14294  
10746.42709  
10703.85502  
10662.18836  
10723.83472  
10658.32353  
10662.69697  
10694.10197  
10651.14001  
10669.72691  
10721.94033  
10660.06053  
10624.48457  
10614.25133  
