10902.48017  
10930.09661  
10977.14532  
11012.18877  
10983.97867  
10900.77307  
10931.78751  
11046.07378  
10999.52193  
10924.51678  
11027.14852  
11011.70236  
10999.1619  
10983.19439  
11015.46673  
10905.7469  
10862.34329  
10978.32566  
11004.73448  
10921.14283  
11014.45118  
11025.02442  
10895.60123  
11013.45534  
10970.69043  
11090.34864  
10976.35765  
10965.52009  
11066.02776  
11046.75197  
11003.2165  
11009.85597  
11047.28302  
10937.87725  
10982.09886  
11141.47492  
11063.54917  
11037.62589  
11036.47154  
10932.08212  
10993.8884  
10987.22898  
11015.32088  
11001.15652  
10957.90504  
10892.34205  
10899.25938  
10988.91367  
11052.30946  
10923.87733  
10918.70467  
10958.04273  
10950.68448  
10970.98088  
11001.37818  
10993.01828  
10909.10637  
10886.3114  
10920.18688  
10942.31961  
10996.13235  
10969.70341  
10911.78381  
11061.55646  
11060.0809  
10940.30277  
10986.39074  
10934.05331  
10898.52567  
10905.65201  
11048.53628  
11037.25364  
11019.05962  
11016.32106  
10995.32396  
10903.95729  
10908.30585  
10895.53079  
10986.25809  
11024.56281  
11101.63577  
11078.90967  
10926.6769  
10918.45339  
10996.86982  
10969.03995  
10995.79433  
10935.98688  
11052.32037  
11051.59806  
10926.18967  
10949.11399  
10980.65576  
10984.62312  
11063.02497  
10997.97257  
10908.95804  
10917.29406  
10966.16517  
11030.6733  
10996.5963  
10909.38273  
11012.42651  
11078.89185  
11007.88901  
10946.57522  
11011.09011  
10901.05779  
10947.805  
11018.2238  
10902.89306  
10985.78808  
11103.2891  
10980.40443  
10862.03775  
10900.71376  
10917.75013  
10859.80558  
10964.56369  
11028.3775  
11059.01727  
11005.0624  
10922.22106  
10931.41732  
11021.09818  
10990.14876  
10974.29178  
10975.67409  
11026.95644  
11038.34439  
10933.99609  
10932.47706  
10975.62413  
11003.83589  
10974.66415  
10869.01505  
10912.36534  
11031.61481  
10945.66435  
10959.88994  
10991.91744  
11064.19765  
10995.18453  
10878.81421  
11142.17239  
11079.95519  
10955.07789  
11027.64058  
10960.61314  
10936.87967  
11014.29324  
10924.79587  
10997.30544  
11007.80496  
10892.64383  
10950.44279  
11000.98372  
10908.68285  
10940.90215  
11013.32863  
