10575.0825  
10546.61866  
10559.68559  
10622.10057  
10602.28926  
10575.32195  
10520.75765  
10566.58892  
10586.01099  
10556.8352  
10571.25104  
10626.81834  
10547.70429  
10555.42613  
10584.67999  
10534.77224  
10532.78604  
10554.99373  
10591.05319  
10532.26643  
10544.05104  
10601.6168  
10519.80666  
10519.15038  
10500.68999  
10617.68296  
10585.45256  
10566.082  
10579.84767  
10589.37356  
10563.35936  
10558.09235  
10594.20077  
10546.4617  
10664.58386  
10523.28156  
10584.4075  
10628.15868  
10598.61484  
10624.41468  
10560.07991  
10522.0255  
10566.83801  
10604.17589  
10595.69467  
10535.86055  
10530.38306  
10561.43718  
10618.70764  
10547.94802  
10547.13568  
10544.92378  
10562.53913  
10561.16854  
10598.73021  
10568.49132  
10564.07206  
10540.786  
10510.20375  
10522.11946  
10545.72782  
10581.3394  
10576.67607  
10512.9364  
10556.1823  
10530.1408  
10546.57423  
10595.80732  
10538.57695  
10523.55723  
10551.22907  
10660.13939  
10621.70051  
10607.19992  
10601.76502  
10587.98078  
10576.95189  
10546.74855  
10552.29358  
10567.60291  
10563.66108  
10600.55969  
10538.29766  
10519.16309  
10553.91088  
10574.88108  
10658.23498  
10518.35198  
10534.33567  
10582.34855  
10550.11158  
10565.8013  
10512.4367  
10529.66223  
10571.73235  
10590.252  
10556.14751  
10545.06353  
10568.67311  
10567.12239  
10592.00654  
10531.45306  
10573.94217  
10594.44564  
10558.65566  
10560.27151  
10596.26234  
10556.29067  
10540.76324  
10608.42459  
10596.02505  
10577.82888  
10613.31608  
10572.41166  
10599.07099  
10521.88334  
10515.0714  
10508.68133  
10516.73259  
10584.57373  
10584.15666  
10575.67826  
10556.62638  
10525.59506  
10578.75151  
10599.76427  
10551.87443  
10512.76976  
10590.40899  
10588.33562  
10617.20572  
10582.82565  
10581.81851  
10600.52556  
10564.31369  
10549.44192  
10556.83755  
10617.19887  
10547.24006  
10512.44182  
10586.46022  
10554.11646  
10600.69999  
10589.30509  
10651.96554  
10596.86688  
10597.57513  
10535.78068  
10580.0519  
10548.00056  
10592.58128  
10585.72589  
10555.75384  
10570.69578  
10566.30383  
10500.2552  
10579.14471  
10565.98428  
10515.83582  
10555.68936  
