9903.739373  
9852.074219  
9844.413603  
9836.273725  
9911.477443  
9819.500555  
9772.824985  
9842.686083  
9906.97796  
9843.290422  
9827.194949  
9910.09239  
9913.37364  
9856.565928  
9820.622741  
9861.972331  
9831.409984  
9821.614105  
9901.568206  
9851.810413  
9835.041992  
9865.349973  
9798.471852  
9813.417222  
9777.593941  
9887.981637  
9900.110715  
9875.045228  
9819.593731  
9919.586225  
9859.524759  
9845.57261  
9876.548656  
9875.551777  
9917.564357  
9853.005285  
9869.166054  
9879.458621  
9877.272748  
9937.084386  
9848.158414  
9808.317689  
9801.681832  
9869.575578  
9898.926279  
9866.624828  
9832.546358  
9814.549096  
9854.903646  
9861.916265  
9860.751972  
9840.951172  
9839.062079  
9793.799058  
9866.517999  
9896.981062  
9886.996458  
9849.407839  
9813.608264  
9812.699449  
9795.113454  
9896.196481  
9901.197802  
9814.646504  
9794.269742  
9839.26731  
9839.289848  
9917.026693  
9857.67469  
9846.908663  
9872.853094  
9871.713657  
9866.480679  
9897.294118  
9908.503159  
9887.344631  
9920.07824  
9855.979875  
9825.919788  
9816.640587  
9847.533203  
9898.719229  
9861.762236  
9845.098269  
9806.488434  
9863.775563  
9913.992417  
9823.815717  
9831.434762  
9847.099112  
9847.198127  
9890.265836  
9829.267923  
9831.928692  
9845.318685  
9902.565334  
9838.41276  
9840.499138  
9810.457931  
9828.146925  
9898.467544  
9836.3152  
9840.617322  
9803.587508  
9857.061906  
9791.790058  
9925.734777  
9903.104109  
9815.440698  
9875.13241  
9922.081419  
9886.298254  
9842.350835  
9843.488473  
9900.676988  
9847.214786  
9853.671454  
9799.991249  
9820.406805  
9825.948932  
9857.508827  
9912.608647  
9901.562328  
9848.141027  
9833.408203  
9915.712316  
9879.307694  
9808.488664  
9823.24866  
9902.476524  
9919.226199  
9856.477386  
9848.074602  
9818.813898  
9912.070006  
9874.88624  
9838.008942  
9914.139036  
9847.901291  
9776.641104  
9833.5117  
9812.226275  
9884.109949  
9874.519225  
9917.799862  
9851.939491  
9928.292911  
9862.268095  
9867.220071  
9821.831591  
9834.3125  
9884.156518  
9829.219305  
9865.366843  
9864.945217  
9820.609815  
9834.658165  
9876.73225  
9859.693474  
9797.967371  
