10275.43497  
10314.43975  
10344.9211  
10297.1374  
10285.72425  
10228.55602  
10290.16004  
10330.71682  
10270.38574  
10272.45867  
10337.65141  
10262.29404  
10273.54371  
10316.18614  
10304.26379  
10231.52677  
10271.47134  
10295.99522  
10239.93114  
10278.53962  
10289.06122  
10257.86236  
10228.42221  
10296.13419  
10242.87008  
10379.35882  
10239.75686  
10298.00905  
10290.10433  
10303.25682  
10325.14481  
10316.83231  
10260.80008  
10278.94717  
10314.73719  
10314.78715  
10318.73944  
10264.84941  
10267.34327  
10259.46492  
10290.85796  
10322.87026  
10269.89945  
10287.45847  
10276.66904  
10286.24031  
10321.33536  
10339.2855  
10306.72951  
10250.28432  
10310.2658  
10337.57073  
10362.65256  
10289.98878  
10269.41962  
10250.53095  
10288.57061  
10262.85364  
10304.01152  
10337.4874  
10303.27619  
10325.84801  
10250.4992  
10275.50134  
10229.00823  
10284.72668  
10313.93417  
10227.49257  
10240.29102  
10301.2316  
10321.45793  
10300.4309  
10316.43148  
10283.29167  
10282.31069  
10237.38439  
10243.93425  
10259.95227  
10317.42482  
10337.9663  
10323.10981  
10261.10164  
10230.12833  
10294.50215  
10317.13959  
10244.4603  
10286.64792  
10244.73547  
10304.89836  
10285.20875  
10251.81043  
10261.51911  
10286.88363  
10337.06838  
10308.61226  
10255.13682  
10281.98055  
10300.84672  
10325.12745  
10258.22483  
10238.7341  
10305.12488  
10337.88596  
10269.88738  
10243.83636  
10249.7626  
10322.17241  
10296.69127  
10312.54319  
10305.11352  
10268.8571  
10355.29927  
10339.94079  
10268.14236  
10247.17363  
10266.69306  
10291.31993  
10297.70295  
10340.81336  
10299.88134  
10278.99811  
10275.80499  
10266.53783  
10309.2047  
10316.57691  
10249.83494  
10276.18808  
10295.70619  
10255.65665  
10295.41669  
10281.28384  
10342.92504  
10351.86898  
10274.58458  
10280.68632  
10257.27057  
10325.98121  
10306.26953  
10233.52457  
10248.43792  
10328.70871  
10292.27274  
10278.42451  
10289.55606  
10369.12343  
10277.88584  
10295.76068  
10320.78637  
10229.41303  
10293.74312  
10275.1871  
10278.61924  
10336.34839  
10252.07019  
10272.27386  
10290.98908  
10264.46672  
10248.891  
10262.8968  
10337.91249  
