10758.71983  
10713.49325  
10698.48399  
10741.51917  
10797.48766  
10738.89539  
10662.12453  
10716.30092  
10783.0082  
10722.17716  
10707.47631  
10787.31678  
10750.81897  
10711.53154  
10702.86365  
10734.03018  
10717.16568  
10694.18439  
10776.85181  
10706.92726  
10683.71261  
10759.15565  
10687.71461  
10670.18983  
10630.61283  
10757.55103  
10778.16956  
10722.5888  
10720.22911  
10778.96779  
10708.72826  
10699.92558  
10742.99179  
10733.3967  
10827.49747  
10665.04021  
10704.13186  
10759.07481  
10758.54057  
10821.86971  
10745.38322  
10673.82799  
10684.25517  
10756.16691  
10782.80857  
10711.12132  
10678.65434  
10680.42201  
10758.52915  
10743.44611  
10725.04272  
10688.998  
10713.97055  
10688.31744  
10748.57775  
10767.02719  
10765.89061  
10736.94483  
10666.29142  
10666.16242  
10661.09745  
10724.10931  
10756.55156  
10667.28259  
10675.30975  
10694.28015  
10694.56602  
10797.42152  
10730.80352  
10697.99996  
10706.82829  
10824.5108  
10768.29179  
10777.40913  
10791.65755  
10792.14864  
10775.39834  
10713.91429  
10698.91058  
10695.65299  
10697.34112  
10770.13684  
10715.68583  
10689.6928  
10694.521  
10725.55733  
10823.42698  
10668.02653  
10674.08537  
10717.63469  
10716.18935  
10753.28532  
10674.29133  
10673.29852  
10722.13981  
10787.68193  
10719.52727  
10706.76252  
10680.96682  
10711.9362  
10776.92875  
10699.50675  
10699.45829  
10717.07335  
10752.41184  
10724.79351  
10752.39385  
10748.24608  
10678.99776  
10761.43214  
10813.69409  
10730.659  
10748.58087  
10748.67693  
10787.17737  
10699.5477  
10695.38228  
10670.10469  
10665.48626  
10728.94376  
10758.96479  
10768.78039  
10742.75099  
10681.31751  
10719.37307  
10793.523  
10732.8097  
10645.52521  
10716.689  
10759.75642  
10801.00526  
10736.06124  
10710.28652  
10741.97964  
10757.37973  
10733.61741  
10711.66912  
10786.4024  
10731.89867  
10664.5143  
10704.603  
10668.96013  
10785.07718  
10764.12108  
10792.23604  
10731.06321  
10781.74221  
10715.17002  
10769.50138  
10692.79944  
10736.46892  
10755.73847  
10681.91552  
10748.22226  
10755.44246  
10670.73426  
10722.72086  
10760.57504  
10693.95042  
10670.48482  
