10999.07942  
11026.03769  
11061.79547  
11025.29667  
11012.7181  
10991.2603  
11024.40227  
11029.52507  
10976.2207  
10993.58506  
11058.50761  
11005.95546  
10959.50702  
11020.17438  
11031.75119  
10952.77694  
10975.81512  
11028.03083  
10986.85527  
10994.44962  
11032.1296  
10991.14086  
10943.58909  
10991.17422  
10960.21934  
11070.99185  
10955.70178  
11031.13776  
11005.04608  
10991.22523  
11050.64009  
11024.19609  
10982.93159  
10985.98559  
11070.28782  
11002.74494  
11044.05405  
11004.8593  
10976.17647  
10987.9665  
11000.94523  
11029.21094  
10995.1643  
11000.84196  
10983.74517  
10981.6242  
11027.24971  
11043.53165  
11019.46135  
10967.61596  
11004.6328  
11044.32069  
11049.10871  
11003.2827  
10996.58408  
10975.49507  
10999.69058  
10993.34686  
11020.56473  
11047.24949  
11030.57241  
11014.45277  
10992.28689  
11009.31817  
10969.20465  
11000.58743  
11006.62257  
10953.23516  
10948.35307  
11009.72896  
11042.93661  
11022.08003  
11035.48473  
10980.60257  
10975.05759  
10970.60221  
10955.51188  
10990.48757  
11044.56091  
11033.93302  
11035.75205  
10982.69109  
10966.85042  
10992.79904  
11058.4914  
10977.82223  
11060.65172  
11004.01481  
11018.40564  
11000.29228  
10972.78847  
10978.38476  
11017.09697  
11042.93926  
11025.66833  
10968.42614  
10986.40277  
11000.21642  
11062.50291  
11003.90933  
10960.56104  
11011.56962  
11058.29407  
11021.44196  
10969.75636  
10997.98683  
11003.15004  
10987.5704  
11049.52498  
11023.268  
10996.40837  
11067.26341  
11030.52684  
10985.97518  
10982.98014  
10978.84218  
10996.75857  
11008.42949  
11040.22843  
11021.12439  
10984.57254  
10968.91239  
10989.16178  
11014.94302  
11032.87586  
10983.89356  
10978.14212  
11008.58866  
11013.21763  
11020.42588  
11009.56439  
11084.50184  
11055.9251  
10989.14853  
10986.99622  
10971.92289  
11047.71354  
11016.34254  
10971.96893  
10967.26148  
11054.27991  
10981.33262  
10977.90817  
11022.25738  
11079.944  
11024.09992  
11019.63965  
11028.61797  
10957.29491  
11028.80001  
10999.79458  
11002.58198  
11050.23554  
10971.34146  
11000.74872  
11000.57772  
10992.65482  
10986.7609  
10973.99879  
11052.18154  
