10764.12945  
10732.29414  
10675.85404  
10744.28049  
10692.93969  
10744.05  
10648.16871  
10650.26904  
10719.32332  
10711.55152  
10742.71088  
10712.97707  
10652.76281  
10684.39146  
10754.73197  
10678.70734  
10688.48049  
10659.86129  
10618.72572  
10740.36506  
10774.63949  
10670.19803  
10664.72861  
10673.08299  
10726.03762  
10716.54018  
10683.85781  
10630.13791  
10700.64209  
10645.22057  
10728.15336  
10672.98139  
10710.22322  
10739.15855  
10630.81588  
10650.23055  
10690.25369  
10617.30973  
10705.94412  
10747.60012  
10707.15063  
10787.8551  
10723.47074  
10728.65068  
10622.16943  
10704.01129  
10691.75902  
10678.08004  
10719.431  
10647.48354  
10716.35484  
10725.7516  
10651.30209  
10740.19104  
10663.97152  
10660.62254  
10721.82355  
10715.07695  
10741.11221  
10644.97615  
10739.885  
10729.92436  
10679.36656  
10706.10455  
10684.22053  
10737.70727  
10677.71416  
10714.67031  
10691.67602  
10766.05613  
10724.95521  
10692.35574  
10742.05314  
10690.60342  
10730.21973  
10703.78129  
10641.60848  
10710.16531  
10674.92436  
10690.96664  
10701.59607  
10635.94732  
10656.74779  
10663.16551  
10687.06654  
10748.26465  
10740.15729  
10667.86496  
10685.83102  
10725.32988  
10722.91441  
10703.99656  
10676.7423  
10772.41525  
10744.57678  
10714.99785  
10739.66553  
10673.63896  
10735.67666  
10665.81271  
10710.08732  
10730.21188  
10648.20021  
10755.1818  
10697.10861  
10684.60137  
10752.65291  
10633.2324  
10653.23605  
10739.10738  
10629.70834  
10667.24811  
10678.0883  
10691.18621  
10772.02121  
10708.29568  
10662.86854  
10751.66703  
10647.42717  
10655.24156  
10786.05354  
10748.52393  
10683.28865  
10749.46842  
10695.74557  
10690.58787  
10730.64547  
10691.75674  
10729.59762  
10687.45336  
10752.87088  
10688.4192  
10650.71736  
10717.0743  
10667.87605  
10660.23959  
10649.33875  
10615.93414  
10695.94789  
10691.17709  
10656.58605  
10688.71582  
10748.71045  
10779.23613  
10749.28301  
10754.86031  
10686.48887  
10731.98719  
10695.73914  
10724.67105  
10787.23516  
10665.28455  
10662.94223  
10732.6925  
10707.22023  
10627.91316  
10732.30414  
10663.96154  
10658.80191  
10709.44365  
