11303.84777  
11366.41016  
11282.10867  
11307.78341  
11253.10724  
11262.42167  
11285.45109  
11204.50243  
11218.67562  
11317.894  
11288.81225  
11320.75948  
11179.62905  
11214.65704  
11283.20441  
11189.81583  
11217.45905  
11269.06489  
11200.23245  
11241.46814  
11324.65358  
11329.86169  
11353.73885  
11302.51039  
11278.77271  
11288.79452  
11276.41136  
11122.79699  
11255.54584  
11197.36749  
11233.38527  
11210.35071  
11284.18414  
11294.8449  
11266.79329  
11175.16321  
11292.93546  
11148.31333  
11232.64699  
11282.91528  
11340.15454  
11371.17573  
11316.34549  
11287.62409  
11193.77014  
11211.8317  
11299.38146  
11240.32147  
11324.40653  
11231.38348  
11241.01253  
11404.35933  
11283.1338  
11211.1654  
11226.15177  
11237.1581  
11363.62181  
11248.27379  
11355.65611  
11237.93209  
11226.83301  
11277.55057  
11271.06662  
11288.54562  
11219.40984  
11346.02815  
11246.21643  
11319.6617  
11255.63971  
11272.47831  
11341.40634  
11233.19862  
11289.92086  
11345.02614  
11231.66552  
11306.05618  
11183.72019  
11376.40408  
11275.67838  
11184.83414  
11196.34631  
11323.49947  
11279.86094  
11202.08108  
11178.32825  
11271.46975  
11355.80231  
11196.76636  
11216.50559  
11306.36114  
11264.06847  
11329.91912  
11232.29289  
11288.40017  
11283.18322  
11276.43297  
11332.5515  
11268.98264  
11299.54131  
11246.61864  
11199.35456  
11361.64401  
11256.60155  
11280.80235  
11276.64533  
11203.24676  
11311.34079  
11226.32171  
11206.13387  
11374.62615  
11221.0998  
11243.09931  
11322.08112  
11267.43362  
11264.07304  
11323.10864  
11246.35739  
11348.74968  
11209.05704  
11227.55215  
11327.35752  
11316.32647  
11249.34051  
11228.84956  
11222.61268  
11232.86367  
11362.48721  
11210.82089  
11351.97394  
11270.47892  
11301.95771  
11280.83267  
11231.02517  
11316.95072  
11276.91705  
11216.89891  
11227.20266  
11208.74392  
11236.08326  
11239.95208  
11204.51642  
11250.75097  
11293.84597  
11287.11683  
11222.89882  
11288.13983  
11349.02475  
11284.97538  
11253.01392  
11282.42094  
11364.61859  
11274.7709  
11244.37959  
11256.00982  
11346.99382  
11215.344  
11259.61034  
11265.34987  
11257.83954  
11219.88464  
