10825.24597  
10739.3351  
10851.60045  
10763.37183  
10760.52488  
10798.69189  
10689.25617  
10723.88271  
10734.04717  
10752.78868  
10976.1145  
10701.07115  
10746.8208  
10833.47527  
10808.50363  
10731.85552  
10770.04987  
10642.19674  
10751.93042  
10855.81677  
10835.93844  
10712.51444  
10686.88763  
10720.5607  
10869.58869  
10792.15309  
10720.71856  
10739.05272  
10741.22784  
10791.35575  
10816.06126  
10775.35357  
10892.80165  
10779.57874  
10644.58576  
10698.11984  
10694.83784  
10692.31149  
10734.22035  
10763.41396  
10778.65043  
10842.47975  
10791.38143  
10791.89007  
10679.34314  
10771.54154  
10724.32596  
10798.48368  
10800.19798  
10725.73401  
10838.56154  
10783.46647  
10732.00295  
10761.611  
10698.56893  
10830.78303  
10760.15956  
10851.83868  
10774.57038  
10742.07071  
10813.54998  
10767.64875  
10782.77236  
10716.07832  
10778.95635  
10772.85564  
10828.0097  
10792.52128  
10746.75628  
10822.10196  
10773.22438  
10836.96762  
10816.38206  
10791.94964  
10872.23094  
10694.9131  
10769.63888  
10702.29897  
10745.39622  
10749.75321  
10767.13072  
10680.90695  
10693.80675  
10759.73024  
10776.75471  
10745.92154  
10841.97349  
10778.63114  
10776.97618  
10856.43045  
10870.23317  
10763.72862  
10812.2105  
10775.88813  
10861.0919  
10832.18595  
10735.66568  
10759.35127  
10785.97416  
10743.47592  
10833.65998  
10703.20142  
10710.38552  
10806.04719  
10720.1755  
10756.20044  
10749.28889  
10704.0249  
10730.36839  
10739.84082  
10746.00957  
10797.57071  
10670.36738  
10780.08824  
10824.39303  
10736.50528  
10756.93476  
10781.8057  
10722.13848  
10795.73607  
10796.65227  
10807.1111  
10877.37331  
10735.09274  
10749.71347  
10769.35979  
10761.16767  
10848.91228  
10717.77572  
10780.9737  
10825.81757  
10759.03798  
10776.83976  
10719.97684  
10724.05429  
10752.77975  
10712.98767  
10730.19953  
10766.59007  
10722.06529  
10728.30378  
10798.44751  
10813.8028  
10765.68964  
10845.12355  
10827.45293  
10748.01386  
10799.40301  
10756.99152  
10838.06702  
10834.07031  
10664.05216  
10738.67678  
10831.54623  
10704.86098  
10782.0332  
10777.38114  
10799.47991  
10780.91821  
10722.2587  
