12019.78048  
12011.5639  
11846.06138  
11914.84774  
11881.80088  
11933.19106  
11943.48772  
11812.23076  
11883.88838  
11936.48585  
11875.06743  
12011.70044  
11874.33488  
11779.37393  
11858.3646  
11823.78464  
11858.56541  
11902.7587  
11847.98767  
11887.9961  
11993.16629  
11977.86234  
11993.02989  
11936.82556  
11821.44749  
11901.57002  
11871.523  
11756.79959  
11890.8954  
11893.40497  
11903.31409  
11854.86289  
11893.60645  
11963.45702  
11897.41088  
11796.56465  
11842.89512  
11771.89832  
11864.73576  
11901.64468  
12122.24706  
12015.88519  
12000.6689  
11929.18192  
11857.30469  
11859.99083  
11962.23443  
11870.10157  
11986.65914  
11936.82565  
11946.34852  
11948.79699  
11856.32792  
11901.39968  
11892.00395  
11888.57254  
11949.71386  
11903.03414  
11952.73152  
11867.6462  
11903.682  
11939.96693  
11917.97049  
11941.32318  
11879.71634  
11951.17422  
11814.1768  
11878.27864  
11791.61433  
11908.30804  
11929.8589  
11841.03391  
11907.90028  
11937.9289  
11904.97108  
11923.92344  
11872.6782  
11957.59363  
11850.45731  
11861.5716  
11921.34132  
11943.07282  
11951.71962  
11879.87266  
11855.64188  
11881.18233  
11997.39928  
11829.04447  
11876.97297  
12164.50545  
11930.26788  
11932.39093  
11869.27269  
11933.34138  
11897.62197  
11919.48415  
11933.947  
11895.74733  
11940.40335  
11909.43978  
11865.30776  
12033.72775  
11862.21313  
11907.07813  
11946.30873  
11876.77244  
11923.06017  
11743.4755  
11738.62708  
11834.67315  
11729.43446  
11834.90892  
11940.3754  
11889.7387  
11961.66412  
11969.49522  
11870.14896  
11949.361  
11842.43078  
11829.0319  
11989.39696  
11957.67895  
11787.90222  
11809.09184  
11802.04256  
11849.92769  
11897.0547  
11804.1277  
11951.72742  
11911.83993  
11946.45518  
11930.81806  
11892.41515  
11960.8248  
11920.46109  
11925.19259  
11911.68327  
11773.57969  
11799.90739  
11788.18151  
11780.81924  
11783.30859  
11848.65  
11959.78687  
12024.15838  
11964.84613  
11966.30229  
11989.15335  
11966.75431  
11962.06137  
11998.38411  
11874.795  
11879.48644  
11928.69177  
11990.23653  
11869.05719  
11875.9047  
11840.4901  
11853.88254  
11880.55022  
