10566.8563  
10501.32319  
10525.63228  
10459.38196  
10513.56505  
10511.88096  
10421.10482  
10444.7755  
10445.53322  
10448.50621  
10589.43181  
10464.86714  
10453.43924  
10485.57247  
10490.34382  
10471.45893  
10504.79206  
10404.25303  
10467.74136  
10538.06124  
10510.06053  
10420.89548  
10429.99125  
10452.33166  
10532.41168  
10509.1457  
10414.02936  
10436.9363  
10469.77156  
10509.92309  
10501.45948  
10472.34543  
10576.50715  
10482.47104  
10397.1526  
10423.9651  
10450.39995  
10449.07266  
10458.53518  
10506.53304  
10476.58012  
10488.87271  
10476.88094  
10525.17345  
10416.77673  
10493.52586  
10453.19109  
10485.47597  
10495.1793  
10449.45152  
10529.61297  
10477.92985  
10461.07607  
10477.57345  
10463.5202  
10513.31093  
10470.86355  
10552.8972  
10484.01058  
10465.16503  
10524.94801  
10524.64496  
10523.45786  
10468.18154  
10511.73381  
10498.31797  
10521.44102  
10475.1548  
10478.49334  
10539.90046  
10466.11125  
10508.43696  
10470.4789  
10471.89444  
10555.82207  
10464.92376  
10451.31174  
10425.45109  
10471.0939  
10435.44633  
10431.15451  
10387.68567  
10435.13587  
10470.92069  
10466.68662  
10466.85344  
10582.48226  
10488.4663  
10494.80034  
10559.79644  
10550.66106  
10448.73501  
10507.2895  
10501.87147  
10551.52329  
10562.01381  
10446.93338  
10483.14096  
10539.26014  
10460.46258  
10490.96071  
10464.71548  
10442.21066  
10529.446  
10465.60432  
10478.80243  
10491.80537  
10446.09826  
10447.82915  
10484.35433  
10457.4418  
10483.03405  
10416.4877  
10487.29346  
10514.47203  
10437.15904  
10483.76617  
10471.21201  
10441.05215  
10469.62025  
10529.70259  
10486.16291  
10556.9335  
10470.26938  
10483.5508  
10498.08719  
10461.08772  
10500.50223  
10449.55574  
10474.73997  
10519.23509  
10521.33569  
10456.74713  
10430.11936  
10466.30203  
10468.26778  
10477.75041  
10448.55532  
10472.61096  
10461.14228  
10470.6297  
10457.51555  
10497.31148  
10516.18425  
10577.28036  
10472.71243  
10466.24844  
10536.99789  
10476.21113  
10510.59997  
10531.02762  
10456.93833  
10438.80262  
10522.19283  
10430.96016  
10488.93741  
10470.99478  
10485.18726  
10517.64901  
10428.83429  
