11196.64245  
11102.21428  
11159.55059  
11146.67961  
11114.3174  
11177.44294  
11078.773  
11084.2195  
11129.98252  
11117.58609  
11272.98718  
11118.80827  
11105.0567  
11133.88771  
11170.0421  
11086.08838  
11148.63509  
11031.9031  
11094.72178  
11174.10495  
11194.28606  
11068.59399  
11054.98438  
11072.5774  
11221.18829  
11179.25376  
11064.4848  
11073.81373  
11126.61363  
11126.13141  
11185.73454  
11119.46489  
11213.58383  
11177.66239  
11056.56694  
11079.75143  
11102.03955  
11043.99007  
11119.92174  
11151.07918  
11133.52507  
11177.50372  
11156.55127  
11181.24696  
11042.25753  
11120.27619  
11119.22809  
11151.7551  
11163.79259  
11090.54308  
11174.9908  
11167.49484  
11089.74277  
11141.57827  
11074.45053  
11165.12466  
11145.6639  
11181.7815  
11166.24693  
11097.17803  
11166.67829  
11160.18481  
11138.54484  
11092.14324  
11128.18188  
11142.6639  
11143.84767  
11134.37752  
11111.39415  
11200.91349  
11125.93108  
11150.00129  
11190.17292  
11162.02052  
11195.78914  
11094.57013  
11104.09149  
11084.85134  
11079.45842  
11089.41043  
11102.83267  
11059.33605  
11074.09129  
11100.51988  
11124.08245  
11143.09113  
11221.08734  
11099.09881  
11116.63918  
11182.29777  
11186.23947  
11127.71756  
11144.61442  
11154.68467  
11200.71619  
11142.17738  
11111.0736  
11126.70434  
11183.47762  
11106.53412  
11162.4642  
11105.18774  
11092.19247  
11180.89631  
11100.40595  
11132.12855  
11154.83036  
11078.96096  
11083.24556  
11149.02991  
11090.40265  
11130.97724  
11062.69571  
11126.61933  
11200.39527  
11109.33162  
11103.63484  
11162.21994  
11072.76242  
11123.02288  
11171.95189  
11164.42343  
11183.99253  
11102.26018  
11107.89432  
11108.77368  
11138.45715  
11165.94738  
11116.85685  
11143.22629  
11200.01407  
11117.99258  
11107.92566  
11115.03369  
11099.10453  
11101.03763  
11043.22872  
11076.83243  
11115.76909  
11089.83423  
11086.54978  
11134.25703  
11174.87305  
11152.09748  
11190.68801  
11188.26822  
11126.4513  
11158.9644  
11120.85694  
11173.81051  
11228.70502  
11046.17164  
11102.47171  
11201.81103  
11085.30401  
11112.38923  
11158.44747  
11128.6801  
11117.36684  
11105.2109  
