9836.20293  
9832.127422  
9841.30834  
9779.870391  
9816.333633  
9795.038477  
9746.824512  
9749.325117  
9778.015195  
9770.652754  
9837.509277  
9759.720625  
9748.779297  
9808.488691  
9830.967969  
9798.734609  
9788.119824  
9738.201074  
9767.121484  
9820.527051  
9846.90041  
9733.967148  
9757.771973  
9755.672324  
9841.430391  
9830.169219  
9759.04127  
9717.274551  
9794.33582  
9772.515176  
9805.902363  
9792.709375  
9835.755547  
9792.494141  
9700.833242  
9744.029414  
9795.362754  
9746.539199  
9763.479512  
9786.71543  
9812.181855  
9858.424297  
9760.376621  
9855.869609  
9742.431719  
9777.279766  
9750.739766  
9766.592891  
9799.252285  
9749.434629  
9831.859766  
9828.640723  
9775.55834  
9787.25543  
9756.933867  
9806.078242  
9798.024063  
9840.050625  
9787.901289  
9797.621934  
9837.63377  
9833.409629  
9782.419453  
9801.777676  
9818.369297  
9805.284434  
9813.804258  
9810.776699  
9819.568516  
9831.275684  
9791.469297  
9772.305898  
9796.425801  
9756.95793  
9841.711465  
9762.348086  
9730.752871  
9784.283516  
9757.442949  
9766.491113  
9784.201387  
9712.515664  
9737.08918  
9794.216504  
9779.79498  
9812.920664  
9822.608809  
9827.309805  
9787.475352  
9830.819805  
9872.561484  
9802.775508  
9803.543125  
9815.437969  
9843.759355  
9790.010391  
9775.23457  
9783.331777  
9818.762461  
9726.457676  
9784.913223  
9797.261191  
9758.281289  
9836.020176  
9790.147773  
9789.543809  
9815.998203  
9727.768926  
9753.864668  
9799.421992  
9745.259258  
9758.633359  
9739.805781  
9785.867441  
9848.477363  
9774.943164  
9791.708887  
9799.26084  
9745.708398  
9756.197617  
9810.967617  
9797.006211  
9804.737227  
9804.335508  
9790.564512  
9787.410684  
9789.725996  
9802.123633  
9773.100313  
9772.309375  
9855.361836  
9799.999336  
9751.580938  
9767.260293  
9768.33459  
9761.61707  
9786.94334  
9715.960684  
9754.553008  
9768.467773  
9739.568828  
9778.133789  
9844.988945  
9866.781445  
9958.975352  
9832.673047  
9785.222266  
9840.846641  
9817.110625  
9811.715176  
9876.543848  
9746.826973  
9733.719688  
9820.852324  
9752.919023  
9771.254043  
9769.706562  
9748.930684  
9765.780605  
9761.15625  
