10892.77742  
10817.76954  
10799.06979  
10792.37041  
10808.08038  
10847.72555  
10748.55992  
10748.83246  
10787.80319  
10776.02751  
10881.80815  
10813.02575  
10761.73979  
10773.34474  
10820.71443  
10784.68968  
10815.67294  
10736.40525  
10758.57601  
10838.20166  
10845.60977  
10749.04165  
10751.12721  
10763.33294  
10836.1258  
10842.74515  
10751.55788  
10747.49194  
10794.2109  
10787.67354  
10817.7318  
10779.90276  
10867.98459  
10830.6664  
10744.19395  
10747.9053  
10793.72414  
10737.28843  
10784.91686  
10813.02809  
10790.72799  
10815.29941  
10821.90532  
10844.51253  
10719.75667  
10793.79028  
10775.16575  
10789.69521  
10819.9359  
10756.11568  
10826.50682  
10813.75501  
10753.15362  
10803.76614  
10784.4828  
10813.28651  
10807.84442  
10841.50058  
10823.36638  
10767.8422  
10824.9923  
10843.95317  
10822.3841  
10793.42941  
10798.66861  
10821.31216  
10791.91296  
10805.48757  
10784.02408  
10864.0256  
10803.48152  
10785.27371  
10804.2772  
10793.1565  
10839.86991  
10790.58208  
10747.79697  
10769.85196  
10774.95775  
10759.85027  
10758.93541  
10733.81244  
10776.20728  
10772.58077  
10781.92049  
10816.31201  
10899.82635  
10785.7471  
10809.28646  
10849.95226  
10824.92256  
10784.35803  
10808.10833  
10828.59253  
10852.03691  
10839.46878  
10789.0547  
10791.1765  
10853.38735  
10766.75609  
10792.56513  
10804.67488  
10757.07985  
10847.86202  
10783.30152  
10786.84927  
10834.22593  
10758.50566  
10756.46707  
10824.87689  
10759.29805  
10788.91593  
10746.87808  
10798.57112  
10855.45814  
10770.20501  
10781.20916  
10812.59882  
10744.89341  
10778.78127  
10858.13842  
10824.13551  
10844.5122  
10806.99821  
10789.42348  
10796.06047  
10803.92841  
10802.50729  
10803.03461  
10786.49289  
10842.69803  
10826.78007  
10767.10605  
10769.49826  
10775.57275  
10776.24293  
10760.44599  
10750.76183  
10801.34188  
10777.66574  
10768.5484  
10783.45912  
10825.73059  
10853.41743  
10868.40395  
10815.78328  
10783.05621  
10829.40809  
10778.60754  
10814.984  
10886.84308  
10767.83502  
10768.31734  
10844.38543  
10763.67364  
10779.61806  
10799.82236  
10785.00111  
10806.51481  
10770.63099  
