10787.06949  
10714.54155  
10647.46394  
10747.72845  
10681.53445  
10715.16317  
10635.40873  
10597.88302  
10744.079  
10796.26926  
10736.57492  
10760.56923  
10639.29058  
10665.53621  
10777.62704  
10641.77523  
10677.31611  
10599.26257  
10560.77216  
10638.80588  
10732.46565  
10629.44945  
10693.42036  
10780.41328  
10746.44379  
10775.61463  
10671.71155  
10683.44399  
10759.94199  
10626.69229  
10711.11669  
10682.87919  
10701.82595  
10721.44808  
10730.79692  
10624.19648  
10775.95511  
10641.61953  
10711.56016  
10727.03234  
10759.51278  
10858.64343  
10711.1372  
10742.11524  
10606.24347  
10657.56084  
10755.05194  
10639.12305  
10719.12479  
10620.43666  
10705.64463  
10741.00515  
10638.01552  
10742.48737  
10658.48562  
10665.62401  
10705.08878  
10659.09558  
10695.57812  
10617.98627  
10793.15942  
10748.60907  
10710.57465  
10653.17681  
10680.87962  
10714.60738  
10618.74629  
10731.82193  
10631.52952  
10723.84111  
10663.96607  
10612.7991  
10775.17374  
10774.59895  
10716.85505  
10680.75942  
10610.93481  
10703.40652  
10677.04334  
10662.05082  
10748.48905  
10696.70894  
10740.3927  
10723.06719  
10630.60509  
10732.59323  
10825.13627  
10685.48263  
10682.09781  
10665.22023  
10772.52671  
10812.91854  
10631.02228  
10712.46014  
10826.50594  
10697.63286  
10793.6178  
10705.74634  
10734.14083  
10722.70918  
10677.19292  
10698.17539  
10682.19452  
10848.69491  
10700.93068  
10598.28184  
10726.6821  
10575.0743  
10648.45939  
10777.79395  
10613.53417  
10709.94373  
10738.15856  
10635.74579  
10769.96219  
10740.47923  
10580.47593  
10727.88791  
10627.24372  
10592.72827  
10704.58834  
10755.10757  
10655.02931  
10717.45943  
10695.89923  
10694.96179  
10732.35584  
10658.63629  
10642.45216  
10602.94293  
10792.0873  
10686.65937  
10672.83634  
10798.87398  
10618.7177  
10755.41291  
10695.00677  
10584.91177  
10741.92377  
10754.16898  
10597.9426  
10727.4538  
10848.4341  
10803.02312  
10759.9223  
10748.75972  
10722.05344  
10731.46984  
10664.65552  
10668.96844  
10793.80302  
10673.38141  
10611.0445  
10706.76617  
10686.9007  
10600.41479  
10713.10175  
10651.91166  
10620.01606  
10744.53171  
