10530.55853  
10559.97743  
10553.40672  
10572.41568  
10543.61595  
10531.19638  
10611.03847  
10539.54107  
10542.53226  
10539.61744  
10598.43955  
10557.18617  
10577.22841  
10579.47418  
10527.20322  
10552.0592  
10639.80647  
10585.68426  
10602.31743  
10636.88106  
10603.98347  
10602.80759  
10566.52416  
10556.57008  
10530.55107  
10535.61113  
10580.96374  
10548.43041  
10545.85397  
10566.70455  
10593.18288  
10579.75672  
10569.97154  
10621.62467  
10556.0147  
10546.74371  
10589.56887  
10720.54748  
10666.99648  
10659.54334  
10624.59391  
10652.14823  
10519.8375  
10488.77797  
10564.67934  
10566.95691  
10539.30988  
10504.54077  
10581.89144  
10557.53656  
10549.28218  
10539.59575  
10490.16574  
10584.60477  
10523.18073  
10602.41426  
10577.55406  
10631.76691  
10591.40346  
10595.27578  
10533.94986  
10522.71383  
10566.45998  
10470.87496  
10516.8014  
10529.11282  
10569.05264  
10558.07796  
10574.90902  
10539.23436  
10560.48512  
10550.63905  
10571.59359  
10604.4881  
10569.09425  
10567.60816  
10541.15683  
10546.34436  
10540.24191  
10605.69043  
10565.03882  
10551.21698  
10641.40845  
10621.57864  
10616.07665  
10575.76725  
10512.36443  
10546.38798  
10553.07287  
10570.12589  
10566.67356  
10519.2693  
10563.74585  
10531.58566  
10548.9766  
10538.17745  
10526.69635  
10544.22487  
10589.22999  
10550.62303  
10553.97052  
10559.58409  
10611.21753  
10588.25348  
10560.85097  
10544.72513  
10506.12272  
10609.42057  
10609.39686  
10535.05965  
10548.5523  
10565.24072  
10613.10269  
10582.65259  
10575.9169  
10585.92674  
10570.91569  
10555.82381  
10567.74364  
10568.38614  
10545.7984  
10592.51476  
10588.32468  
10591.2221  
10563.93851  
10545.66716  
10546.02241  
10562.31135  
10597.2396  
10521.75107  
10510.30845  
10576.27448  
10611.6785  
10515.87248  
10523.6878  
10502.89979  
10547.68387  
10669.49738  
10552.37925  
10554.41723  
10571.40913  
10541.94806  
10542.52255  
10547.99565  
10570.50486  
10618.59995  
10566.83063  
10534.85224  
10504.02402  
10563.8719  
10534.8321  
10535.83143  
10526.56408  
10532.84564  
10590.59979  
10614.53849  
10626.60237  
10597.12448  
10598.91068  
10633.75202  
