10302.68093  
10280.65935  
10326.94053  
10271.11305  
10294.21673  
10262.93158  
10303.44631  
10346.23199  
10312.76718  
10319.68185  
10330.47361  
10365.83851  
10390.93615  
10422.71632  
10294.05857  
10347.72993  
10416.15872  
10437.81647  
10441.17408  
10448.90669  
10437.23915  
10434.71418  
10364.462  
10341.73205  
10393.73978  
10358.16209  
10412.2638  
10307.96345  
10335.73679  
10355.15446  
10397.07206  
10337.41705  
10395.05072  
10381.1448  
10359.37325  
10360.81757  
10334.22854  
10472.83357  
10415.31853  
10404.23514  
10415.98971  
10394.53164  
10323.12598  
10245.10466  
10317.47908  
10297.24616  
10328.9161  
10251.6074  
10328.22733  
10322.88867  
10261.59365  
10308.78617  
10278.27084  
10353.48681  
10336.87799  
10376.35424  
10375.48967  
10397.53885  
10345.5907  
10321.9071  
10246.37672  
10209.66809  
10244.01247  
10175.63036  
10305.83824  
10308.9787  
10342.28586  
10294.24356  
10303.07844  
10347.51627  
10306.94612  
10389.20225  
10388.5181  
10421.19847  
10331.27342  
10339.13319  
10292.32925  
10324.6951  
10293.70342  
10434.36721  
10386.07671  
10337.5421  
10445.35873  
10408.00652  
10447.36343  
10372.75908  
10334.70763  
10381.66153  
10364.39503  
10360.98059  
10416.32073  
10358.48246  
10370.20387  
10360.73595  
10358.25773  
10335.35892  
10310.45657  
10351.2574  
10361.00719  
10294.83135  
10374.27901  
10410.89048  
10409.95406  
10354.09996  
10274.70842  
10405.78719  
10278.82862  
10365.23471  
10444.33479  
10287.03227  
10305.69824  
10366.15733  
10361.02639  
10374.07102  
10416.12421  
10310.57748  
10390.64459  
10311.79291  
10343.29407  
10426.48762  
10333.43463  
10356.5859  
10389.20032  
10349.91863  
10337.25584  
10343.34926  
10262.00212  
10312.37718  
10388.38007  
10368.39493  
10330.41084  
10303.23313  
10352.26145  
10243.85424  
10249.76978  
10224.16296  
10267.25098  
10407.11131  
10385.24375  
10298.53626  
10247.50837  
10385.2601  
10317.7928  
10427.90253  
10293.53917  
10447.06871  
10312.80618  
10409.74532  
10301.40723  
10377.20502  
10321.82744  
10295.1139  
10345.7266  
10303.60736  
10401.69747  
10348.77647  
10460.20487  
10334.91109  
10319.58561  
10425.04172  
