10827.61482  
10791.37269  
10843.07445  
10818.55366  
10820.22867  
10825.54678  
10843.15691  
10842.78789  
10845.61113  
10819.34848  
10851.45139  
10865.33347  
10837.75747  
10898.9392  
10797.26149  
10869.89024  
10921.46443  
10894.6942  
10882.98652  
10903.33715  
10878.09299  
10916.60596  
10839.67224  
10826.83478  
10822.36391  
10796.46954  
10876.89532  
10801.09496  
10815.93908  
10834.97777  
10894.51436  
10832.41379  
10892.06035  
10856.68959  
10825.35899  
10841.49785  
10837.14543  
10984.04457  
10938.86098  
10942.19789  
10910.06951  
10905.34605  
10814.10978  
10763.34205  
10881.47852  
10838.67945  
10843.08019  
10794.95597  
10841.76778  
10860.06527  
10803.39459  
10839.23535  
10783.45103  
10847.55141  
10838.41032  
10916.49642  
10868.21576  
10906.2583  
10869.63691  
10866.11303  
10806.26601  
10797.66113  
10826.1801  
10734.35649  
10798.4883  
10811.09218  
10856.6228  
10806.85922  
10823.03902  
10824.70997  
10816.50143  
10834.5687  
10845.31768  
10881.17093  
10810.11758  
10839.58143  
10806.97951  
10840.09036  
10781.77576  
10860.81341  
10825.87485  
10774.85775  
10921.39745  
10914.49475  
10914.30718  
10861.93475  
10789.05552  
10867.5162  
10833.74847  
10863.66308  
10876.05831  
10823.39325  
10872.80408  
10823.73152  
10849.32401  
10830.05075  
10805.16666  
10832.34201  
10867.18402  
10813.50367  
10824.24155  
10829.8732  
10873.67869  
10863.21585  
10809.2263  
10861.38494  
10776.38179  
10852.78623  
10904.51598  
10809.01317  
10825.74558  
10861.65879  
10847.98794  
10887.43546  
10876.68932  
10847.83  
10888.63151  
10826.25884  
10847.85752  
10894.73244  
10825.9142  
10845.3208  
10897.1816  
10860.35257  
10851.99929  
10852.5261  
10816.43874  
10863.72015  
10941.36641  
10850.01591  
10830.42842  
10839.96843  
10869.51128  
10779.66333  
10767.0772  
10758.92487  
10833.88473  
10913.5591  
10836.02186  
10799.28771  
10795.3132  
10854.21378  
10796.46316  
10858.07046  
10816.40111  
10918.47191  
10830.55764  
10851.79942  
10793.07055  
10838.77218  
10832.09271  
10792.51401  
10824.6367  
10807.50909  
10865.98801  
10898.35238  
10941.73271  
10891.56353  
10862.35483  
10883.88928  
