10986.43635  
10964.69003  
11020.99224  
10963.69646  
10980.46024  
10959.66455  
10997.24654  
10971.41593  
11016.90944  
10963.96778  
10958.14173  
10989.60767  
11003.37711  
11088.42557  
10921.45383  
10980.83347  
11095.25  
11048.35091  
11103.29726  
11057.60473  
11155.62348  
10995.74507  
10916.53144  
10897.21373  
11024.76369  
10939.23091  
11100.42478  
10975.27039  
11018.95529  
10950.92476  
11028.8376  
10954.49906  
11041.06664  
11028.42763  
10983.56353  
11092.29036  
11104.7997  
11138.64393  
11203.85183  
11220.35523  
11064.34249  
11014.38676  
10936.16673  
10847.65729  
10961.58538  
10911.36682  
10982.25015  
10943.14721  
11026.1686  
11038.17449  
10945.70397  
10981.65952  
10932.37296  
10930.23147  
10967.62365  
11168.30427  
11077.2625  
11136.75167  
10985.28086  
11041.33095  
10946.43093  
10856.6768  
10930.4956  
10909.46139  
10921.98723  
10955.88969  
11089.97123  
10935.63035  
10970.5503  
11006.7432  
10936.06796  
11043.7834  
11030.80438  
11042.65824  
10930.05232  
10977.60375  
10912.64918  
10973.63222  
10915.99678  
10929.34867  
11014.67782  
10959.40435  
11057.44061  
11124.37008  
11204.28124  
11107.5744  
10987.63592  
10993.1389  
10971.30168  
11012.7529  
10998.40553  
10986.25095  
10984.81921  
10983.44126  
11034.69346  
10921.06611  
10962.52974  
10914.23522  
10991.04908  
10930.70465  
11017.67674  
11015.24652  
11131.84333  
11069.89498  
10944.95046  
11039.58884  
10996.13898  
10933.60503  
11048.63649  
10940.52736  
10974.12801  
10984.51715  
11062.7775  
11110.99452  
11037.34808  
10998.55659  
11084.51938  
10974.61879  
10975.02235  
11030.76139  
10977.90405  
10965.25554  
11050.30409  
11064.27974  
10993.1701  
11027.04699  
10951.89361  
11066.72352  
11174.78879  
11038.75931  
10948.98987  
10895.51166  
10893.47746  
10896.63091  
10855.85575  
10900.89092  
11021.17483  
11110.48074  
10938.46852  
10878.66699  
10904.52853  
10970.70675  
10950.22722  
10977.73599  
11004.99838  
11027.12736  
10947.36287  
11053.60405  
10999.11082  
11144.12741  
10988.60959  
10938.47396  
10944.00736  
10968.60818  
10970.13602  
11008.86095  
11108.86207  
11064.02858  
11041.98754  
11124.40968  
