11297.29277  
11241.9938  
11279.22701  
11218.50116  
11313.37738  
11295.80814  
11273.16794  
11250.5575  
11348.6277  
11216.50149  
11343.25215  
11273.024  
11335.998  
11374.7832  
11265.70722  
11259.00613  
11304.59215  
11366.49861  
11421.90806  
11258.64205  
11342.88713  
11334.29493  
11409.46959  
11254.63528  
11270.55041  
11242.04361  
11341.48163  
11307.40724  
11349.75534  
11227.77371  
11377.85252  
11299.6894  
11289.92451  
11402.47047  
11274.67227  
11343.1259  
11425.49199  
11517.15242  
11539.50138  
11505.72366  
11377.73659  
11288.32877  
11215.09417  
11176.38385  
11220.75748  
11158.81854  
11316.52552  
11269.99224  
11278.35046  
11282.5281  
11183.21653  
11271.98196  
11309.49455  
11377.83919  
11307.10059  
11407.08486  
11414.67832  
11348.57395  
11263.25645  
11275.98654  
11286.64933  
11184.67611  
11210.41852  
11148.56595  
11171.92401  
11306.91977  
11309.57853  
11241.28222  
11248.17148  
11319.46463  
11384.53027  
11343.69691  
11334.82729  
11383.97575  
11266.17478  
11330.60884  
11206.6131  
11254.89007  
11328.74872  
11260.89657  
11344.4768  
11384.37167  
11320.94866  
11481.39319  
11350.29979  
11387.32388  
11322.25615  
11159.95637  
11232.60641  
11222.68038  
11246.38276  
11352.2025  
11314.37224  
11360.94143  
11297.37186  
11141.29954  
11348.67631  
11214.5104  
11318.62967  
11231.79463  
11315.64234  
11346.58514  
11317.43558  
11314.38303  
11259.12923  
11313.62637  
11298.6694  
11310.51755  
11320.61262  
11208.0644  
11357.96632  
11266.87812  
11290.51475  
11304.86767  
11259.85034  
11335.85365  
11404.12972  
11270.0864  
11243.55887  
11339.64472  
11203.77419  
11276.76964  
11231.38379  
11327.89807  
11287.58879  
11280.17657  
11250.29283  
11373.73158  
11461.46458  
11343.28585  
11380.63935  
11349.23605  
11311.49198  
11333.12336  
11154.05464  
11267.14227  
11250.04627  
11377.41319  
11361.64065  
11225.20449  
11269.91689  
11233.24708  
11310.44634  
11260.30565  
11300.05359  
11234.34364  
11377.42317  
11351.14744  
11268.97079  
11380.1815  
11239.24023  
11195.42752  
11261.02663  
11223.07018  
11253.02688  
11212.79732  
11300.27735  
11482.34592  
11410.35097  
11370.28139  
