10463.47489  
10450.57804  
10467.42338  
10506.93185  
10475.10581  
10392.34824  
10371.52843  
10362.67254  
10383.90936  
10390.32695  
10377.04397  
10295.75746  
10338.58118  
10431.91403  
10469.53419  
10391.35227  
10348.50135  
10353.51847  
10310.09221  
10307.23644  
10333.55472  
10349.06972  
10466.54428  
10350.6168  
10432.81194  
10443.60574  
10373.9879  
10428.23757  
10376.83875  
10368.93953  
10388.04158  
10523.68232  
10441.48983  
10409.87414  
10509.66265  
10645.71484  
10446.59843  
10492.55677  
10532.3708  
10542.28759  
10531.52511  
10565.32387  
10497.71705  
10467.12209  
10425.20033  
10383.80821  
10375.78119  
10379.4269  
10355.55638  
10436.25644  
10443.54436  
10435.20084  
10356.29637  
10312.15803  
10400.00396  
10376.78533  
10413.14916  
10380.98878  
10492.64386  
10370.33638  
10431.94916  
10385.49468  
10383.51201  
10318.15668  
10359.96896  
10401.44297  
10488.22407  
10538.60615  
10463.49972  
10423.16939  
10342.75198  
10391.264  
10386.01858  
10377.45674  
10462.31384  
10427.92522  
10410.35677  
10501.5297  
10437.1677  
10404.34519  
10347.20149  
10350.68455  
10343.7115  
10316.83284  
10329.85122  
10351.55135  
10352.0686  
10483.57952  
10458.13573  
10414.71505  
10356.39579  
10386.90277  
10438.78626  
10383.17386  
10469.84017  
10437.02657  
10484.9678  
10435.45591  
10464.58401  
10444.46644  
10400.21517  
10400.87905  
10346.66451  
10342.99765  
10385.3037  
10300.89921  
10384.19052  
10407.39615  
10470.68019  
10399.4299  
10318.20728  
10304.28181  
10341.09574  
10410.60202  
10433.84575  
10499.38361  
10427.51039  
10376.97856  
10404.84341  
10322.31709  
10257.67826  
10318.89871  
10373.854  
10511.47654  
10473.99459  
10422.70307  
10367.64065  
10454.3779  
10428.60724  
10369.86264  
10408.23492  
10368.74755  
10366.72535  
10420.93005  
10476.21972  
10453.20081  
10408.40248  
10459.13815  
10320.1014  
10362.08467  
10375.55536  
10387.4736  
10418.19749  
10392.77825  
10422.59174  
10562.49051  
10518.04844  
10502.55632  
10553.79253  
10496.20856  
10502.56317  
10366.93226  
10328.11034  
10330.24954  
10354.48032  
10307.72041  
10339.86582  
10469.75761  
10301.28286  
10343.25886  
