10256.20486  
10193.09688  
10230.42626  
10269.27344  
10201.57582  
10201.75236  
10172.86621  
10168.30542  
10213.84294  
10253.51752  
10250.6549  
10189.38941  
10240.53777  
10225.21899  
10308.87122  
10268.35849  
10209.8858  
10249.15221  
10186.92086  
10168.87631  
10225.28973  
10214.20526  
10277.80102  
10135.44485  
10195.58782  
10253.65415  
10220.36997  
10215.20873  
10289.1721  
10279.71427  
10178.7762  
10275.22347  
10255.25092  
10164.12992  
10371.79102  
10451.98546  
10267.2835  
10287.65844  
10363.3361  
10421.46252  
10323.61942  
10345.22175  
10278.26124  
10279.57356  
10226.30384  
10261.12883  
10266.97297  
10230.07582  
10202.83953  
10224.94817  
10262.5126  
10241.98309  
10166.43487  
10163.96317  
10183.73275  
10201.92248  
10172.00728  
10177.27534  
10285.07846  
10263.0389  
10252.48439  
10257.09638  
10228.7545  
10194.89201  
10261.4288  
10293.35584  
10341.77933  
10362.21341  
10225.17259  
10215.71394  
10186.81711  
10235.00943  
10245.96479  
10263.32558  
10330.06366  
10188.50483  
10214.82709  
10303.7287  
10146.73535  
10161.05743  
10129.709  
10214.63788  
10208.85016  
10198.03379  
10194.5829  
10205.20506  
10176.55417  
10252.31939  
10259.99001  
10213.08319  
10180.5786  
10203.74025  
10189.06213  
10165.77672  
10227.65004  
10246.72535  
10286.85781  
10197.72441  
10221.68779  
10228.34764  
10214.27497  
10224.55878  
10244.52928  
10200.47583  
10167.70071  
10231.44583  
10236.75392  
10250.69163  
10275.22724  
10206.71949  
10214.82182  
10114.40807  
10188.77305  
10213.26865  
10229.13841  
10268.81812  
10320.51642  
10235.39608  
10162.28523  
10198.31771  
10123.06875  
10110.12157  
10191.93505  
10278.47737  
10274.68341  
10249.57608  
10203.19983  
10185.89687  
10197.0443  
10187.18055  
10185.14783  
10199.73813  
10173.85746  
10185.12533  
10278.96013  
10256.14098  
10236.33811  
10322.73027  
10206.34554  
10257.60648  
10258.94454  
10223.82621  
10232.73627  
10135.34884  
10189.30819  
10308.71477  
10284.21602  
10359.17633  
10391.70677  
10296.30036  
10258.55916  
10149.64459  
10195.79501  
10153.22616  
10185.82494  
10170.09882  
10196.12574  
10261.51726  
10150.94821  
10244.18166  
