11290.51827  
11316.90664  
11367.38512  
11366.38032  
11322.96246  
11216.54337  
11159.50624  
11196.61879  
11198.35945  
11171.60885  
11163.6842  
11124.21262  
11111.0244  
11202.61781  
11265.24162  
11182.07201  
11115.34501  
11122.65709  
11112.31613  
11144.73174  
11178.21307  
11206.92639  
11281.5523  
11186.446  
11256.85965  
11242.81922  
11157.03985  
11291.63526  
11292.52006  
11177.9862  
11182.25377  
11384.9958  
11347.76014  
11294.27431  
11389.3583  
11465.12363  
11246.65467  
11376.52697  
11365.33202  
11419.23833  
11382.31902  
11409.60461  
11318.01881  
11254.64807  
11191.41475  
11160.03792  
11151.84455  
11168.02957  
11196.35453  
11333.38962  
11286.85945  
11276.27459  
11225.19221  
11177.03138  
11210.35239  
11171.01551  
11162.20506  
11177.59647  
11372.53237  
11236.30675  
11243.16728  
11251.55115  
11235.06337  
11191.03512  
11218.23681  
11283.76558  
11311.30952  
11360.85829  
11260.32988  
11198.77149  
11124.10225  
11155.21641  
11235.30192  
11258.76114  
11311.40988  
11280.61353  
11288.9954  
11367.59395  
11250.29525  
11150.52336  
11113.97165  
11148.76622  
11149.15105  
11126.00548  
11144.2797  
11209.4559  
11193.13015  
11275.69361  
11223.27358  
11163.34663  
11136.44264  
11264.54959  
11288.66432  
11221.56874  
11335.14636  
11304.11237  
11341.37665  
11318.18919  
11313.6295  
11323.06508  
11205.66622  
11197.539  
11157.36787  
11154.96078  
11197.59469  
11112.84275  
11133.16211  
11189.35441  
11318.05691  
11145.43364  
11094.26193  
11197.17097  
11151.41026  
11211.55753  
11212.58791  
11255.5298  
11195.04503  
11247.36041  
11214.31196  
11112.86395  
11129.97248  
11158.25668  
11168.36001  
11278.36602  
11215.67707  
11209.26474  
11271.22959  
11350.8589  
11293.79788  
11204.65646  
11207.55707  
11179.30257  
11173.13482  
11260.29153  
11319.51278  
11296.19262  
11251.92462  
11340.03659  
11217.39136  
11177.23135  
11145.92394  
11153.67306  
11196.94825  
11239.2075  
11274.14952  
11373.35846  
11392.98582  
11346.75926  
11367.45528  
11376.64954  
11336.33611  
11163.58679  
11115.25886  
11115.05125  
11143.66166  
11140.80201  
11206.66706  
11259.5942  
11090.90052  
11171.07902  
