12520.32507  
12552.12811  
12558.22379  
12537.86421  
12525.56634  
12493.20619  
12569.20062  
12521.41605  
12511.51977  
12533.14585  
12483.63936  
12381.31738  
12550.25042  
12582.3155  
12508.46161  
12459.75543  
12524.64586  
12463.88835  
12556.16564  
12436.66727  
12304.60556  
12398.18031  
12282.19202  
12464.49796  
12561.31248  
12740.7526  
12650.07612  
12520.67915  
12478.75019  
12548.65739  
12609.19532  
12549.46792  
12513.94839  
12692.74838  
12536.18491  
12724.48185  
12668.79739  
12590.16869  
12496.58107  
12589.08192  
12563.01564  
12609.06374  
12693.99358  
12591.69476  
12586.24663  
12532.20685  
12513.52886  
12435.44974  
12435.59329  
12501.56013  
12366.76442  
12464.51807  
12466.33559  
12527.94253  
12652.77893  
12491.21834  
12486.27437  
12517.67503  
12524.33249  
12580.16206  
12586.43949  
12476.94703  
12536.7108  
12485.9364  
12480.33155  
12491.79355  
12454.03538  
12532.5662  
12580.92803  
12589.84511  
12555.88483  
12415.08504  
12559.13231  
12391.43743  
12446.22566  
12490.28737  
12532.39296  
12573.34382  
12536.93926  
12550.1412  
12546.06135  
12469.76556  
12474.35651  
12437.52677  
12491.45394  
12451.80287  
12520.63978  
12602.05315  
12626.33696  
12664.01469  
12524.34174  
12465.70883  
12343.63119  
12405.83309  
12459.25889  
12519.96652  
12432.60746  
12396.68688  
12353.47307  
12382.23786  
12434.27286  
12514.65214  
12564.9715  
12500.54536  
12505.47711  
12666.3566  
12804.68681  
12613.50408  
12569.3807  
12527.34278  
12505.68698  
12468.8646  
12542.27369  
12666.99232  
12629.12203  
12561.60729  
12420.77006  
12343.55149  
12301.57963  
12517.97492  
12471.005  
12421.58686  
12645.80924  
12599.7304  
12654.47009  
12433.90435  
12405.22732  
12431.14768  
12470.11858  
12520.32354  
12551.01471  
12552.93843  
12549.08943  
12599.51402  
12529.4033  
12479.38451  
12459.62639  
12522.1373  
12586.24333  
12534.92088  
12675.10114  
12505.41813  
12522.04413  
12493.68341  
12528.78862  
12686.2709  
12672.46129  
12558.41699  
12647.00219  
12527.2468  
12428.25201  
12421.7106  
12466.21306  
12499.4314  
12471.27992  
12475.21455  
12381.88264  
12530.95798  
12491.62718  
12474.42115  
