10779.80319  
10765.27685  
10798.54208  
10831.39286  
10800.67321  
10896.3725  
10874.14776  
10794.99267  
10828.97891  
10928.09661  
10831.06435  
10646.5235  
10874.16829  
10881.07396  
10887.21293  
10879.84039  
10844.70403  
10804.08564  
10872.4675  
10696.39297  
10703.58186  
10737.68394  
10754.26441  
10893.99904  
10907.81554  
10789.92601  
10798.48346  
10836.13623  
10705.50831  
10748.86462  
10885.87277  
10860.44295  
10780.68177  
10772.8891  
10724.40443  
11041.36363  
11000.98882  
10824.92698  
10880.66097  
10842.871  
10867.09204  
10837.98643  
10910.44795  
10917.04717  
10915.95541  
10908.97069  
10901.34044  
10766.01554  
10721.7276  
10711.19376  
10781.41532  
10749.36357  
10761.63082  
10717.31994  
10900.44036  
10856.33351  
10892.577  
10863.95269  
10791.32057  
10804.6236  
10912.82083  
10817.33061  
10827.21686  
10791.52684  
10789.56758  
10765.05138  
10837.49494  
10843.11391  
10903.62569  
10911.12485  
10873.78202  
10804.35212  
10822.68849  
10776.66166  
10716.83944  
10725.48053  
10742.66785  
10744.89098  
10828.64966  
10889.51301  
10855.50266  
10894.87708  
10895.50184  
10774.70634  
10724.3169  
10664.50636  
10766.16467  
10834.7289  
10914.98592  
10940.21886  
10829.70306  
10722.85632  
10696.44806  
10800.64853  
10816.61835  
10841.97697  
10788.20662  
10765.28295  
10802.76588  
10779.40183  
10896.22124  
10889.71518  
10914.77193  
10693.95561  
10745.04322  
10866.78984  
10956.04666  
10858.56994  
10834.60448  
10932.13191  
10697.41673  
10625.67911  
10762.05153  
10861.30522  
10961.22266  
10955.59235  
10806.90464  
10675.98462  
10744.63563  
10897.02002  
10604.46448  
10731.90873  
10832.35495  
10967.46062  
10997.7702  
10858.52433  
10781.08584  
10726.10279  
10775.53058  
10830.69238  
10856.35104  
10864.25652  
10916.60239  
10856.84081  
10884.41664  
10823.2483  
10831.03097  
10769.48658  
10800.2895  
10777.30671  
10965.9575  
10898.03117  
10882.38331  
10760.07238  
10751.2365  
10881.85552  
10820.97186  
10839.37149  
11034.05138  
10893.21431  
10818.5709  
10834.73706  
10827.38973  
10844.03269  
10777.78495  
10729.18365  
10712.47916  
10810.42535  
10801.78604  
10681.54238  
