10708.72579  
10697.74818  
10771.94083  
10744.06675  
10772.62274  
10737.43551  
10685.41283  
10712.38294  
10727.07385  
10711.38083  
10686.83571  
10663.92786  
10681.62511  
10700.0997  
10754.52833  
10705.78304  
10726.12618  
10690.81022  
10699.1464  
10754.92516  
10721.46303  
10743.87031  
10743.26651  
10723.07629  
10738.16724  
10743.03404  
10687.60905  
10719.65452  
10680.40715  
10707.92516  
10668.35518  
10744.35241  
10721.56904  
10756.24795  
10666.48751  
10829.89716  
10790.52859  
10764.98382  
10772.3306  
10764.35952  
10756.69784  
10722.71766  
10766.50711  
10713.24158  
10743.67913  
10692.51904  
10710.15952  
10733.64095  
10664.52488  
10686.05921  
10706.85435  
10724.80296  
10713.93214  
10691.74705  
10707.55124  
10726.01255  
10726.78153  
10713.99115  
10761.33046  
10810.89246  
10793.13187  
10777.88177  
10761.62005  
10749.07484  
10716.3882  
10754.84982  
10796.90945  
10757.79599  
10732.19747  
10708.54593  
10730.75431  
10724.51462  
10737.19116  
10751.47549  
10705.31866  
10709.67788  
10684.25973  
10729.58849  
10729.84381  
10653.64829  
10686.21047  
10642.98553  
10645.65594  
10705.95626  
10684.96822  
10698.64275  
10685.91392  
10736.31465  
10736.36368  
10735.30932  
10761.89572  
10713.63755  
10694.8877  
10692.80974  
10706.15947  
10778.76955  
10728.56966  
10749.18612  
10732.21498  
10753.83651  
10722.42795  
10697.75671  
10702.64085  
10687.23046  
10638.83941  
10636.98302  
10724.32483  
10782.21695  
10804.53573  
10748.80128  
10710.64802  
10662.21374  
10638.57584  
10723.09049  
10770.95329  
10789.66497  
10747.18974  
10734.8974  
10676.81049  
10642.57314  
10627.76683  
10660.73397  
10723.74474  
10793.62486  
10795.29741  
10798.27667  
10766.85235  
10710.93893  
10690.32154  
10687.96957  
10684.70195  
10696.78767  
10685.99916  
10732.82107  
10790.8081  
10780.67311  
10783.51666  
10734.86012  
10743.37134  
10706.86472  
10721.02534  
10707.96973  
10714.78016  
10744.45812  
10708.12951  
10757.02224  
10748.53229  
10765.18858  
10843.22338  
10824.99681  
10728.46377  
10692.92067  
10664.54049  
10657.14832  
10672.08972  
10707.23879  
10723.9258  
10717.2487  
10631.38067  
10662.42524  
