11412.95651  
11514.38297  
11549.44692  
11553.88365  
11515.28976  
11338.01409  
11272.78381  
11326.93112  
11270.851  
11262.86757  
11288.95166  
11236.09408  
11208.06485  
11343.3061  
11419.94802  
11301.80906  
11238.53437  
11214.32429  
11199.56733  
11278.98439  
11301.64528  
11328.31494  
11449.8501  
11327.97736  
11365.43928  
11381.58758  
11324.84884  
11531.27649  
11431.40412  
11302.4694  
11305.35789  
11596.36379  
11509.45361  
11442.82971  
11541.5957  
11590.47836  
11379.83001  
11538.72437  
11560.87952  
11603.9812  
11571.54879  
11636.97459  
11522.15759  
11401.60395  
11345.31121  
11258.57324  
11251.91044  
11272.27799  
11298.65538  
11496.96155  
11416.46561  
11428.41415  
11375.9563  
11249.70166  
11292.08998  
11284.39521  
11271.71505  
11303.43966  
11581.99817  
11378.83414  
11417.1529  
11411.37006  
11332.8973  
11306.07211  
11328.226  
11420.04424  
11482.5882  
11532.35547  
11394.50305  
11294.04764  
11242.67716  
11229.13278  
11322.08955  
11397.01997  
11498.28864  
11465.06029  
11458.25968  
11522.23512  
11429.27563  
11253.90308  
11217.63013  
11226.84434  
11245.85866  
11229.59661  
11276.9488  
11390.91725  
11341.71373  
11452.77318  
11406.92041  
11297.70994  
11274.8298  
11392.2056  
11488.86701  
11387.80183  
11510.14685  
11464.24004  
11502.28779  
11503.39523  
11483.55762  
11490.83446  
11333.47447  
11308.44819  
11244.94034  
11282.02391  
11351.31126  
11154.43093  
11210.03544  
11297.08039  
11505.23495  
11271.29128  
11190.88372  
11341.56672  
11252.91582  
11362.65454  
11383.95952  
11433.82579  
11329.32595  
11447.0309  
11385.35664  
11174.4534  
11266.34392  
11284.48593  
11239.49561  
11409.67552  
11343.62125  
11302.63068  
11443.96812  
11528.33972  
11458.96519  
11328.16968  
11316.64566  
11330.1092  
11275.52863  
11389.05894  
11481.32657  
11484.37507  
11432.89924  
11488.01571  
11319.52359  
11266.51601  
11232.92852  
11275.96978  
11317.70952  
11407.41521  
11418.94104  
11532.56391  
11545.72703  
11538.67548  
11507.16514  
11583.54306  
11569.14132  
11282.72688  
11186.80326  
11192.41485  
11256.55899  
11258.7105  
11376.41921  
11426.49808  
11169.16821  
11300.07607  
