10804.22941  
10690.98121  
10719.59012  
10793.21768  
10752.74373  
10805.3999  
10723.79992  
10789.5615  
10822.5216  
10799.74547  
10770.29307  
10649.60512  
10694.885  
10762.68734  
10824.43299  
10806.95061  
10685.1134  
10764.69293  
10736.51137  
10663.37695  
10670.12885  
10691.80891  
10726.16807  
10689.27164  
10743.98514  
10724.61924  
10722.21426  
10757.25018  
10799.46441  
10797.95516  
10815.34309  
10796.98555  
10712.37133  
10666.32418  
10776.03844  
10893.26936  
10836.27779  
10742.30859  
10801.74742  
10809.01742  
10808.14816  
10810.761  
10838.06787  
10804.82092  
10778.71295  
10786.45676  
10752.15143  
10754.57898  
10724.00727  
10747.68906  
10784.65258  
10720.18299  
10735.9051  
10738.23906  
10747.16758  
10795.18656  
10786.36855  
10768.13223  
10714.30609  
10734.49545  
10717.70287  
10740.91631  
10728.25406  
10710.25768  
10740.5318  
10785.16541  
10788.72736  
10809.77219  
10833.57641  
10817.36721  
10739.23713  
10770.81156  
10690.02449  
10713.38877  
10731.96842  
10699.32211  
10726.73  
10749.62104  
10762.08615  
10742.93279  
10724.23617  
10802.52516  
10783.80055  
10723.11697  
10639.69068  
10730.92908  
10777.53451  
10755.54955  
10807.16293  
10757.23004  
10700.44283  
10746.3024  
10728.22094  
10763.6702  
10775.18088  
10753.46545  
10747.82322  
10720.31617  
10748.31779  
10728.09869  
10811.94441  
10792.76266  
10783.19764  
10700.88789  
10754.14506  
10815.99758  
10806.20607  
10730.98945  
10729.70285  
10792.98689  
10719.5942  
10674.99664  
10767.5909  
10768.28131  
10746.73447  
10753.69918  
10768.8075  
10686.21381  
10745.96527  
10731.47117  
10626.76557  
10733.77959  
10762.20285  
10858.35559  
10817.54002  
10754.2602  
10694.68691  
10720.62996  
10727.18072  
10752.0016  
10792.70414  
10750.2393  
10757.01221  
10780.5008  
10782.0108  
10781.73703  
10758.17879  
10810.50105  
10703.04148  
10746.18012  
10763.34133  
10810.17363  
10810.30332  
10746.15545  
10790.5123  
10762.86344  
10812.36785  
10789.66391  
10817.33928  
10737.74811  
10769.65168  
10697.88451  
10762.80633  
10719.5692  
10691.48725  
10683.42189  
10720.2674  
10752.48812  
10734.21281  
10740.71361  
