10865.61115  
10828.01962  
10832.86494  
10872.24888  
10844.97497  
10817.70031  
10793.64013  
10783.62767  
10830.60355  
10816.79023  
10796.48661  
10726.08452  
10745.88024  
10782.62807  
10861.71665  
10801.96491  
10758.3182  
10786.56344  
10753.41191  
10737.13174  
10767.67702  
10759.37302  
10817.46183  
10768.35091  
10824.93596  
10781.91964  
10764.59192  
10815.64517  
10803.98603  
10794.57084  
10786.71253  
10873.63184  
10810.63807  
10804.73674  
10927.58553  
11022.30628  
10862.22939  
10856.78725  
10874.85694  
10902.09073  
10876.49684  
10922.36562  
10891.41342  
10873.06563  
10829.86084  
10819.3214  
10806.99068  
10814.01086  
10786.50125  
10828.62481  
10827.82483  
10812.90349  
10765.1459  
10775.46526  
10821.18103  
10803.28995  
10823.90486  
10803.9295  
10869.63822  
10786.57426  
10824.3913  
10823.45735  
10812.91733  
10754.51057  
10793.31152  
10813.51592  
10860.9911  
10917.16918  
10870.33379  
10855.00353  
10765.52871  
10815.07289  
10817.95642  
10799.98961  
10833.28047  
10813.93956  
10817.6453  
10868.64475  
10808.85706  
10815.75017  
10755.33628  
10789.13625  
10776.92893  
10748.56897  
10742.47383  
10732.79185  
10756.67913  
10853.0918  
10840.94164  
10799.81414  
10759.58848  
10807.7856  
10805.90542  
10782.1727  
10844.46344  
10815.61411  
10850.4094  
10801.60912  
10832.51535  
10808.53776  
10812.86878  
10821.73298  
10791.15223  
10768.25041  
10780.97472  
10772.31417  
10813.68043  
10809.66528  
10842.87152  
10817.43177  
10738.46215  
10703.34901  
10781.16687  
10829.81614  
10840.44293  
10877.47914  
10831.47276  
10775.96676  
10794.15124  
10771.41716  
10693.64928  
10730.55676  
10800.14133  
10896.10175  
10859.92217  
10830.59378  
10776.29823  
10814.45666  
10822.66875  
10777.00393  
10794.07119  
10759.02575  
10785.59394  
10817.66309  
10850.70019  
10830.08984  
10810.80389  
10858.29863  
10751.02947  
10792.39169  
10794.95821  
10798.77828  
10810.58875  
10779.26231  
10823.97232  
10928.51537  
10861.19294  
10881.86263  
10912.52342  
10842.81214  
10862.21278  
10788.44349  
10774.82189  
10764.25771  
10772.68161  
10745.65663  
10762.50838  
10858.81544  
10741.90378  
10757.97753  
