11083.07327  
10990.37329  
11046.46383  
11067.31897  
11219.30901  
10903.27887  
10946.33676  
11038.4786  
10969.83185  
11147.61076  
11000.68385  
10933.21339  
11092.28098  
11255.01278  
11129.21043  
10974.52745  
10998.61099  
11051.51299  
10892.5374  
11075.59804  
10959.44705  
11103.2469  
10943.23307  
11165.10211  
10967.51926  
10998.7542  
11116.65974  
11078.33532  
10944.07152  
10940.4658  
11154.95662  
11206.8777  
11026.15809  
11157.45176  
11062.61241  
10989.53634  
11124.81464  
11086.62167  
11131.23122  
11042.32259  
11042.96701  
11146.14481  
10969.70008  
11176.28359  
11058.34327  
11045.73421  
11177.53842  
11030.27878  
11109.32128  
10987.15964  
10971.31018  
10982.1093  
11073.4592  
10991.50094  
10946.46787  
11066.70011  
11007.5703  
11149.13998  
10906.99742  
11158.5344  
10994.13188  
11011.6769  
11097.07962  
10972.51675  
11085.59795  
11099.95685  
11004.03943  
10971.78291  
11145.3964  
10909.2694  
11110.22261  
11042.18221  
11147.65723  
10999.86678  
11078.61904  
11251.96744  
11036.19108  
11081.09531  
10848.58063  
10985.99875  
10848.35659  
11048.94014  
10916.58373  
11008.66237  
10952.31026  
10965.97466  
11151.651  
11046.61847  
10938.34729  
11097.56436  
10899.50241  
11035.73155  
11187.56073  
11048.79062  
11116.42987  
11041.50532  
11214.27926  
11023.65403  
11043.18633  
11064.17377  
10998.82374  
11149.8165  
11034.56357  
11188.96046  
10967.95279  
11146.53194  
11057.46924  
11025.76142  
11070.81792  
11035.90439  
11083.14758  
11067.58636  
11011.87739  
10968.73654  
10961.15389  
10799.28843  
10973.19832  
10864.24916  
10966.321  
11138.83624  
10951.3012  
10956.03828  
11088.83844  
10946.01413  
11093.49344  
10981.82575  
11129.45029  
11121.02939  
11004.64267  
11019.44754  
11163.5739  
11118.96584  
10992.50123  
11106.84416  
11106.23856  
11082.59496  
11034.28177  
10998.7169  
11122.33196  
11113.5885  
10999.24109  
10916.31983  
11099.47541  
10979.25574  
10974.51407  
11088.70155  
11202.95379  
10880.96196  
10999.45963  
11018.88055  
10955.95186  
10989.3187  
11053.82663  
11087.62548  
10987.84563  
11138.48123  
11094.80353  
11035.50734  
11035.7448  
11112.47333  
