11349.32755  
11368.67705  
11419.1873  
11388.02187  
11412.5212  
11330.97897  
11406.75533  
11332.06485  
11374.08606  
11395.57245  
11365.00314  
11451.455  
11450.38554  
11470.19313  
11395.96086  
11404.35459  
11418.07153  
11444.28688  
11387.25136  
11431.33395  
11381.47214  
11386.49377  
11374.0594  
11412.98162  
11356.99207  
11434.43887  
11435.64517  
11419.62175  
11401.01698  
11424.49928  
11455.84668  
11414.3689  
11404.96725  
11402.64897  
11402.83696  
11423.60595  
11419.7069  
11418.97849  
11366.9175  
11372.68509  
11438.00966  
11386.67261  
11376.81564  
11434.73083  
11397.66609  
11442.25213  
11394.65027  
11365.43515  
11395.64909  
11350.63654  
11422.08637  
11343.05627  
11418.12611  
11347.62419  
11442.35033  
11417.06417  
11418.32682  
11363.30113  
11386.71272  
11390.41543  
11356.44547  
11415.50421  
11427.06947  
11394.62286  
11369.32359  
11440.41743  
11345.58947  
11393.43124  
11387.08972  
11375.88817  
11428.64579  
11384.57401  
11473.5128  
11357.52088  
11386.81983  
11459.60747  
11387.64604  
11416.98478  
11293.97591  
11328.15098  
11349.42047  
11391.86702  
11380.03079  
11481.13383  
11406.56194  
11413.95602  
11417.3788  
11390.73051  
11434.61735  
11406.64355  
11377.67784  
11432.41575  
11460.56717  
11419.94169  
11346.06739  
11381.58537  
11438.32796  
11379.04723  
11438.782  
11388.47059  
11426.46587  
11420.4547  
11478.2674  
11421.41697  
11420.06375  
11389.89285  
11403.25611  
11414.68879  
11445.09683  
11338.8053  
11396.80915  
11459.99879  
11364.42524  
11396.29285  
11321.75439  
11306.43948  
11357.61788  
11324.94389  
11418.28877  
11396.241  
11352.92851  
11452.06773  
11417.47976  
11368.70198  
11350.17096  
11365.02245  
11411.93025  
11353.72192  
11369.7394  
11468.14745  
11410.53283  
11394.95898  
11388.37137  
11398.08984  
11376.25294  
11409.71559  
11383.38881  
11427.82919  
11448.73177  
11392.91736  
11365.15655  
11460.77811  
11459.58254  
11366.1741  
11403.45991  
11379.56481  
11411.18515  
11503.73026  
11362.59639  
11403.1501  
11347.50826  
11386.0994  
11363.53582  
11381.5794  
11415.11285  
11387.07149  
11376.67383  
11348.54596  
11426.23171  
11436.29493  
