10922.81091  
10964.0689  
10955.96614  
10961.6006  
10994.57401  
10991.07061  
10905.5184  
10987.92267  
10915.56831  
10920.37768  
11068.06295  
11062.17202  
11145.08798  
11068.97263  
11032.10416  
11000.08668  
10990.14261  
10977.83356  
10795.70113  
10956.73256  
10973.398  
10956.79881  
11011.6314  
10922.4394  
10958.39827  
10931.91708  
10984.65675  
10994.77957  
11012.85433  
11023.53467  
10970.58924  
11043.51328  
10962.94454  
10922.0953  
11069.3674  
10955.78919  
11031.44396  
10940.26976  
10979.14755  
11051.60682  
11023.49261  
11042.04885  
10931.82568  
10885.03347  
11038.34296  
10951.43018  
10931.01782  
11010.49001  
10966.359  
11053.47272  
11031.67384  
10993.54061  
10961.2659  
10979.38691  
10863.49547  
10992.67694  
10900.09799  
10939.68125  
10906.59407  
10980.54692  
11035.8711  
10949.0925  
10964.23934  
10998.94685  
10932.52243  
10939.12349  
11065.8527  
10928.24775  
10948.76115  
11008.20482  
10989.93528  
11028.32709  
10976.53775  
11057.12336  
11133.49674  
11140.49984  
11089.78426  
10934.06652  
10834.86792  
10861.23143  
10928.8201  
10903.37005  
10928.88191  
10915.29834  
11037.65511  
10880.64452  
11000.92817  
11054.22288  
11000.35244  
11058.10525  
10959.68872  
10913.50938  
11007.99812  
10924.21843  
10945.17068  
11103.52859  
11044.98993  
10980.05477  
10888.31123  
11028.17905  
10920.92371  
11045.24005  
11003.9446  
10978.99245  
10857.26993  
10942.01583  
11092.16077  
11041.64404  
10975.19335  
10983.3174  
11149.09756  
11022.50422  
11077.65361  
10855.59273  
10824.38802  
10840.20624  
10815.69419  
10875.94193  
10811.67625  
10955.69209  
10983.03853  
10893.4744  
10981.6347  
10935.21709  
10959.06657  
11035.49805  
10949.17263  
11050.96311  
11131.37904  
11086.57485  
11052.61661  
11010.85535  
11093.21611  
10996.92912  
10958.71346  
11043.92375  
11050.12736  
10926.54544  
10944.94806  
11000.21146  
11006.32654  
10893.16011  
10977.18649  
11037.96946  
10944.26798  
10939.65555  
11093.11429  
11051.0481  
10980.09814  
10987.90023  
11023.66261  
10976.16514  
10923.46432  
10956.30747  
10988.15843  
10900.48027  
10978.03599  
10954.11219  
10884.64018  
11012.66353  
