10528.02022  
10541.23475  
10520.61886  
10517.69125  
10590.43399  
10432.68192  
10430.54502  
10527.50499  
10486.88347  
10514.42807  
10564.42336  
10483.51381  
10587.47496  
10628.62221  
10540.84526  
10495.81955  
10574.77185  
10532.39786  
10438.2111  
10504.73453  
10479.172  
10470.6116  
10442.94326  
10596.01938  
10482.8907  
10497.94561  
10551.93449  
10515.22297  
10530.94281  
10466.06332  
10589.66355  
10613.01549  
10498.65188  
10570.32841  
10541.90333  
10516.65576  
10523.92631  
10558.3105  
10520.67083  
10534.93639  
10530.57734  
10563.34459  
10537.33147  
10652.6598  
10538.26761  
10549.73467  
10522.76405  
10520.46328  
10572.5886  
10447.33999  
10527.1246  
10442.97856  
10539.77929  
10464.92301  
10443.87156  
10505.91666  
10563.80772  
10524.80643  
10392.8628  
10566.46852  
10500.87479  
10476.81488  
10491.04842  
10512.80877  
10564.63568  
10542.62207  
10519.79597  
10507.67753  
10521.50178  
10491.26671  
10602.92583  
10511.41337  
10612.47319  
10520.51601  
10609.71303  
10634.77721  
10466.42518  
10468.61263  
10426.06464  
10449.16051  
10440.93269  
10526.65399  
10423.10346  
10505.05041  
10507.74927  
10486.94989  
10545.01198  
10546.29674  
10513.66493  
10529.19276  
10458.59878  
10516.70099  
10598.06619  
10582.78972  
10489.19781  
10517.65584  
10629.50705  
10492.81632  
10524.84817  
10528.67741  
10529.46589  
10542.43201  
10556.32549  
10588.27933  
10465.47222  
10552.53143  
10559.12131  
10554.5666  
10530.36598  
10486.43163  
10571.33239  
10577.11731  
10472.63759  
10444.75549  
10419.79686  
10452.00064  
10472.01359  
10394.49457  
10478.71808  
10584.67631  
10502.38425  
10465.5722  
10531.33272  
10531.61577  
10504.14186  
10470.93642  
10606.61154  
10509.64144  
10480.06758  
10517.15234  
10604.83488  
10525.96098  
10471.76786  
10600.67592  
10555.35464  
10522.21595  
10568.54472  
10527.34029  
10519.82444  
10585.99923  
10555.46908  
10444.86337  
10509.20645  
10486.91787  
10530.4139  
10597.1126  
10602.0409  
10395.23408  
10459.65792  
10458.97901  
10429.24662  
10503.06719  
10533.55432  
10496.17427  
10536.37921  
10584.76689  
10499.24371  
10589.46363  
10548.07533  
10525.47744  
