10708.60239  
10686.61072  
10670.63026  
10689.74631  
10760.55136  
10636.74156  
10601.935  
10726.94998  
10640.8939  
10685.78042  
10756.871  
10650.38613  
10720.48169  
10757.89108  
10722.02974  
10657.5341  
10695.72829  
10677.23139  
10615.14248  
10674.69815  
10666.5858  
10661.32855  
10618.30795  
10729.12188  
10674.08787  
10647.85428  
10693.84117  
10697.03701  
10699.03869  
10634.39749  
10724.21527  
10792.83602  
10678.39246  
10714.85037  
10743.75142  
10684.24081  
10706.35602  
10706.18961  
10702.16088  
10700.0104  
10682.50401  
10777.99082  
10684.15411  
10760.5378  
10732.07521  
10696.42025  
10690.20826  
10672.77265  
10707.27017  
10636.94174  
10687.72441  
10639.79992  
10662.13988  
10679.76911  
10610.38666  
10680.96556  
10715.89309  
10701.2975  
10583.87557  
10720.00291  
10693.60905  
10671.62022  
10670.21527  
10682.07105  
10678.03031  
10694.87102  
10717.11716  
10649.74187  
10684.02456  
10649.10139  
10736.37288  
10706.24441  
10724.70737  
10721.22125  
10781.04669  
10775.19159  
10675.72313  
10625.54298  
10619.0908  
10617.11545  
10604.79013  
10674.21463  
10621.40807  
10653.60681  
10716.26071  
10637.21378  
10696.82685  
10747.54326  
10656.85279  
10733.58711  
10621.99345  
10654.54138  
10727.77405  
10739.04296  
10679.55585  
10684.84555  
10757.27895  
10685.74958  
10661.57466  
10735.20037  
10670.6406  
10706.43481  
10712.78764  
10746.678  
10630.61945  
10696.40565  
10743.02457  
10718.7125  
10662.02544  
10686.45683  
10730.10342  
10718.64263  
10665.93942  
10614.52412  
10629.94102  
10644.41093  
10633.2883  
10588.06465  
10620.52155  
10754.92824  
10689.24165  
10617.95825  
10706.8929  
10683.11988  
10658.82558  
10645.08319  
10719.44756  
10682.74569  
10666.95336  
10657.61578  
10737.79684  
10688.85159  
10652.94742  
10747.37841  
10697.41218  
10696.4785  
10751.12759  
10682.76957  
10656.12473  
10762.42565  
10712.03007  
10616.50322  
10654.52979  
10660.16777  
10708.32999  
10740.62254  
10789.79717  
10579.6055  
10672.12178  
10659.72916  
10631.18416  
10655.21097  
10676.46551  
10669.56965  
10696.2128  
10724.40118  
10693.6897  
10743.66288  
10683.58125  
10698.97564  
