11296.31186  
11148.3355  
11245.5512  
11266.6242  
11251.31694  
11313.44277  
11156.68643  
11332.31452  
11142.67202  
11219.44802  
11299.19541  
11300.82024  
11356.08937  
11339.03307  
11304.94044  
11195.69865  
11247.92783  
11220.13713  
11153.91104  
11329.46508  
11203.55107  
11240.24486  
11249.48163  
11238.81145  
11350.05849  
11217.98078  
11282.15121  
11385.32559  
11268.19854  
11227.48639  
11326.03875  
11392.89951  
11235.47531  
11269.17059  
11427.71089  
11241.6637  
11311.27651  
11255.74851  
11293.3204  
11389.61612  
11244.59291  
11364.90049  
11123.67894  
11226.53314  
11333.44081  
11256.82979  
11244.0278  
11236.41345  
11197.57364  
11285.2986  
11249.45179  
11317.24648  
11226.58259  
11353.4724  
11187.78283  
11306.13499  
11223.98055  
11245.55389  
11164.63326  
11237.23951  
11352.80184  
11249.69402  
11239.37117  
11166.6543  
11144.41735  
11271.51703  
11361.58716  
11172.52365  
11249.44203  
11190.41511  
11232.66941  
11379.53994  
11308.10559  
11310.49214  
11395.28754  
11318.24266  
11324.16559  
11163.95616  
11089.56565  
11101.42362  
11107.07603  
11202.9063  
11243.78676  
11220.30377  
11382.80582  
11173.44262  
11257.95943  
11413.44606  
11215.237  
11378.34507  
11182.33758  
11212.90774  
11292.94747  
11243.26515  
11300.26165  
11357.08587  
11273.56814  
11312.3118  
11212.55793  
11356.72307  
11205.94327  
11287.95948  
11290.77506  
11321.29152  
11164.90294  
11223.41084  
11398.85224  
11242.04864  
11225.09568  
11307.93787  
11332.59068  
11273.57247  
11246.30721  
11164.83911  
11159.71174  
11068.06715  
11084.69888  
11221.3821  
11170.97815  
11260.00367  
11363.21532  
11254.60751  
11333.84351  
11184.76306  
11181.90591  
11311.47397  
11215.49788  
11279.11339  
11378.08549  
11302.55624  
11275.78177  
11271.55284  
11278.92949  
11256.47347  
11204.75703  
11346.37224  
11308.19324  
11229.04189  
11235.46002  
11341.52302  
11383.92818  
11216.17335  
11252.86964  
11286.56011  
11194.5999  
11219.2879  
11399.41357  
11287.15062  
11204.62817  
11204.98261  
11323.81558  
11217.13904  
11172.62004  
11263.67671  
11241.4707  
11230.66427  
11295.34458  
11191.11707  
11252.95634  
11328.71293  
