12084.06241  
12185.55296  
12188.9796  
12239.93074  
12160.82855  
12125.69473  
12084.25853  
12255.28021  
12203.49082  
12173.6414  
12105.16549  
12095.27684  
12231.82069  
12201.9827  
12134.74075  
12101.37453  
12180.75718  
12136.18365  
12053.95883  
12126.94907  
12167.84657  
12057.12974  
12094.23015  
12130.89844  
12160.62407  
12044.0168  
12127.90707  
12184.7727  
12218.68645  
12166.00123  
12078.79907  
12215.60289  
12259.99895  
12176.75634  
12298.80037  
12292.99538  
12158.15065  
12007.75629  
12146.47815  
12252.02803  
12207.02528  
12286.56797  
12250.48163  
12240.27066  
12304.90052  
12199.55585  
12206.10685  
12244.75475  
12203.72558  
12080.54468  
12067.67371  
12145.32294  
12134.784  
12162.47252  
11963.55317  
12133.05652  
12117.13303  
12019.91244  
12040.818  
12071.02697  
12116.61134  
12147.80444  
12062.76509  
12129.09875  
12052.32019  
12062.40271  
12130.95301  
12106.94241  
12042.7328  
12075.39302  
12184.67757  
12270.28376  
12158.68028  
12208.03809  
12269.73499  
12155.50719  
12256.03298  
12121.10406  
12151.52656  
11986.0581  
12083.41767  
12138.73259  
12189.29763  
12018.19179  
12147.91049  
12109.40886  
12176.58199  
12242.50966  
12141.75694  
12266.70304  
12272.49431  
12215.16707  
12310.40983  
12292.14584  
12214.16975  
12285.56992  
12220.59769  
12292.68238  
12136.19705  
12228.92022  
12076.95246  
12115.44727  
12132.79401  
12200.2175  
12194.8003  
12071.69023  
12165.46205  
12260.09169  
12173.38843  
12265.03031  
12338.95205  
12073.97105  
12050.69184  
11975.83652  
11940.87212  
12041.71182  
11969.91363  
12061.91824  
12045.72866  
12171.64635  
12268.19534  
12085.431  
12078.6075  
12052.05939  
12019.83636  
12056.64848  
11953.59838  
12062.3042  
12217.45033  
12149.10077  
12217.96542  
12254.9034  
12193.83795  
12234.16411  
12257.60806  
12282.40211  
12303.62211  
12265.92423  
12162.43426  
12212.7653  
12304.07793  
12152.49694  
12095.39838  
12097.60231  
12027.85272  
11992.40609  
12200.885  
12290.35261  
12208.86648  
12159.32985  
12106.65174  
11982.27728  
12058.69149  
12137.13986  
12108.5619  
12184.91602  
12247.6013  
12251.91017  
12149.6404  
12128.13416  
