10161.21764  
10203.24314  
10197.51281  
10189.93522  
10123.77945  
10133.26088  
10242.55842  
10149.99763  
10195.08318  
10177.02457  
10167.21061  
10137.95242  
10200.96783  
10216.80949  
10203.87875  
10253.79557  
10223.06248  
10184.89738  
10266.31221  
10207.04126  
10151.48273  
10216.89897  
10231.99809  
10212.60901  
10229.13028  
10185.29301  
10176.99741  
10223.90097  
10125.24098  
10232.0121  
10221.97467  
10130.99872  
10130.7589  
10289.17659  
10248.47907  
10198.66243  
10225.68884  
10150.43392  
10151.71756  
10171.42415  
10252.49127  
10201.7298  
10158.97426  
10141.18354  
10147.9891  
10162.0117  
10184.66872  
10164.00695  
10183.36736  
10178.65734  
10190.87163  
10185.10277  
10196.759  
10165.53732  
10178.58906  
10174.29609  
10188.63584  
10275.86137  
10289.58814  
10223.27932  
10214.60424  
10191.5764  
10230.07485  
10190.03655  
10146.21613  
10243.03207  
10201.98531  
10220.39367  
10151.16646  
10156.1731  
10202.97384  
10215.81411  
10166.61351  
10236.47304  
10201.36426  
10182.77589  
10185.77041  
10221.60652  
10215.33234  
10231.15458  
10237.2072  
10168.64275  
10165.85348  
10233.53889  
10165.06317  
10153.12173  
10156.18737  
10155.38011  
10192.7649  
10190.98784  
10210.64558  
10179.72725  
10174.08615  
10170.47237  
10133.64183  
10147.31859  
10155.22089  
10162.70192  
10169.1215  
10195.92203  
10190.29383  
10112.16716  
10170.75707  
10303.38697  
10334.29155  
10225.31432  
10190.09306  
10195.09291  
10175.3026  
10203.38084  
10224.78148  
10285.47275  
10238.39639  
10190.1659  
10124.91739  
10216.23468  
10060.8138  
10054.80432  
10125.2756  
10073.90169  
10102.39657  
10076.01271  
10074.9524  
10107.3584  
10109.43158  
10152.57721  
10149.30645  
10200.75224  
10183.04529  
10252.36941  
10257.14193  
10187.76097  
10258.76361  
10227.52108  
10218.94709  
10169.89924  
10216.9547  
10268.78479  
10240.00641  
10186.23436  
10232.83563  
10195.9155  
10142.32744  
10111.22323  
10189.76149  
10238.58647  
10163.70108  
10184.66427  
10225.63641  
10249.69788  
10266.97974  
10130.18689  
10192.45376  
10164.12092  
10213.99973  
10276.62215  
10170.8458  
10198.50695  
10142.35051  
10073.58513  
