10795.89726  
10792.82077  
10839.85309  
10759.33652  
10718.35862  
10652.11777  
10684.33454  
10659.67472  
10701.95265  
10787.96747  
10813.79352  
10780.07697  
10706.83045  
10731.09267  
10701.17683  
10750.19636  
10747.61427  
10770.11496  
10775.28324  
10747.75099  
10755.09555  
10703.94451  
10730.71294  
10697.70277  
10724.27694  
10732.97282  
10723.89137  
10734.70114  
10677.96766  
10678.82164  
10706.23681  
10760.761  
10734.7688  
10764.16203  
10828.46159  
10692.38369  
10687.72575  
10785.31584  
10744.69792  
10732.55012  
10799.14089  
10778.6603  
10828.17721  
10820.24307  
10784.1595  
10727.63409  
10697.72689  
10672.59688  
10707.49156  
10726.78881  
10781.4661  
10841.84908  
10747.79236  
10740.62979  
10705.46462  
10778.65717  
10795.8078  
10725.72853  
10802.82424  
10689.79969  
10663.18355  
10672.25287  
10677.43182  
10711.52868  
10732.13046  
10771.83212  
10773.39811  
10723.89409  
10757.74202  
10729.8587  
10720.12359  
10786.78616  
10810.82312  
10836.26196  
10774.87009  
10776.27023  
10759.68296  
10677.76443  
10737.22479  
10714.91319  
10732.49164  
10727.97546  
10787.82894  
10804.50313  
10775.11803  
10793.21115  
10747.26919  
10683.51805  
10665.44496  
10707.49333  
10717.20542  
10726.04497  
10769.90863  
10776.20547  
10744.22772  
10761.13467  
10769.18969  
10773.99179  
10694.99846  
10711.32254  
10749.71617  
10728.36631  
10750.28281  
10723.86061  
10874.87362  
10806.25585  
10678.45938  
10700.01574  
10675.1861  
10685.72485  
10739.3757  
10790.1793  
10804.47213  
10731.6538  
10718.76777  
10673.00181  
10571.38816  
10619.50822  
10648.83243  
10621.77107  
10652.56317  
10648.61231  
10662.14223  
10688.03446  
10681.31549  
10710.14615  
10754.81062  
10789.06504  
10858.55706  
10839.52985  
10776.38086  
10791.14923  
10866.56978  
10771.62744  
10797.71639  
10755.90477  
10679.96535  
10727.40923  
10718.31011  
10739.4197  
10753.69939  
10781.93972  
10827.06981  
10713.15972  
10710.8523  
10779.65642  
10767.82313  
10712.73453  
10723.35362  
10716.15725  
10715.42635  
10668.28928  
10733.44719  
10760.9932  
10733.52057  
10778.76394  
10744.86629  
10768.36504  
10727.46524  
10707.89538  
