10146.99473  
10152.38715  
10197.30408  
10203.1101  
10159.37959  
10163.06651  
10166.18145  
10135.02233  
10158.38996  
10183.28016  
10214.29955  
10180.18515  
10196.50901  
10242.12524  
10193.41612  
10184.74573  
10190.89232  
10206.91898  
10250.41369  
10222.65202  
10135.76471  
10185.61154  
10175.64884  
10165.36283  
10179.87493  
10161.31328  
10119.80199  
10161.45037  
10121.92774  
10159.56427  
10162.32521  
10147.84626  
10145.74353  
10294.05926  
10284.75578  
10240.57699  
10155.76851  
10118.21479  
10165.48912  
10196.5599  
10234.95566  
10203.75769  
10185.18172  
10185.43647  
10210.2377  
10184.06593  
10177.01451  
10133.17943  
10159.92662  
10168.88558  
10197.30828  
10199.24116  
10157.19896  
10167.5063  
10123.16382  
10173.11661  
10217.01196  
10178.06316  
10302.18364  
10286.99723  
10193.97044  
10129.7758  
10160.87633  
10144.33761  
10120.67574  
10147.16533  
10177.09669  
10171.66794  
10195.48054  
10162.81675  
10154.92271  
10193.54294  
10202.6102  
10246.83275  
10225.36973  
10235.85521  
10181.76543  
10176.95247  
10197.09123  
10195.66698  
10171.05198  
10198.19458  
10212.96496  
10248.08174  
10255.7698  
10215.62864  
10184.35886  
10159.57424  
10159.34599  
10145.14366  
10141.22547  
10145.42942  
10128.90715  
10174.85106  
10121.06361  
10140.16756  
10176.89496  
10192.55039  
10176.19991  
10197.88938  
10223.38909  
10135.02915  
10142.27145  
10293.90453  
10361.77752  
10307.68172  
10190.33985  
10194.47033  
10141.32341  
10145.9766  
10145.85398  
10249.39716  
10239.24469  
10190.16243  
10152.23827  
10241.27098  
10024.4559  
10047.25318  
10058.57746  
10024.1648  
10024.8459  
10010.96762  
10012.50253  
10032.80133  
10071.02982  
10091.65959  
10102.01134  
10131.14756  
10159.87315  
10226.53337  
10263.07869  
10238.73282  
10268.26386  
10277.92614  
10295.95736  
10228.71637  
10208.33481  
10230.43707  
10201.62167  
10177.82738  
10199.51149  
10217.85284  
10165.69611  
10153.17961  
10143.42795  
10219.93544  
10179.44282  
10178.13362  
10183.6822  
10246.72891  
10246.88471  
10115.57187  
10151.45988  
10158.60391  
10212.89831  
10235.9654  
10183.56789  
10126.36397  
10138.03723  
10103.23146  
