10784.3205  
10829.02336  
10850.50164  
10818.17488  
10767.80386  
10715.65568  
10694.87404  
10723.86269  
10779.70963  
10803.34646  
10869.85337  
10839.39276  
10807.63189  
10795.14029  
10786.11214  
10790.29444  
10818.65238  
10786.27734  
10781.92499  
10754.40439  
10828.30366  
10770.79273  
10806.96925  
10804.99097  
10813.51841  
10763.26645  
10696.74969  
10736.66607  
10708.55432  
10765.87325  
10796.33441  
10747.62172  
10687.29536  
10825.80784  
10909.62714  
10813.27642  
10696.94798  
10733.5367  
10739.4408  
10708.20703  
10833.75427  
10846.4281  
10877.95296  
10856.50116  
10801.35556  
10803.9981  
10774.36172  
10750.47673  
10732.73708  
10780.82247  
10884.30355  
10844.19533  
10822.33776  
10754.34707  
10750.80802  
10829.57243  
10789.45851  
10720.13657  
10836.07527  
10742.95666  
10642.2992  
10710.87655  
10776.00945  
10750.46125  
10744.8471  
10843.57206  
10830.61326  
10825.84351  
10800.30677  
10827.55657  
10849.3563  
10878.82322  
10846.24274  
10929.64888  
10882.48478  
10875.97144  
10838.36302  
10826.22844  
10777.01155  
10735.73001  
10757.41742  
10717.04837  
10799.65653  
10887.70134  
10838.46947  
10789.6927  
10803.51533  
10740.898  
10730.46481  
10758.65048  
10725.77034  
10744.1341  
10728.83017  
10799.0363  
10804.54085  
10828.47043  
10859.82339  
10861.06156  
10827.39105  
10743.66935  
10746.35648  
10713.96214  
10705.27908  
10903.50964  
10959.91487  
10841.03346  
10741.38204  
10689.77609  
10702.00099  
10749.54732  
10810.22273  
10927.15465  
10797.62388  
10801.91264  
10741.76104  
10744.54052  
10633.68024  
10668.99779  
10668.48093  
10621.99827  
10629.94205  
10650.27733  
10677.75533  
10709.88653  
10669.28833  
10719.40452  
10772.01745  
10839.29818  
10819.68483  
10922.55775  
10798.64829  
10817.42775  
10934.66511  
10854.80454  
10879.47557  
10766.89326  
10739.48058  
10853.08332  
10767.09638  
10780.89004  
10853.36265  
10876.31768  
10826.18848  
10731.58306  
10765.5763  
10817.54028  
10809.11864  
10775.86046  
10706.02353  
10772.97863  
10817.78138  
10711.03059  
10812.54028  
10828.36453  
10773.7381  
10823.53845  
10799.97946  
10773.37205  
10737.04164  
10735.82693  
