10947.50786  
10923.25139  
10937.72036  
10925.04452  
10829.86404  
10854.49389  
10898.26007  
10876.6194  
10954.29224  
11011.24661  
11022.22325  
10931.95561  
10907.68644  
10942.10347  
10930.13788  
10908.90378  
10926.36541  
10952.74631  
10989.19102  
10957.10936  
10859.9432  
10941.01457  
10958.66757  
10887.24996  
10928.25754  
10932.63954  
10882.04632  
10912.27284  
10898.48122  
10931.01206  
10912.02402  
10912.85046  
10893.56418  
10983.97211  
10976.30867  
10963.92035  
10905.29461  
10917.25064  
10883.93699  
10924.68404  
10959.89324  
10941.09446  
10970.95421  
10993.81826  
10956.56134  
10885.40844  
10905.72183  
10881.22494  
10898.99685  
10988.7398  
11027.79545  
11096.75128  
10961.89124  
10896.53838  
10845.79197  
10940.23129  
10994.05813  
10968.19391  
10983.86911  
11031.57322  
10890.04321  
10844.27229  
10901.15163  
10862.72433  
10812.6083  
10842.29258  
10865.73813  
10891.93131  
10940.52075  
10923.80358  
10886.77559  
10954.32559  
11011.16917  
11058.6333  
10929.19501  
11003.20838  
10911.19219  
10911.23501  
10909.45513  
10939.72852  
10892.96451  
10903.32494  
10923.34316  
10999.12357  
11028.33766  
11043.11566  
11001.21969  
10972.93963  
10958.88298  
10878.58115  
10892.36697  
10848.77357  
10844.33837  
10864.16522  
10830.93714  
10871.24408  
10913.64035  
10920.72413  
10863.28098  
10951.58383  
10995.20317  
10924.42128  
10924.77005  
10999.96033  
11105.86904  
10999.79279  
10896.8774  
10965.54132  
10940.46633  
10918.75206  
10891.52788  
10993.10941  
10911.59998  
10910.77418  
10870.17471  
11062.21569  
10831.06769  
10800.18662  
10832.56813  
10770.85542  
10776.84976  
10725.62357  
10717.558  
10789.00118  
10803.75477  
10835.79347  
10862.91073  
10898.81591  
10918.94885  
10941.76844  
10964.0409  
10931.87864  
10974.8029  
10946.2685  
10997.74306  
10897.89289  
10956.93626  
11024.19004  
10983.22814  
10972.18086  
10986.96884  
11023.19244  
10957.87111  
10847.48285  
10909.707  
10924.15186  
10920.34122  
10935.85218  
10996.19983  
10977.0259  
11068.49265  
10944.19272  
10978.58319  
10858.02527  
10941.9771  
10926.57555  
10863.31785  
10797.32971  
10857.49893  
10886.63145  
