10653.64027  
10685.67171  
10700.51548  
10695.21204  
10662.48472  
10615.65442  
10595.38372  
10590.45227  
10628.16432  
10666.6779  
10736.00777  
10703.23816  
10671.25456  
10676.07093  
10652.09265  
10647.55458  
10654.12188  
10674.55282  
10703.23479  
10661.46338  
10637.47602  
10630.74871  
10637.17125  
10641.63587  
10675.90224  
10650.05822  
10587.77623  
10618.91468  
10604.20216  
10622.29399  
10655.13351  
10646.79439  
10622.03264  
10745.29091  
10781.56824  
10677.5244  
10579.68516  
10591.87509  
10641.99748  
10623.24741  
10688.62318  
10709.69515  
10717.10028  
10719.61035  
10695.07878  
10697.61246  
10645.75357  
10619.8405  
10629.32269  
10629.79471  
10723.07897  
10718.91073  
10686.82465  
10637.35636  
10615.70816  
10677.54286  
10691.18264  
10609.91949  
10703.32807  
10684.34368  
10575.13821  
10548.25147  
10588.23869  
10590.17669  
10596.21747  
10660.67659  
10696.00191  
10665.54603  
10696.67524  
10682.82158  
10700.00696  
10714.62177  
10679.27013  
10761.60451  
10739.64566  
10735.06155  
10687.40143  
10671.764  
10655.77726  
10635.79282  
10629.77655  
10663.4758  
10707.83478  
10760.51364  
10749.51131  
10699.746  
10680.03638  
10615.37701  
10602.72052  
10596.6047  
10572.37895  
10582.3316  
10617.92134  
10672.81897  
10652.29081  
10686.92746  
10710.05729  
10683.36314  
10715.3376  
10644.20416  
10639.52295  
10607.418  
10610.7703  
10771.49388  
10829.69962  
10726.37612  
10619.40684  
10603.32375  
10595.91932  
10608.78518  
10636.60874  
10736.59871  
10673.24883  
10669.51303  
10613.72234  
10656.66376  
10517.41288  
10531.64887  
10542.33275  
10528.30885  
10497.28189  
10490.20154  
10529.31414  
10565.94944  
10580.70549  
10585.82486  
10608.42209  
10648.3179  
10649.45621  
10727.72411  
10695.55131  
10708.36838  
10783.12589  
10773.46158  
10789.62035  
10666.2826  
10615.72794  
10682.93092  
10629.75308  
10639.22061  
10688.27478  
10717.96591  
10683.54523  
10634.39263  
10618.84362  
10694.51533  
10699.96483  
10708.34276  
10654.06759  
10680.16688  
10691.44286  
10592.59463  
10674.28141  
10671.02641  
10621.99929  
10683.05691  
10649.46023  
10611.0291  
10626.65558  
10605.47042  
