12104.01861  
12034.01059  
12024.43963  
11942.56293  
11921.38832  
11871.64058  
11863.0995  
11866.86771  
11841.2952  
11903.66699  
11972.80335  
11925.18937  
11930.14772  
11930.07688  
11908.84472  
11903.56155  
11892.69915  
11896.48143  
11918.19966  
11880.65385  
11833.75076  
11865.82144  
11896.66777  
11940.84041  
11932.58522  
11973.9878  
11949.93966  
11956.93076  
11900.63885  
11860.57505  
11925.74775  
11977.04658  
11946.28017  
11930.39886  
12006.49241  
11822.08291  
11861.53456  
12005.20083  
11965.40667  
11933.0407  
11955.65315  
12082.20073  
12114.86163  
12056.11764  
11973.90543  
11938.77361  
11876.99769  
11832.81641  
11851.91318  
11970.68155  
12066.92585  
12087.63989  
12032.50924  
11978.94928  
11932.22779  
11980.69591  
12014.58205  
11933.00777  
11893.26917  
11831.06094  
11812.6457  
12006.28756  
11805.62311  
11778.28766  
11877.90334  
11910.16135  
11958.95063  
11880.72128  
12026.65117  
12018.20814  
11954.73425  
11971.16389  
11939.24045  
11947.10821  
11935.77128  
11923.72976  
11857.74295  
11858.40729  
11876.75901  
11901.65827  
11876.33776  
11899.17216  
11994.93013  
11939.25871  
12042.31944  
12040.84479  
12014.08337  
11974.6654  
11914.77382  
11836.34612  
11790.83047  
11776.18342  
11878.19051  
11864.08049  
11983.22142  
11998.81894  
12006.49293  
11903.63683  
11894.51254  
11938.50199  
11958.23472  
11964.63793  
12054.95536  
11904.37096  
11909.57015  
11907.63794  
11858.12609  
11893.37491  
11929.94237  
11944.93613  
11986.10195  
11973.55147  
12108.09077  
11884.85326  
11827.91643  
11915.97435  
11815.42742  
11812.00534  
11831.1051  
11806.94943  
11856.23992  
11835.21355  
11872.31233  
11871.77504  
11889.86069  
11926.1182  
11983.66898  
12002.94888  
11968.16487  
12006.08602  
11953.2842  
12051.29589  
12078.63459  
11919.10169  
11861.45208  
11884.08638  
11859.20402  
11875.64835  
11889.98478  
11937.0545  
11958.98749  
12011.05403  
11947.2976  
11869.70623  
11842.32788  
11872.66792  
11912.6365  
11933.21704  
12034.20726  
11940.28372  
11888.90433  
11869.63328  
11947.35592  
11923.50938  
11914.48699  
11945.95441  
11939.87186  
11931.33951  
11956.59862  
11978.07042  
