11151.07734  
11155.16602  
11233.17747  
11288.43249  
11215.74432  
11233.69231  
11274.9769  
11164.13053  
11149.51701  
11195.20488  
11165.23336  
11211.10309  
11330.15535  
11328.19594  
11297.12781  
11288.69173  
11293.1087  
11253.24907  
11240.14636  
11269.99183  
11272.41559  
11339.44265  
11305.77244  
11213.00988  
11260.02461  
11228.92162  
11172.05379  
11244.33527  
11191.94192  
11224.55012  
11186.76323  
11176.51272  
11253.58139  
11238.54015  
11309.80943  
11321.67253  
11199.42097  
11191.5672  
11280.54702  
11292.42265  
11316.00768  
11186.54932  
11157.09944  
11155.72849  
11197.89834  
11294.6372  
11233.76014  
11322.14129  
11313.79443  
11171.40504  
11195.62336  
11175.8323  
11235.55892  
11267.88658  
11211.94583  
11170.40001  
11253.10769  
11254.40191  
11345.58695  
11268.92015  
11201.40975  
11249.913  
11252.86701  
11242.38396  
11189.21135  
11209.9155  
11189.54135  
11171.60927  
11184.3449  
11176.74519  
11222.28543  
11231.36333  
11252.13359  
11266.29922  
11251.06252  
11260.48919  
11257.91194  
11276.23356  
11290.73383  
11307.72253  
11300.12417  
11267.81316  
11210.82541  
11252.85088  
11191.17663  
11156.15438  
11146.83238  
11103.95317  
11158.27084  
11183.69799  
11265.1018  
11238.81152  
11225.19554  
11212.38423  
11156.66915  
11189.1543  
11179.1574  
11218.57149  
11281.36949  
11287.63855  
11303.6756  
11181.10437  
11406.24518  
11345.5781  
11301.60242  
11196.64116  
11259.62122  
11291.59527  
11242.61103  
11202.29657  
11190.02558  
11176.25463  
11377.30282  
11262.74997  
11273.37462  
11235.72095  
11171.6853  
11128.82302  
11184.03855  
11189.44934  
11204.8986  
11148.07904  
11081.33295  
11082.77318  
11126.65273  
11142.90311  
11184.01589  
11208.18425  
11238.19738  
11274.38129  
11306.10208  
11228.65857  
11331.18676  
11354.10992  
11298.78091  
11291.5085  
11313.15684  
11359.58458  
11299.85741  
11186.49597  
11333.53907  
11192.15484  
11205.39507  
11278.60163  
11340.21823  
11222.34554  
11115.90043  
11202.24563  
11170.36005  
11259.57632  
11214.68876  
11138.93889  
11153.08356  
11232.93233  
11330.13861  
11313.22452  
11298.03091  
11235.44769  
11180.34652  
11158.65332  
