10686.70713  
10548.62783  
10550.89472  
10558.54398  
10558.53313  
10568.66387  
10651.80285  
10514.92349  
10518.05767  
10577.41273  
10626.60788  
10588.58092  
10693.96076  
10545.32063  
10664.86485  
10569.88955  
10601.84944  
10566.23577  
10579.11057  
10491.41461  
10570.744  
10563.19754  
10629.9685  
10579.01706  
10581.47439  
10618.46684  
10564.94201  
10619.617  
10634.50818  
10640.40492  
10627.18551  
10510.84214  
10580.04946  
10529.48019  
10634.11618  
10631.03633  
10675.89144  
10655.38118  
10604.22154  
10587.14239  
10691.89983  
10616.60071  
10651.4238  
10606.95211  
10656.82538  
10597.66498  
10549.388  
10533.00712  
10515.42652  
10615.96311  
10552.22458  
10508.44527  
10580.53731  
10581.53705  
10562.67754  
10487.67262  
10609.43295  
10562.1233  
10497.23279  
10596.401  
10589.41818  
10545.67721  
10512.97279  
10536.30225  
10657.4932  
10585.5697  
10613.04077  
10518.91403  
10600.86138  
10584.19393  
10575.3857  
10580.52293  
10556.83728  
10618.42483  
10641.82501  
10630.78718  
10680.4375  
10676.10807  
10630.41924  
10551.33621  
10673.19402  
10680.99861  
10563.65545  
10585.10433  
10548.20336  
10644.70444  
10546.57104  
10541.9183  
10523.49814  
10538.2424  
10589.65847  
10653.66435  
10665.71315  
10550.95004  
10524.23182  
10757.22151  
10613.94319  
10648.64033  
10576.76598  
10554.19899  
10527.75987  
10600.43721  
10607.11293  
10569.92778  
10504.27116  
10514.07471  
10603.9485  
10542.54317  
10548.45375  
10581.52865  
10492.58132  
10547.2513  
10582.60794  
10589.37778  
10568.29589  
10471.78488  
10523.31087  
10501.39744  
10608.17032  
10613.27183  
10526.62555  
10646.38707  
10601.94096  
10648.8941  
10524.95232  
10608.41487  
10568.84945  
10568.27184  
10572.23786  
10682.54642  
10660.66572  
10640.28546  
10632.14664  
10614.17514  
10690.85018  
10658.69106  
10669.94869  
10622.91412  
10588.21545  
10511.09238  
10517.99834  
10443.90114  
10505.10349  
10589.32813  
10575.47332  
10516.28899  
10491.94289  
10512.93006  
10627.75686  
10591.29835  
10560.23737  
10619.75574  
10614.83626  
10645.58178  
10662.19737  
10599.81774  
10633.96307  
10553.46437  
10584.29919  
10594.9435  
