10441.93168  
10280.13325  
10323.02751  
10385.52064  
10376.87577  
10355.64606  
10566.12136  
10374.45581  
10190.46335  
10348.38311  
10430.68375  
10246.54484  
10359.77823  
10456.86324  
10328.75365  
10281.57316  
10362.93097  
10385.28195  
10299.0263  
10348.44608  
10305.46848  
10353.58702  
10400.64807  
10305.79779  
10579.38266  
10292.96942  
10574.86961  
10283.97989  
10391.94608  
10610.67662  
10339.70842  
10379.69492  
10432.64346  
10288.76958  
10463.70679  
10316.1923  
10517.38993  
10530.41837  
10360.66798  
10436.20884  
10473.60851  
10670.72135  
10549.51549  
10287.79558  
10305.03554  
10286.712  
10334.92833  
10331.96682  
10276.345  
10278.49485  
10311.26161  
10284.72524  
10394.60087  
10506.86492  
10231.12249  
10420.57567  
10397.57403  
10240.49136  
10227.15012  
10602.34393  
10282.75748  
10208.76825  
10320.71737  
10251.46018  
10314.70962  
10582.81449  
10374.94272  
10243.52737  
10479.15362  
10225.52777  
10502.19286  
10212.99386  
10476.68972  
10248.28061  
10605.28109  
10318.88962  
10558.12916  
10372.55358  
10527.92418  
10274.24112  
10498.91029  
10269.51636  
10347.59168  
10401.75484  
10314.13136  
10301.93918  
10274.28907  
10506.209  
10269.01735  
10248.02724  
10278.16931  
10491.32974  
10322.13574  
10528.51396  
10231.37696  
10467.14981  
10537.37012  
10231.6545  
10421.27922  
10326.81588  
10431.88259  
10440.62012  
10258.16544  
10495.92443  
10228.01237  
10360.98094  
10256.38189  
10447.22364  
10255.89269  
10462.21681  
10219.95181  
10501.9936  
10224.93202  
10371.62541  
10384.82763  
10264.37012  
10425.87715  
10201.9201  
10265.54626  
10487.57402  
10275.3547  
10461.19769  
10415.37524  
10374.70012  
10392.32253  
10313.31181  
10327.94118  
10286.75203  
10492.08907  
10240.48748  
10440.01252  
10509.78101  
10446.77237  
10543.2732  
10611.11634  
10394.22076  
10551.45889  
10237.27451  
10351.59555  
10193.36742  
10118.67782  
10141.47299  
10173.29435  
10409.54706  
10529.48457  
10352.82615  
10273.28446  
10282.05443  
10375.25763  
10285.89082  
10310.9285  
10544.43239  
10549.73196  
10453.13671  
10504.12731  
10320.69085  
10415.52228  
10267.35643  
10413.3593  
10315.04111  
