11209.34702  
11017.62502  
10947.44891  
11109.56547  
10990.02115  
10964.07092  
11059.91054  
10917.57805  
10784.65604  
11075.6852  
11063.95954  
10950.81299  
11021.67103  
10984.86857  
11141.72949  
11000.13709  
11048.52171  
11011.38524  
11107.63279  
11105.29672  
11153.12634  
11019.93497  
11161.06129  
10998.52998  
11013.57966  
11039.53453  
11058.97633  
11054.35295  
11199.43178  
11103.74295  
11136.69189  
10961.38576  
11016.82042  
10910.86527  
11043.85142  
10966.07453  
11191.45033  
11177.34284  
11057.4046  
11284.06691  
11118.43393  
11276.54749  
11217.16855  
11020.09174  
11105.87568  
11056.68012  
10921.68312  
11018.74559  
11005.44226  
10943.67048  
10952.29532  
11021.79652  
11099.84456  
11008.44048  
10920.3447  
10933.10209  
11133.86136  
11101.34863  
10971.62855  
11028.42776  
11103.03874  
10916.15223  
10925.25552  
11109.21218  
10990.33244  
10974.91708  
11091.5111  
10942.0098  
11015.52637  
10927.93288  
10948.83555  
10947.00427  
11018.86777  
11164.77433  
11207.07275  
11198.82159  
11303.60279  
11000.60539  
11047.91217  
11105.09008  
11050.05705  
10994.2838  
10982.04922  
11139.26702  
11031.57834  
10985.5241  
11090.95711  
11075.54591  
10967.28282  
10972.3527  
10943.1127  
11127.77498  
11158.28957  
11086.77773  
11006.45839  
11078.7731  
11062.25349  
10978.77369  
10910.2838  
10929.9867  
10978.46884  
11125.7817  
10954.93394  
11127.07202  
11131.68861  
11022.84153  
10929.92935  
11021.17974  
10977.20084  
11072.33787  
10955.28909  
11063.48413  
10987.20638  
11079.42052  
11053.57034  
11006.26755  
10961.23815  
10933.67957  
10988.74056  
11074.00115  
11002.71152  
10999.1662  
10990.46347  
11150.62127  
11015.52095  
11131.21513  
11004.43204  
11103.12773  
11119.2383  
10996.86602  
11051.68859  
11154.57666  
11171.60741  
11086.62583  
11058.88248  
11191.2608  
11258.58377  
11013.37633  
10908.45629  
10843.28535  
10831.14728  
10868.83104  
10882.80795  
11009.3214  
10990.89403  
11034.74954  
10978.55369  
10939.07573  
11017.72905  
11007.73378  
11046.37252  
11024.7498  
11030.6463  
11139.16198  
11229.695  
11060.80455  
11092.90197  
11134.38626  
11050.89778  
10967.26432  
