10022.19857  
9904.45013  
9874.138267  
9959.286039  
9878.619646  
9925.927256  
9904.933175  
9779.636722  
9815.498445  
9861.078212  
9895.209185  
9861.57284  
10035.25453  
9841.049046  
10011.27419  
9839.791442  
9925.253137  
9850.963372  
9965.678995  
9841.988015  
9940.063483  
9895.406499  
9932.862138  
9904.324762  
9819.767453  
9956.272471  
9834.984437  
9933.641113  
10029.61736  
9895.773739  
9977.691226  
9804.305124  
9892.985642  
9844.876797  
9918.104887  
10002.4727  
10029.20292  
10006.53487  
9957.029712  
9907.486432  
10012.29268  
9994.425331  
9996.627057  
9935.799057  
9963.985691  
9953.588736  
9791.660596  
9853.564883  
9839.527676  
9954.516522  
9847.003622  
9847.44675  
9940.176609  
9859.268582  
9870.36521  
9752.390151  
9925.369546  
9885.414104  
9828.770781  
9871.89575  
9931.159765  
9853.931893  
9785.225139  
9928.21048  
10003.19328  
9859.086339  
9929.897942  
9830.270217  
9877.652832  
9900.611273  
9821.027254  
9928.563722  
9827.515767  
9961.958877  
9965.166147  
9985.634547  
9969.795112  
9995.415018  
9956.244747  
9893.496914  
9983.325784  
9999.011494  
9812.650387  
9847.042408  
9830.534484  
9991.019562  
9863.762813  
9805.419586  
9885.035939  
9809.590055  
9877.759336  
9972.407898  
9968.964639  
9853.221901  
9923.052326  
10080.0282  
9893.565897  
9954.944232  
9789.378667  
9863.402919  
9849.176044  
9923.243943  
9933.3449  
9860.761307  
9885.675979  
9842.118507  
9961.887907  
9880.592964  
9940.581477  
9823.586318  
9823.781832  
9877.216236  
9939.60113  
9872.607872  
9866.175047  
9796.267277  
9788.87465  
9834.169624  
9957.692286  
9857.941995  
9819.923  
9927.14441  
9887.922831  
10003.49054  
9835.803881  
9940.098138  
9912.924677  
9896.918  
9871.670684  
9981.09686  
9948.428458  
9904.223886  
9943.230535  
9847.945004  
9955.417917  
9925.321313  
10024.8875  
9970.420961  
9848.870256  
9827.009412  
9862.084563  
9816.53775  
9892.983094  
9932.690883  
9866.101985  
9920.516775  
9845.933601  
9862.1332  
9983.594082  
9922.22891  
9918.705258  
9878.018887  
9887.136099  
9936.510649  
10007.96696  
9931.321525  
9922.658608  
9830.122635  
9914.383616  
9876.747521  
