9993.548132  
9950.099795  
9909.847444  
9965.600654  
9869.914198  
9902.450883  
9870.896851  
9814.223176  
9822.700652  
9852.850984  
9914.396132  
9908.582809  
10045.4282  
9873.577266  
9960.975568  
9839.138505  
9902.232304  
9861.751117  
9944.504413  
9863.549809  
9887.973126  
9883.631176  
9865.981228  
9898.210011  
9824.31996  
9901.610899  
9844.796197  
9916.621315  
10049.48244  
9896.792033  
9916.523284  
9811.873201  
9881.42154  
9870.245167  
9902.410201  
10005.69189  
10042.05575  
10046.41257  
9933.853597  
9846.874738  
9901.52143  
10031.57048  
10034.59163  
9944.782028  
9937.534397  
9968.114936  
9817.810303  
9856.603814  
9876.364185  
9963.261542  
9857.511086  
9823.04928  
9959.559059  
9874.416477  
9886.082293  
9785.362196  
9905.503124  
9902.867169  
9861.696266  
9865.243797  
9879.858964  
9883.142402  
9817.09333  
9895.379738  
9993.574544  
9840.587366  
9912.211991  
9852.988864  
9854.737101  
9912.908303  
9820.917575  
9934.560678  
9841.694946  
9916.210481  
9996.430935  
9969.249326  
9985.785595  
9989.245063  
9937.044275  
9897.215644  
10014.40376  
9989.064241  
9837.097114  
9840.270431  
9857.540894  
9961.821077  
9834.684652  
9833.370881  
9908.404044  
9853.07473  
9918.960097  
9973.25585  
9972.084767  
9881.682857  
9922.712719  
10028.56247  
9877.213266  
9913.576335  
9774.187224  
9881.185366  
9841.766511  
9914.374173  
9930.215775  
9859.816899  
9869.022158  
9892.100898  
9934.819874  
9870.366541  
9967.231301  
9827.814959  
9841.444833  
9865.036079  
9937.503052  
9832.355541  
9878.212954  
9802.397031  
9810.974469  
9872.148944  
9942.964346  
9856.612486  
9825.785486  
9903.309222  
9897.430827  
9968.738982  
9856.711394  
9890.731016  
9926.418226  
9852.160441  
9875.238724  
9970.819264  
9934.350455  
9883.153008  
9925.118865  
9841.983719  
9977.190398  
9926.46162  
10044.38253  
9942.90578  
9896.417969  
9884.571836  
9887.845097  
9860.912647  
9909.354809  
9927.843456  
9885.923376  
9948.098976  
9867.342638  
9846.213026  
9922.346463  
9868.895571  
9889.008075  
9863.51426  
9873.567225  
9907.196303  
9971.278962  
9928.965992  
9956.995122  
9853.300501  
9925.803186  
9882.482811  
