10349.49464  
10257.45203  
10239.03388  
10270.08506  
10223.52933  
10244.56025  
10271.90264  
10174.04226  
10179.77588  
10224.92323  
10280.12649  
10257.77103  
10378.45843  
10218.52656  
10322.43223  
10214.38904  
10261.49516  
10223.51351  
10270.38325  
10185.96687  
10238.5852  
10232.59769  
10258.29902  
10247.81363  
10213.12899  
10269.72611  
10214.60081  
10277.6191  
10349.90106  
10278.6473  
10281.45794  
10170.8032  
10240.17642  
10208.77126  
10278.15111  
10326.81471  
10367.53894  
10359.12618  
10278.0966  
10227.01218  
10307.39142  
10331.9914  
10351.34328  
10284.81532  
10306.90003  
10291.39739  
10193.48533  
10203.94605  
10204.53133  
10298.43262  
10214.25585  
10175.00938  
10278.43978  
10237.53245  
10233.52309  
10146.00809  
10266.9806  
10241.4041  
10188.05286  
10240.7029  
10244.22721  
10223.36298  
10174.43684  
10224.50211  
10334.50575  
10223.14586  
10272.09704  
10194.95044  
10237.882  
10257.62255  
10208.34715  
10266.27102  
10208.9302  
10276.80704  
10327.84951  
10308.95795  
10342.49874  
10341.9585  
10293.10169  
10233.11539  
10352.70146  
10344.38189  
10210.19464  
10222.7527  
10212.20541  
10312.49091  
10200.24793  
10197.21956  
10224.26317  
10204.91759  
10263.37277  
10322.65481  
10328.27231  
10225.3606  
10231.60091  
10402.73873  
10255.53404  
10291.04163  
10186.32226  
10226.78696  
10194.03337  
10266.67681  
10277.81161  
10224.46843  
10195.2311  
10211.49285  
10278.42647  
10215.53833  
10265.69688  
10214.85712  
10175.81222  
10215.36281  
10268.77313  
10221.09669  
10232.57987  
10146.13674  
10176.76884  
10195.27655  
10284.55661  
10245.16728  
10185.67633  
10284.88974  
10259.2063  
10318.00783  
10199.86214  
10259.27137  
10256.31534  
10219.89332  
10233.1572  
10336.30078  
10307.32316  
10271.95076  
10288.18718  
10238.51445  
10343.66434  
10302.47133  
10365.61921  
10292.09925  
10251.66532  
10206.2986  
10211.4373  
10160.28511  
10215.27981  
10267.52478  
10240.01659  
10239.87222  
10188.08331  
10188.58123  
10284.58424  
10239.85916  
10233.69339  
10251.85448  
10254.21889  
10286.36722  
10326.0749  
10273.45743  
10304.62731  
10212.84411  
10263.94978  
10248.341  
