10541.33333  
10496.47417  
10498.1246  
10590.03569  
10538.82225  
10474.69309  
10620.31321  
10644.95951  
10466.70798  
10442.54252  
10653.25042  
10656.47856  
10733.90189  
10673.4465  
10545.52549  
10523.6514  
10655.11594  
10550.12011  
10412.54819  
10455.4838  
10573.56245  
10581.15588  
10628.82012  
10504.65231  
10577.51718  
10472.50643  
10592.38088  
10590.66608  
10491.00602  
10602.80631  
10567.3937  
10572.11626  
10594.91101  
10553.40466  
10633.51668  
10526.09544  
10610.00791  
10630.31908  
10552.36393  
10644.4769  
10687.22963  
10578.57933  
10578.75453  
10687.23911  
10550.66871  
10643.75232  
10579.07365  
10553.54814  
10598.03782  
10573.6433  
10594.41437  
10596.24084  
10526.26184  
10503.27133  
10522.70004  
10474.03735  
10556.53683  
10497.98103  
10432.06146  
10523.89144  
10635.81207  
10578.99075  
10497.39559  
10550.17367  
10540.71199  
10563.4578  
10651.54145  
10651.81573  
10581.41482  
10475.17666  
10517.43153  
10581.69727  
10661.69325  
10673.12168  
10536.20403  
10549.77903  
10558.03446  
10515.05587  
10556.11906  
10569.95042  
10569.20473  
10473.29218  
10465.45098  
10567.90872  
10562.6076  
10493.31621  
10526.68688  
10531.73291  
10587.97026  
10530.80984  
10464.3149  
10492.62828  
10626.68352  
10675.17878  
10518.10998  
10583.11938  
10706.52095  
10529.05798  
10576.77837  
10510.59719  
10612.46958  
10721.16961  
10549.41755  
10572.14027  
10621.3904  
10549.15891  
10622.68216  
10649.6232  
10538.61145  
10628.6293  
10563.54239  
10567.04954  
10523.16039  
10523.6309  
10561.13994  
10554.31814  
10435.80108  
10422.86213  
10568.25002  
10614.39733  
10478.3702  
10502.86715  
10593.83795  
10618.07294  
10445.05276  
10474.18455  
10484.6506  
10504.97988  
10615.8155  
10473.75301  
10566.20172  
10648.24619  
10511.63122  
10491.65872  
10506.61832  
10538.38564  
10554.37897  
10561.98858  
10427.28435  
10513.59027  
10696.87011  
10646.83774  
10657.36119  
10582.62578  
10588.10934  
10528.32897  
10512.45386  
10617.91001  
10576.4747  
10574.21181  
10531.91784  
10526.15217  
10594.13859  
10478.39358  
10539.96123  
10554.91185  
10634.58002  
10563.9805  
10659.21883  
10525.01441  
