11469.66273  
11426.89087  
11492.99374  
11372.31024  
11300.1389  
11407.14469  
11468.5642  
11475.16509  
11403.64805  
11469.44944  
11456.97926  
11414.8057  
11599.34589  
11505.11398  
11394.98532  
11504.26848  
11454.51955  
11353.27167  
11286.0545  
11333.2293  
11404.43533  
11522.71227  
11363.83138  
11363.30561  
11383.3698  
11354.97823  
11351.13474  
11381.08475  
11364.08701  
11421.9367  
11328.81719  
11421.65413  
11533.07439  
11437.20285  
11551.90241  
11463.79403  
11571.23468  
11550.01997  
11479.54377  
11567.87338  
11464.40127  
11478.32313  
11470.25053  
11434.68758  
11431.67293  
11513.39896  
11536.4471  
11550.15948  
11434.86189  
11504.75228  
11336.2638  
11438.66456  
11327.57953  
11370.53142  
11363.9776  
11276.02984  
11379.94014  
11256.98195  
11225.03856  
11410.82853  
11469.22947  
11547.94107  
11373.92302  
11384.63474  
11400.62545  
11463.06356  
11612.51948  
11555.56373  
11517.02027  
11406.66428  
11386.2607  
11556.6128  
11410.23047  
11412.50761  
11412.02549  
11354.21723  
11520.49091  
11384.36504  
11431.4455  
11395.09726  
11307.03008  
11356.09212  
11385.16436  
11480.49263  
11499.65909  
11416.34181  
11533.95545  
11383.03332  
11527.08817  
11441.70845  
11475.77932  
11447.86946  
11388.04075  
11381.44793  
11250.55369  
11430.78158  
11475.87029  
11358.02595  
11318.67627  
11361.72423  
11413.97384  
11476.03526  
11421.79954  
11485.89672  
11516.16725  
11439.67015  
11480.20157  
11436.69089  
11394.47735  
11544.64541  
11587.0354  
11505.7599  
11448.42177  
11467.98225  
11370.87977  
11358.08433  
11223.21733  
11216.92447  
11445.24213  
11508.77812  
11496.70963  
11501.42476  
11422.2073  
11439.58884  
11431.43637  
11325.80944  
11415.40247  
11442.77019  
11355.68872  
11373.73907  
11467.4377  
11479.55631  
11420.0024  
11318.50198  
11333.91948  
11449.21235  
11370.29398  
11376.18902  
11349.98046  
11379.81493  
11405.81835  
11441.04455  
11448.31759  
11437.64174  
11388.86046  
11389.72368  
11435.23796  
11414.29863  
11374.70565  
11302.89393  
11355.14541  
11506.69507  
11478.24852  
11406.43279  
11515.20358  
11579.33375  
11478.28309  
11508.4531  
11461.06994  
11406.42467  
