9567.110201  
9484.372502  
9545.218609  
9513.566087  
9595.258836  
9454.43442  
9473.460703  
9561.167208  
9492.444486  
9482.70613  
9437.913847  
9495.61869  
9608.536668  
9531.026377  
9517.212646  
9468.884052  
9391.913546  
9570.141573  
9474.030527  
9553.825909  
9540.321646  
9587.075008  
9562.777607  
9579.621676  
9549.548969  
9582.612032  
9501.346501  
9555.518339  
9532.938467  
9528.06404  
9496.630756  
9491.589656  
9566.724084  
9559.14824  
9553.36945  
9560.320763  
9555.008  
9613.785494  
9574.618202  
9578.240234  
9573.694336  
9607.018076  
9552.887254  
9558.202571  
9559.288264  
9501.625207  
9536.512911  
9491.26893  
9451.740845  
9499.743558  
9482.662626  
9552.717539  
9495.000554  
9548.883301  
9522.154823  
9503.568143  
9578.646062  
9504.218835  
9531.74831  
9532.794049  
9470.012611  
9544.026377  
9447.865291  
9516.298227  
9584.107685  
9563.917077  
9557.031823  
9536.939012  
9567.251559  
9499.337365  
9526.433829  
9519.835562  
9555.770667  
9571.725257  
9536.083787  
9461.534452  
9503.244751  
9445.60914  
9477.532987  
9553.33266  
9486.873714  
9510.977361  
9468.516038  
9474.701407  
9570.459229  
9504.903602  
9424.466271  
9562.534283  
9562.601224  
9551.026039  
9533.713341  
9476.354549  
9530.505099  
9572.529156  
9494.751925  
9512.791767  
9544.57313  
9470.615206  
9535.70889  
9595.716572  
9503.25524  
9498.638202  
9551.353253  
9470.210139  
9552.103065  
9535.925969  
9532.012592  
9571.438467  
9509.719529  
9501.804143  
9516.399179  
9525.186852  
9553.454787  
9500.32636  
9485.181612  
9549.566951  
9448.642897  
9445.889771  
9538.428673  
9550.698336  
9528.866267  
9531.016057  
9480.799129  
9554.277963  
9472.162062  
9510.186157  
9589.30896  
9527.03295  
9551.098135  
9521.085891  
9485.616981  
9504.317627  
9458.064838  
9466.702148  
9538.854154  
9509.186495  
9559.985286  
9545.434861  
9482.533072  
9510.32713  
9567.888719  
9523.098483  
9575.718656  
9575.052903  
9511.910119  
9567.400165  
9493.929857  
9482.258827  
9537.147405  
9466.106765  
9514.370718  
9486.677622  
9488.589449  
9497.618436  
9444.823533  
9506.452731  
9507.242864  
9633.262949  
9546.676101  
9595.082501  
