10818.23219  
10762.05362  
10793.89219  
10803.98904  
10821.01842  
10784.4628  
10798.19675  
10777.96291  
10801.91603  
10754.82833  
10736.83181  
10875.2543  
10780.6133  
10736.10708  
10849.45916  
10763.67299  
10863.7024  
10791.982  
10772.80293  
10808.71699  
10808.52624  
10807.09873  
10852.242  
10796.77258  
10783.39478  
10777.60112  
10791.53858  
10788.86991  
10841.75436  
10762.27733  
10816.72607  
10792.72022  
10759.50277  
10835.89511  
10774.61379  
10825.93059  
10755.37183  
10810.28064  
10831.90274  
10800.58676  
10843.23521  
10803.80853  
10824.67054  
10853.14321  
10831.29326  
10837.97354  
10862.17717  
10800.96837  
10810.86798  
10789.57481  
10803.48317  
10769.64672  
10786.98394  
10838.13358  
10776.89806  
10825.11807  
10822.43565  
10733.90377  
10778.61485  
10753.45198  
10810.22867  
10769.25962  
10774.8581  
10773.3311  
10781.2215  
10793.57468  
10786.07039  
10827.75854  
10791.74916  
10814.20122  
10782.53271  
10785.00212  
10814.8164  
10796.97091  
10807.15786  
10815.65424  
10788.39854  
10770.98554  
10791.53746  
10770.41563  
10849.15736  
10821.73857  
10789.76449  
10810.25286  
10773.67114  
10819.35491  
10772.26135  
10824.6474  
10778.85144  
10843.92279  
10774.08835  
10762.6509  
10819.58614  
10788.33414  
10797.30504  
10787.11467  
10795.67249  
10749.80441  
10808.37025  
10784.16263  
10777.09747  
10814.97423  
10769.15659  
10774.24628  
10799.03166  
10822.81399  
10798.51615  
10796.14132  
10812.96239  
10764.8802  
10778.74902  
10834.00764  
10833.74665  
10812.73787  
10845.34881  
10843.74067  
10742.0344  
10788.18646  
10775.55515  
10791.38367  
10808.17299  
10778.9364  
10799.02786  
10822.75514  
10769.0259  
10800.39548  
10788.53879  
10760.76808  
10859.75773  
10788.20446  
10752.06694  
10793.69962  
10743.79956  
10810.20149  
10785.31642  
10805.99249  
10825.02074  
10819.69327  
10787.58338  
10800.58791  
10794.23564  
10763.25888  
10812.85258  
10767.85722  
10782.22136  
10810.68487  
10810.768  
10836.28728  
10804.27985  
10790.70981  
10780.04708  
10782.04442  
10811.51934  
10791.25383  
10773.15336  
10805.6927  
10784.26909  
10800.51724  
10829.37324  
10793.17493  
