11204.38998  
11185.1629  
11163.09213  
11197.64412  
11138.78381  
11217.2846  
11191.05892  
11136.35327  
11135.58004  
11161.57048  
11187.72121  
11181.76796  
11182.26009  
11256.23148  
11206.39294  
11159.29759  
11188.14237  
11168.05353  
11165.66343  
11208.85307  
11241.44765  
11193.79525  
11148.2693  
11180.34143  
11184.34024  
11172.24329  
11218.92364  
11220.3157  
11153.51911  
11194.81862  
11202.7364  
11172.78892  
11208.91639  
11190.26231  
11121.28629  
11167.37533  
11188.25233  
11225.09431  
11217.55672  
11204.33298  
11203.57706  
11204.8022  
11162.00274  
11148.70008  
11142.93187  
11134.38972  
11195.78929  
11178.82946  
11178.56646  
11167.2322  
11172.41668  
11161.41478  
11182.50198  
11190.93916  
11208.49194  
11181.22644  
11182.34214  
11160.19892  
11209.89767  
11196.44256  
11185.47581  
11168.86123  
11193.16394  
11184.1899  
11201.63441  
11197.95218  
11169.24087  
11122.85144  
11159.76627  
11190.0156  
11199.49391  
11172.41238  
11174.79191  
11165.38202  
11152.70227  
11176.69801  
11200.66435  
11234.00965  
11158.96759  
11130.15439  
11210.38458  
11193.78717  
11141.19988  
11202.84375  
11225.6444  
11196.8368  
11216.217  
11224.62407  
11207.98081  
11202.52909  
11182.02554  
11209.61303  
11189.70468  
11174.11409  
11145.83318  
11191.87109  
11210.50527  
11174.30576  
11184.99072  
11198.60266  
11191.68717  
11169.32952  
11166.64122  
11157.75153  
11211.44399  
11220.2787  
11175.05161  
11163.03777  
11179.46496  
11215.71461  
11198.09089  
11173.39315  
11115.51934  
11168.92322  
11185.74365  
11193.76377  
11187.17573  
11206.3318  
11132.44809  
11123.69102  
11145.85113  
11227.7117  
11212.67529  
11174.51989  
11188.3462  
11201.08422  
11191.19059  
11195.08306  
11190.75605  
11192.05168  
11172.09298  
11185.15705  
11199.40043  
11232.07099  
11186.43337  
11178.74018  
11256.39195  
11184.91423  
11213.22861  
11160.20874  
11129.57709  
11160.0305  
11163.64275  
11208.96688  
11208.42222  
11223.86424  
11167.00587  
11173.6111  
11173.77693  
11147.19479  
11131.303  
11154.28567  
11231.86789  
11256.86989  
11229.32493  
11206.1026  
11169.25232  
11162.61926  
11172.28491  
11114.10309  
