10790.37929  
10770.33993  
10669.37288  
10672.68449  
10640.50889  
10763.39023  
10877.03659  
10620.3586  
10586.0572  
10632.92032  
10775.80189  
10799.47572  
10712.76924  
10737.3041  
10833.67412  
10725.73056  
10650.79648  
10757.21938  
10805.18012  
10741.17359  
10680.83483  
10751.64105  
10708.82525  
10690.92839  
10784.31798  
10723.04045  
10635.63212  
10767.44698  
10700.46489  
10709.48289  
10803.55315  
10856.69302  
10687.90118  
10799.66129  
10694.96939  
10683.05664  
10736.63044  
10770.27035  
10759.77507  
10732.01201  
10767.96987  
10706.65416  
10692.39875  
10733.97319  
10680.82997  
10645.45561  
10642.05609  
10683.64417  
10736.2682  
10743.23031  
10647.19956  
10672.57758  
10817.82043  
10816.64599  
10659.74837  
10673.28551  
10754.33242  
10704.61243  
10697.73923  
10705.63451  
10625.9971  
10735.12147  
10778.9945  
10702.29989  
10672.54247  
10719.56726  
10798.6762  
10718.47976  
10672.59206  
10714.73241  
10756.60662  
10709.64792  
10606.89606  
10676.58226  
10774.89626  
10718.10997  
10672.76511  
10680.50533  
10768.11116  
10687.14548  
10673.47591  
10812.45793  
10738.6036  
10699.3051  
10790.43864  
10768.43349  
10675.25114  
10689.14667  
10767.64601  
10795.56563  
10723.90086  
10658.10824  
10718.68771  
10756.41554  
10723.77471  
10679.93404  
10723.8311  
10819.0803  
10776.97132  
10695.56271  
10680.9745  
10781.22277  
10763.65143  
10727.13706  
10666.21097  
10712.26144  
10758.82959  
10749.74231  
10779.86788  
10793.48015  
10714.11379  
10787.82718  
10755.20611  
10636.70472  
10706.84041  
10775.04397  
10733.97829  
10657.02851  
10758.0401  
10699.04888  
10717.68538  
10759.96286  
10746.96732  
10689.56294  
10679.92557  
10701.78718  
10798.80178  
10756.16795  
10733.03365  
10732.10085  
10730.46837  
10671.03875  
10666.8113  
10695.85751  
10739.38257  
10783.74333  
10780.96863  
10825.75116  
10717.65142  
10749.83121  
10741.51378  
10686.37268  
10763.80024  
10847.86506  
10751.25405  
10669.09844  
10726.22247  
10720.02813  
10668.8204  
10713.55077  
10755.79036  
10710.77213  
10729.72805  
10729.97482  
10793.92688  
10752.04837  
10664.50309  
10598.76588  
10743.01179  
10717.96501  
