11125.81195  
11043.32407  
10983.14232  
11018.13256  
10939.70452  
11021.738  
11106.73723  
10932.04366  
10913.83042  
10970.18964  
11106.26026  
11056.4166  
11002.70677  
11042.01368  
11098.74735  
10971.44548  
10985.78507  
11094.63185  
11051.31414  
11014.19056  
10996.91696  
11030.83721  
10989.30423  
11005.88346  
11080.84999  
10990.45829  
10945.30486  
11071.83433  
10975.49712  
11016.43176  
11115.47715  
11075.45948  
10983.12212  
11141.77459  
10960.46229  
11004.46207  
11064.46737  
11078.16814  
11013.54264  
10997.32002  
11027.05823  
11010.36111  
11027.69597  
11044.01292  
10952.17832  
10935.51736  
10951.85939  
11021.98332  
11060.01432  
10992.72426  
10972.03536  
11027.1812  
11113.82873  
11032.74295  
10958.63305  
11003.81049  
11042.26757  
10970.95644  
10987.87706  
10982.81792  
10947.51151  
11042.52265  
11046.3558  
10978.88084  
10997.60895  
11059.07655  
11087.8536  
11007.86092  
10966.08778  
11007.09932  
11067.47603  
10973.6441  
10919.97814  
11013.11059  
11099.53226  
10976.60492  
10968.70195  
11012.74068  
11046.82611  
10971.64529  
11003.03901  
11145.95465  
11006.06863  
10998.84974  
11083.56365  
10999.99635  
10962.79443  
11008.98064  
11091.40854  
11049.61804  
10996.41725  
10973.18507  
11046.66293  
11051.4419  
10981.70469  
10991.88354  
11064.14002  
11095.6072  
11019.85034  
10980.82041  
11001.17941  
11095.15307  
11021.6878  
10999.91378  
10980.44742  
11035.11276  
11018.47671  
11020.61432  
11045.91849  
11059.4299  
11035.37135  
11105.64935  
11015.30299  
10982.17839  
11030.96177  
11037.97173  
11003.24059  
10990.80693  
11076.93511  
10995.44153  
11004.90015  
11043.86517  
11006.08734  
10984.17986  
11031.99224  
11053.51046  
11096.99759  
10998.50719  
11011.75279  
11003.94463  
10996.56919  
10965.57251  
10950.52439  
11023.12268  
11099.90351  
11096.20515  
11080.41891  
11048.77822  
11044.77608  
11070.3681  
10992.8044  
10993.1316  
11073.53145  
11100.437  
10984.05187  
10976.71791  
11055.07777  
10991.46291  
11001.12339  
11055.06288  
11024.65533  
11002.40063  
11014.50279  
11031.25519  
11101.00884  
10996.75971  
10970.38288  
10948.3973  
11039.75485  
11012.82702  
