10703.73135  
10645.8367  
10565.60158  
10586.83948  
10625.87558  
10747.8535  
10744.20246  
10624.07035  
10568.90538  
10571.99169  
10719.16822  
10679.64565  
10655.12168  
10734.47661  
10715.11299  
10613.32113  
10604.60009  
10662.88841  
10694.38509  
10706.40571  
10656.7874  
10691.25007  
10689.54783  
10690.21678  
10696.70987  
10683.11093  
10641.87705  
10689.38676  
10681.60212  
10663.24288  
10737.71942  
10743.55646  
10729.22847  
10762.15423  
10731.87478  
10712.59426  
10755.17443  
10798.63151  
10669.53825  
10696.513  
10694.35423  
10627.20936  
10565.06243  
10554.32203  
10594.8641  
10583.29935  
10535.68976  
10586.54277  
10638.38003  
10622.34175  
10625.83203  
10656.68895  
10735.57901  
10745.2021  
10675.21887  
10663.68887  
10666.22377  
10633.65059  
10663.03568  
10628.37943  
10608.99763  
10609.32708  
10690.23993  
10628.0601  
10635.55065  
10655.85746  
10662.91027  
10699.37057  
10722.7878  
10616.08739  
10618.2134  
10579.43688  
10529.14195  
10582.52869  
10661.96134  
10662.56732  
10616.65716  
10645.91814  
10657.08701  
10640.63996  
10714.29319  
10804.1669  
10791.37699  
10781.6215  
10704.32227  
10611.23213  
10606.37796  
10651.1507  
10652.04233  
10653.06426  
10662.03899  
10640.51839  
10642.85952  
10651.05375  
10666.17722  
10645.56217  
10727.20565  
10746.98177  
10724.63396  
10672.3954  
10678.18271  
10713.43848  
10711.44478  
10705.81735  
10663.28877  
10642.51251  
10653.77192  
10658.94909  
10763.08477  
10676.88788  
10656.25586  
10721.55621  
10680.09227  
10679.20184  
10696.77785  
10696.37152  
10581.5503  
10603.82926  
10676.62039  
10630.27726  
10638.70563  
10678.74266  
10674.16536  
10619.11013  
10617.08762  
10638.30523  
10721.29763  
10676.71243  
10647.25634  
10678.66182  
10701.84834  
10604.92923  
10634.01059  
10659.83528  
10696.9027  
10681.23736  
10872.38123  
10754.16204  
10688.72869  
10712.31872  
10736.59757  
10797.99331  
10753.17573  
10728.9527  
10664.83594  
10598.61356  
10588.88072  
10600.80969  
10592.57104  
10629.27923  
10680.69371  
10711.63459  
10767.13727  
10708.65231  
10640.02742  
10606.42424  
10606.30746  
10590.99393  
10623.2346  
10615.8553  
