11964.2612  
11915.02531  
11776.68322  
11791.29229  
11732.50195  
11869.73025  
12022.36449  
11732.75194  
11674.73682  
11745.35545  
11905.60835  
11907.97463  
11790.311  
11848.43301  
11941.78352  
11850.742  
11739.44777  
11900.3328  
11901.21947  
11850.60559  
11794.7531  
11865.70528  
11797.77632  
11830.49425  
11894.48185  
11841.51701  
11752.9112  
11865.98535  
11809.475  
11825.14042  
12025.41764  
11966.91115  
11779.45687  
11982.00093  
11848.7095  
11833.99474  
11896.23152  
11916.74644  
11866.6611  
11846.06663  
11855.67726  
11790.022  
11853.73223  
11829.36709  
11769.35489  
11698.86243  
11741.54669  
11767.49825  
11909.99705  
11883.01351  
11711.80308  
11810.62068  
11956.83839  
11936.43876  
11737.56902  
11802.95713  
11877.18403  
11859.61596  
11765.73271  
11776.7439  
11709.85022  
11849.36052  
11879.89496  
11842.53364  
11750.51608  
11884.13749  
11876.5921  
11854.92444  
11765.71516  
11882.94298  
11873.41112  
11805.09112  
11697.30691  
11791.1201  
11901.10517  
11844.2354  
11739.8331  
11795.5355  
11829.79747  
11787.06649  
11809.15386  
11978.57779  
11874.78283  
11849.49241  
11973.53698  
11907.68479  
11780.67028  
11821.60071  
11925.69538  
11918.86279  
11784.90628  
11738.95196  
11832.82913  
11838.34337  
11862.77815  
11759.37689  
11875.07023  
11881.13351  
11881.21398  
11818.9261  
11833.47445  
11937.23688  
11893.34503  
11821.68908  
11762.52142  
11837.71788  
11860.15737  
11861.06831  
11941.13396  
11940.71825  
11820.72321  
11915.69868  
11890.92219  
11759.91961  
11850.77933  
11893.38059  
11846.09087  
11790.57285  
11836.94697  
11798.59975  
11804.97042  
11880.01559  
11823.01525  
11854.90397  
11803.40515  
11880.11454  
11960.28005  
11923.33161  
11869.05752  
11843.50855  
11820.44651  
11783.51027  
11758.0779  
11780.72299  
11899.9089  
11845.77167  
11875.06763  
11927.52186  
11828.73942  
11880.87569  
11832.80585  
11770.89486  
11960.02597  
11987.36235  
11905.04476  
11749.81548  
11867.90738  
11850.68408  
11774.35879  
11844.66148  
11871.11752  
11799.33737  
11801.97144  
11863.83356  
11910.10265  
11891.3739  
11761.99945  
11700.37207  
11840.45679  
11887.9343  
