10719.48357  
10826.4889  
10735.15243  
10691.01365  
10666.41257  
10768.14589  
10853.05603  
10714.41971  
10670.2363  
10644.05111  
10723.10421  
10824.07135  
10778.87251  
10736.68733  
10736.903  
10777.86961  
10691.83605  
10678.88957  
10819.45534  
10757.57768  
10693.03626  
10736.25004  
10778.6705  
10710.9873  
10698.08727  
10803.57109  
10708.25952  
10713.65649  
10793.05178  
10765.49051  
10715.55442  
10852.06917  
10760.85911  
10724.08501  
10768.33654  
10715.74549  
10725.83469  
10750.30633  
10792.64986  
10814.76651  
10805.08607  
10750.7906  
10657.19255  
10679.36131  
10757.78925  
10732.74798  
10687.50465  
10696.29162  
10710.43117  
10777.57714  
10731.84664  
10632.0177  
10756.24421  
10850.92851  
10740.5418  
10660.21036  
10699.14879  
10777.16538  
10765.55852  
10778.38719  
10674.29516  
10689.26735  
10781.1538  
10761.11571  
10705.24462  
10671.59349  
10802.53869  
10774.80616  
10732.61945  
10713.02541  
10717.16523  
10759.36072  
10698.36962  
10680.57675  
10683.21466  
10801.19219  
10734.43895  
10694.6473  
10814.91579  
10761.24024  
10736.47186  
10695.11665  
10808.83176  
10720.20481  
10697.46543  
10783.13324  
10712.19826  
10665.75398  
10700.54842  
10798.44124  
10791.37958  
10700.37261  
10665.4774  
10732.52531  
10788.22466  
10735.75712  
10700.23612  
10770.63933  
10820.1436  
10737.94669  
10688.01666  
10699.80356  
10779.79221  
10786.70963  
10702.58596  
10687.21856  
10762.06434  
10799.91663  
10789.04868  
10815.29025  
10703.23717  
10735.19994  
10800.18901  
10703.08448  
10694.45175  
10734.525  
10747.77741  
10679.095  
10687.60465  
10784.54752  
10774.94982  
10734.60781  
10731.22194  
10760.1664  
10702.92513  
10701.51899  
10735.01204  
10774.84457  
10783.46748  
10781.78068  
10795.33161  
10716.4735  
10771.73043  
10769.75797  
10665.06702  
10767.47214  
10807.89846  
10833.34343  
10749.36058  
10682.63876  
10808.99125  
10697.3015  
10690.22069  
10733.57054  
10771.85326  
10720.68703  
10697.7887  
10737.04924  
10756.57006  
10669.22815  
10825.36875  
10784.36445  
10765.31232  
10722.15276  
10701.97596  
10754.62823  
10720.31529  
10659.58275  
10776.14816  
10744.89249  
