11669.55051  
11707.07612  
11569.53177  
11525.94392  
11490.95199  
11671.36539  
11802.15526  
11508.86386  
11468.71301  
11508.86021  
11628.78866  
11711.18331  
11598.44836  
11607.86876  
11687.79813  
11668.62487  
11520.29083  
11617.60282  
11723.15709  
11633.722  
11548.54033  
11652.33374  
11608.06531  
11576.66686  
11619.50664  
11656.22894  
11531.75639  
11623.09666  
11625.67273  
11606.73775  
11706.45811  
11751.11236  
11569.07735  
11683.37674  
11645.82898  
11588.09305  
11636.38954  
11659.22585  
11690.71541  
11646.18071  
11667.29177  
11596.823  
11587.53267  
11586.31728  
11582.66033  
11521.79121  
11528.81022  
11536.12329  
11621.33133  
11696.27485  
11524.57106  
11516.77755  
11701.28831  
11756.34825  
11548.00847  
11550.46704  
11636.11331  
11661.87803  
11572.82738  
11566.63082  
11453.86885  
11588.47299  
11689.75951  
11621.59754  
11500.95023  
11587.8743  
11690.06328  
11620.07607  
11565.02673  
11629.096  
11587.60304  
11614.32443  
11494.26543  
11527.77711  
11638.84175  
11653.83877  
11548.17535  
11563.22086  
11664.66367  
11567.70688  
11583.74034  
11673.52529  
11700.003  
11609.41859  
11702.59323  
11716.32595  
11577.82286  
11552.56743  
11634.27585  
11729.70631  
11592.90798  
11525.7912  
11556.14077  
11626.66864  
11654.38909  
11554.6676  
11577.51996  
11677.93708  
11700.44103  
11592.93271  
11574.7761  
11655.56167  
11704.87095  
11618.06973  
11538.03536  
11565.30039  
11655.07452  
11666.99803  
11692.13571  
11716.21186  
11566.1728  
11640.58975  
11706.72472  
11533.71973  
11586.17728  
11657.75937  
11616.17274  
11523.8747  
11555.79436  
11614.96245  
11598.85882  
11634.93652  
11620.06769  
11642.60179  
11566.18143  
11589.87911  
11684.17596  
11731.2819  
11669.80024  
11642.70814  
11643.21333  
11545.05136  
11579.78236  
11581.55534  
11584.1881  
11646.90537  
11657.12519  
11727.3308  
11590.46902  
11613.14065  
11664.986  
11548.02295  
11657.45943  
11743.06185  
11705.56634  
11533.37698  
11595.78205  
11658.00143  
11572.60816  
11546.62766  
11688.54906  
11589.89543  
11577.7495  
11602.53414  
11643.23992  
11681.44617  
11547.85843  
11459.92717  
11650.94936  
11628.45955  
