10767.26576  
10800.98303  
10757.78352  
10770.94027  
10761.71122  
10733.93608  
10777.67824  
10690.67775  
10789.78856  
10709.45842  
10765.75959  
10709.80715  
10633.06625  
10769.8783  
10696.2235  
10694.67153  
10623.32856  
10656.56006  
10681.68315  
10650.68605  
10733.51564  
10671.57628  
10678.17308  
10707.12101  
10706.45263  
10672.71092  
10694.13784  
10717.44018  
10660.71455  
10668.90584  
10672.2643  
10619.7236  
10709.93865  
10644.51426  
10710.32565  
10764.6345  
10735.82317  
10759.46063  
10731.63924  
10688.99445  
10699.38207  
10794.34312  
10925.00173  
10776.92375  
10844.74564  
10828.79992  
10745.23888  
10792.24081  
10802.22947  
10799.02725  
10760.44994  
10792.10539  
10777.55825  
10757.35817  
10818.83191  
10761.42895  
10693.36149  
10675.50168  
10792.9285  
10769.59375  
10687.50484  
10729.04248  
10748.11347  
10724.45939  
10765.17394  
10748.66019  
10687.39415  
10651.69461  
10692.38321  
10764.73964  
10782.82036  
10739.41714  
10680.61712  
10733.49463  
10728.88323  
10660.1315  
10722.68858  
10643.43778  
10612.22545  
10819.31045  
10724.25125  
10727.46101  
10668.21028  
10627.0154  
10749.15499  
10806.79618  
10680.39444  
10712.10235  
10795.4038  
10795.02256  
10736.11211  
10663.75543  
10672.60164  
10769.6868  
10801.47857  
10711.9714  
10710.15869  
10758.00667  
10754.43832  
10695.04281  
10783.37758  
10620.654  
10736.49888  
10711.99399  
10672.38096  
10664.55258  
10655.31758  
10631.38544  
10703.14413  
10627.84922  
10704.29772  
10647.27105  
10655.29187  
10666.69709  
10611.43975  
10619.50307  
10722.71244  
10790.61582  
10698.88008  
10695.92929  
10696.83465  
10713.86005  
10786.25869  
10758.10021  
10839.04361  
10883.90699  
10812.45582  
10897.49094  
10869.45457  
10743.63764  
10758.85781  
10750.24866  
10763.85664  
10710.17614  
10768.16597  
10738.60522  
10693.71347  
10633.08536  
10726.21744  
10677.1314  
10716.83839  
10722.5717  
10728.46623  
10670.78391  
10772.77451  
10711.92215  
10762.0946  
10676.54618  
10756.33328  
10622.80114  
10719.30589  
10750.84601  
10781.7238  
10797.60376  
10723.96974  
10667.18069  
10732.84444  
10662.25215  
10680.99756  
10684.82932  
