10960.0999  
10871.28522  
10907.36401  
10890.23769  
10737.65623  
10920.96848  
10842.07379  
10882.41717  
10821.1657  
10833.40677  
10809.89728  
10881.99373  
10913.56282  
10811.48937  
10913.7703  
10836.31438  
10826.62019  
10758.97286  
10885.10174  
10785.31566  
10924.55573  
10821.90323  
10889.81318  
10772.88849  
10930.73254  
10896.33053  
10869.23097  
10961.68019  
10872.95839  
10970.28843  
10816.05417  
10832.5441  
10932.0084  
10893.42555  
10929.97082  
10780.47368  
10941.85202  
10903.44177  
10817.43137  
10894.52341  
11038.91493  
10888.38209  
10809.89421  
10835.71711  
10829.04492  
10867.20199  
10944.18795  
10956.08589  
10790.58353  
10820.72032  
10828.57122  
10810.68203  
10827.90432  
10868.81364  
10811.50584  
10934.3189  
10973.35563  
10944.57588  
10767.94761  
10804.96666  
10848.57095  
10930.84255  
10972.9385  
10807.33723  
10810.95376  
10837.67476  
10832.91281  
10874.49836  
10937.16656  
10840.64489  
10777.22783  
10848.24478  
10946.97867  
10924.19668  
10872.07326  
10877.47647  
10908.52868  
10736.26356  
10869.41195  
10898.4799  
10842.73749  
10926.86335  
10724.80117  
10825.40221  
10874.2726  
10833.1525  
10890.3361  
10901.92921  
10850.51138  
10860.60828  
10868.8442  
10951.09945  
10968.12725  
10759.86551  
10817.04276  
10848.20812  
10900.56034  
10791.82286  
10889.15598  
10980.41038  
10797.19306  
10861.55566  
10912.81055  
10788.29958  
10946.31616  
10838.32479  
10966.32953  
10879.04508  
10860.40611  
10859.50372  
10844.00445  
10817.78257  
10868.4286  
10742.86601  
10859.97874  
10764.40936  
10925.83471  
10797.47088  
10928.60115  
10948.03663  
10837.85122  
10954.6384  
10823.17412  
10887.08887  
10944.62352  
10844.22336  
10860.53865  
10902.24936  
10818.30571  
10885.53949  
10917.64528  
10887.38847  
10907.21968  
10925.85967  
11039.36535  
10839.44956  
10919.58964  
10891.22095  
10783.18591  
10843.70864  
10792.09491  
10950.26308  
10842.81795  
10917.45244  
10820.51553  
10905.70106  
10828.50291  
10875.37175  
10772.47263  
10882.279  
10792.60283  
10845.02287  
10883.34339  
10836.20194  
10809.29401  
10851.01024  
10839.45787  
10895.496  
10862.7733  
10950.56625  
