12157.21938  
12180.56291  
12102.7414  
12135.29523  
12115.61171  
12246.52758  
12197.52644  
12084.60065  
12087.9534  
12136.45804  
12082.19027  
12139.73542  
11965.98641  
12041.2064  
12101.03792  
12067.28881  
12093.48758  
12168.23445  
12200.06415  
12034.65724  
12127.81828  
12170.57674  
12110.20657  
12081.82329  
12101.07969  
12200.10434  
12189.36043  
12183.41138  
12188.77718  
12211.89346  
12123.73257  
12065.4473  
12132.26814  
12106.6507  
12173.41628  
12163.69016  
12152.46112  
12101.893  
12071.30157  
12133.7707  
12215.74995  
12061.48004  
12160.51713  
12120.35116  
12095.76922  
12159.03769  
12209.53952  
12140.95238  
12102.0764  
12088.91202  
12134.18589  
12147.46093  
12069.37612  
12155.53032  
12191.27944  
12299.98123  
12227.81591  
12040.51349  
12007.58955  
12041.76802  
12093.70556  
12087.66946  
12043.99524  
12133.16577  
12143.8854  
12133.60109  
12136.78501  
12177.36942  
12162.53973  
12238.67056  
12193.41506  
12153.33075  
12126.68202  
12060.82922  
11977.9135  
11995.26615  
11949.01457  
12009.67168  
12075.0833  
12085.73072  
12066.6154  
12099.98259  
12131.04377  
12106.50236  
12111.95204  
12258.65591  
12140.57782  
12085.86161  
12120.45457  
12118.99728  
12123.69928  
12172.77911  
12184.69432  
12148.71586  
11991.59882  
12025.62233  
12085.71075  
12249.14439  
12276.00354  
12270.57847  
12268.32359  
12097.30147  
12110.33388  
11996.78043  
12032.60155  
12316.15753  
12196.31077  
12182.32051  
12140.49873  
12056.70783  
12083.61218  
12072.96527  
12076.93439  
12111.71713  
12198.58982  
12157.42116  
12198.73492  
12125.08176  
12122.7782  
12186.00683  
12189.23277  
12169.54451  
12129.97933  
12181.71593  
12197.08594  
12156.2721  
12187.69316  
12246.93377  
12184.48646  
12055.04204  
12059.13562  
12105.26267  
12200.97389  
12177.04059  
12236.95614  
12113.33338  
12073.03548  
12079.60937  
12004.61727  
12043.57022  
12159.52856  
12261.92223  
12279.38955  
12278.32385  
12254.22384  
12234.41948  
12239.21253  
12225.37498  
12128.4261  
12098.26951  
12100.94615  
12088.08992  
12026.23932  
11972.41995  
12017.40847  
12040.5584  
12071.08145  
12118.93567  
12097.88645  
12137.84866  
