11323.58674  
11323.19159  
11268.64897  
11309.48522  
11215.39183  
11267.30258  
11294.66035  
11287.39417  
11282.84559  
11247.60634  
11264.78827  
11265.83687  
11308.87301  
11240.38516  
11293.44754  
11317.36227  
11221.89709  
11200.98507  
11265.13771  
11199.87794  
11294.15799  
11240.89093  
11309.33789  
11208.00563  
11280.77319  
11263.37555  
11308.50353  
11323.70941  
11236.57674  
11364.81237  
11234.84068  
11259.558  
11345.52191  
11286.11445  
11392.55764  
11249.69067  
11381.41068  
11304.53646  
11247.95219  
11254.10712  
11391.9402  
11317.55379  
11184.78792  
11297.70632  
11214.91827  
11245.78499  
11317.4512  
11382.85864  
11270.05718  
11239.71578  
11225.72008  
11217.1824  
11246.14278  
11293.77008  
11256.78523  
11283.36025  
11363.67396  
11380.73877  
11230.50275  
11204.20132  
11257.62734  
11285.14632  
11356.2437  
11305.09655  
11238.17562  
11219.94503  
11198.58592  
11247.10989  
11318.87177  
11322.97225  
11218.65488  
11210.17469  
11303.61718  
11350.74124  
11250.5763  
11259.20232  
11287.77292  
11177.49547  
11247.29282  
11270.50868  
11237.23244  
11310.53492  
11243.03356  
11205.25233  
11244.88262  
11234.4173  
11234.35327  
11294.62478  
11328.34546  
11238.89124  
11292.38666  
11359.02778  
11372.41806  
11278.76289  
11239.9493  
11254.92764  
11271.06358  
11277.87953  
11272.30854  
11336.3839  
11287.23239  
11231.79546  
11316.88643  
11243.59743  
11298.3912  
11272.61615  
11352.49062  
11280.56943  
11351.54713  
11258.60272  
11272.74769  
11242.27265  
11270.19036  
11238.97779  
11243.93732  
11248.36487  
11349.06733  
11242.5548  
11281.09567  
11346.32738  
11246.90241  
11332.99429  
11285.64348  
11259.35808  
11289.75413  
11306.59612  
11249.02577  
11347.10871  
11233.48004  
11256.60498  
11313.1037  
11303.03213  
11357.68496  
11338.37633  
11419.8649  
11245.54083  
11327.4847  
11293.22043  
11269.13011  
11258.01152  
11251.38796  
11285.90625  
11283.41973  
11295.61399  
11293.96749  
11307.6875  
11275.99098  
11292.13916  
11220.67164  
11240.89665  
11312.42552  
11221.49843  
11235.40708  
11292.31506  
11182.63587  
11248.59924  
11259.33862  
11244.65979  
11336.23338  
11314.83307  
