10942.3479  
10805.44567  
10796.25461  
10807.43706  
10709.47668  
10855.33813  
10818.65667  
10754.33874  
10643.50245  
10814.2356  
10699.38403  
10800.22077  
10772.75531  
10730.77112  
10893.16007  
10816.36254  
10848.44994  
10769.21123  
10792.85808  
10736.48961  
10789.85734  
10838.71207  
10771.7414  
10746.31751  
10837.94239  
10831.90951  
10815.32291  
10826.84224  
10909.0137  
10876.69631  
10833.05744  
10866.45398  
10839.75897  
10860.80646  
10895.85174  
10760.1336  
10727.90282  
10790.92553  
10783.7517  
10915.38434  
10951.70949  
10781.21717  
10741.18117  
10708.93341  
10737.4505  
10793.00898  
10914.37556  
10856.97374  
10743.82702  
10736.32952  
10782.73657  
10715.89941  
10732.06574  
10866.4768  
10816.87262  
10865.31424  
10910.41929  
10824.45164  
10677.05529  
10734.99946  
10856.38278  
10911.78066  
10882.72825  
10745.56211  
10660.96685  
10662.29954  
10646.64407  
10781.79219  
10822.64222  
10733.91546  
10718.29739  
10723.13786  
10789.83979  
10876.82114  
10876.33046  
10834.3224  
10710.00031  
10695.94591  
10833.97396  
10843.03275  
10823.36024  
10872.8726  
10756.94299  
10811.49328  
10825.05748  
10790.33941  
10820.49503  
10848.48644  
10744.5382  
10731.58086  
10823.74288  
10827.07626  
10824.4932  
10727.66737  
10714.64305  
10792.56122  
10854.39922  
10725.93192  
10786.90939  
10898.19355  
10807.59596  
10767.33069  
10829.34611  
10738.6982  
10853.30964  
10838.69859  
10933.99474  
10919.23353  
10742.42666  
10745.53604  
10732.40516  
10744.52563  
10810.68944  
10735.40951  
10913.58729  
10799.37564  
10795.65599  
10802.7374  
10872.04896  
10799.42837  
10745.87725  
10820.06983  
10709.51223  
10745.35033  
10807.06682  
10766.29001  
10850.15522  
10795.00607  
10789.61143  
10808.40321  
10826.08052  
10924.89583  
10877.43973  
10831.65905  
10720.96085  
10792.3374  
10792.18488  
10874.6476  
10722.36666  
10803.71545  
10815.49022  
10890.12415  
10785.93268  
10867.57219  
10768.3959  
10832.75866  
10723.92537  
10767.60714  
10701.19945  
10833.24604  
10767.98876  
10801.02731  
10843.76524  
10793.6163  
10751.45609  
10818.69683  
10726.14831  
10790.43439  
10808.51694  
10886.38844  
