10865.31264  
10796.69409  
10762.55458  
10882.71603  
10799.49541  
10795.49994  
10741.61905  
10826.54076  
10856.05692  
10802.09945  
10839.68777  
10884.17465  
10824.2154  
10793.44871  
10858.69273  
10859.9786  
10805.77506  
10836.15515  
10839.18818  
10862.91581  
10875.11378  
10824.25467  
10793.31379  
10816.91851  
10815.83964  
10832.40647  
10814.47693  
10832.28207  
10793.35516  
10780.89151  
10768.97041  
10772.40559  
10823.3464  
10878.05599  
10836.23519  
10811.15096  
10813.81666  
10837.98102  
10882.24259  
10961.10767  
10905.29104  
10839.98787  
10802.6422  
10811.66829  
10811.58785  
10789.90428  
10783.99956  
10797.86117  
10800.47222  
10844.2936  
10862.85956  
10874.97686  
10851.62392  
10786.12985  
10783.00602  
10810.77925  
10796.14475  
10809.50281  
10853.34617  
10808.60028  
10816.84987  
10794.01113  
10774.85642  
10813.01809  
10798.19789  
10816.10176  
10854.09583  
10789.67676  
10794.31682  
10854.80119  
10902.59459  
10846.38676  
10788.75067  
10807.9548  
10831.30427  
10842.56492  
10851.0278  
10815.85634  
10801.91844  
10819.7565  
10822.51969  
10770.4738  
10805.21002  
10800.86617  
10842.82229  
10814.68578  
10781.86388  
10820.20004  
10850.39021  
10817.64079  
10835.87094  
10760.25622  
10822.12849  
10791.66454  
10825.89669  
10777.19413  
10774.07469  
10798.68612  
10802.52455  
10849.45284  
10829.98164  
10813.04946  
10832.22958  
10892.78912  
10825.27434  
10809.97097  
10791.92167  
10850.50872  
10796.88289  
10792.14221  
10805.40089  
10825.56519  
10830.54633  
10818.45314  
10901.75721  
10822.20429  
10742.73523  
10781.35883  
10857.5291  
10854.20927  
10773.90511  
10793.99977  
10828.89095  
10852.86975  
10844.09197  
10865.57181  
10857.79256  
10863.73381  
10823.48781  
10854.25469  
10829.95298  
10848.11085  
10807.53995  
10810.36483  
10800.97648  
10822.63287  
10823.54301  
10831.9197  
10790.65153  
10834.25001  
10803.3193  
10853.58267  
10809.17652  
10769.55414  
10818.38191  
10825.83165  
10838.00596  
10841.00072  
10856.32929  
10842.65631  
10820.52105  
10841.18225  
10787.9389  
10843.89028  
10811.85583  
10812.87935  
10802.92139  
10840.65898  
10828.97978  
10815.77846  
