10659.20624  
10726.41025  
10701.63201  
10783.20292  
10617.02691  
10690.83741  
10667.19702  
10774.35206  
10725.91567  
10677.17722  
10704.84685  
10759.32989  
10620.29705  
10670.18187  
10793.89221  
10642.48868  
10759.14256  
10689.97523  
10801.24975  
10673.67098  
10618.06828  
10715.82171  
10673.08194  
10791.77094  
10667.08293  
10649.56999  
10753.11261  
10714.16901  
10749.52948  
10605.65988  
10591.1046  
10642.23414  
10653.50541  
10718.76973  
10790.23255  
10654.34561  
10630.95601  
10796.84192  
10810.2298  
10781.39886  
10831.88509  
10748.05783  
10719.87047  
10734.34869  
10618.54116  
10698.83099  
10577.91781  
10716.451  
10686.1277  
10751.5745  
10801.82828  
10692.29534  
10671.83603  
10619.89839  
10681.54278  
10594.50995  
10617.4067  
10747.2429  
10708.52809  
10708.59146  
10787.74854  
10652.85083  
10642.53988  
10763.23589  
10652.32211  
10692.01792  
10787.25415  
10735.84294  
10667.93454  
10687.56084  
10730.26986  
10755.66264  
10657.06839  
10618.78632  
10812.27595  
10792.12974  
10655.21869  
10632.4658  
10647.44451  
10705.16002  
10801.85829  
10615.54258  
10652.48916  
10738.44226  
10706.97126  
10666.32904  
10664.28429  
10658.99051  
10824.61385  
10648.30008  
10658.58572  
10673.47861  
10685.43967  
10690.41492  
10720.04963  
10748.20564  
10634.95207  
10640.95037  
10703.6476  
10658.64684  
10712.24205  
10757.12869  
10725.45472  
10739.45666  
10728.19113  
10690.08346  
10685.5339  
10748.56613  
10732.66296  
10673.75095  
10628.09577  
10784.97442  
10636.15413  
10650.69573  
10742.60277  
10697.33673  
10666.42814  
10704.50911  
10760.24572  
10678.36838  
10624.43908  
10616.77655  
10739.69015  
10698.71314  
10761.1777  
10646.45886  
10758.56552  
10761.21677  
10658.03911  
10745.35885  
10711.4277  
10770.83278  
10769.04909  
10685.49665  
10663.7535  
10796.84914  
10709.8921  
10600.04125  
10638.89224  
10736.3459  
10784.57414  
10608.18423  
10611.44221  
10687.49822  
10650.79007  
10766.99603  
10740.05678  
10629.56035  
10695.09124  
10752.51209  
10744.11373  
10628.87703  
10645.1113  
10740.11413  
10708.95581  
10757.53833  
10689.29856  
10641.25617  
10720.34856  
10787.92871  
