10998.82706  
11048.82304  
11037.26347  
11131.16289  
10992.74373  
11039.73452  
11014.35941  
11122.20683  
11049.09735  
11018.13786  
11055.0268  
11108.77721  
10991.16925  
11021.9384  
11080.36181  
10986.86995  
11061.05116  
11012.91329  
11084.4058  
11018.36638  
10984.90533  
11058.4595  
11006.60109  
11093.23142  
11023.0975  
10999.03645  
11055.56102  
11046.45052  
11079.14604  
10995.5834  
10957.68887  
10995.38689  
10987.1285  
11055.65913  
11120.80355  
11006.9882  
10994.18739  
11131.29158  
11114.74567  
11100.18479  
11185.42042  
11077.66319  
11056.49561  
11090.87128  
10974.75517  
11043.69008  
10927.07018  
11016.72616  
11032.75154  
11078.00234  
11081.38296  
11036.04942  
11004.86339  
10989.89493  
11030.8625  
10989.24369  
10974.24695  
11048.21584  
11042.28252  
11049.31563  
11112.90496  
11047.37533  
10985.77606  
11070.1748  
11015.00835  
11048.85552  
11117.16161  
11065.19167  
11010.45319  
11017.05798  
11061.85972  
11101.8932  
11016.76482  
10981.61926  
11097.79018  
11102.64484  
11015.9339  
10997.96265  
11005.16927  
11043.33592  
11101.1738  
10961.94007  
10969.83732  
11037.90909  
11024.22634  
10995.34279  
11029.83983  
11021.74048  
11127.54414  
10988.44241  
10999.47366  
10993.69308  
10995.25704  
11015.35297  
11057.55811  
11054.53296  
11000.21238  
11012.65572  
11023.54301  
11002.19183  
11010.78396  
11035.50931  
11032.00919  
11055.09697  
11068.3595  
11041.08057  
11017.44967  
11079.92154  
11053.02045  
11006.52319  
11009.46931  
11108.59596  
11011.06295  
11014.07236  
11089.71311  
11041.72601  
11004.79771  
11017.61707  
11064.37612  
11053.47072  
10981.78339  
10974.66089  
11064.93779  
11058.39951  
11100.64637  
10998.11665  
11064.86884  
11054.06587  
11025.93331  
11066.839  
11042.23456  
11117.29565  
11095.02813  
11006.80057  
11010.23343  
11102.83404  
11036.44059  
10987.57643  
11003.54686  
11056.62998  
11088.96185  
10977.29391  
10978.62843  
11011.15918  
11014.0547  
11084.45029  
11101.72632  
11008.83363  
11031.79765  
11107.5201  
11091.67126  
10974.77482  
10996.80262  
11072.4628  
11045.02264  
11060.81587  
10999.42858  
10996.95254  
11059.29044  
11102.03947  
