11784.83693  
11864.57965  
11782.01742  
11796.09198  
11753.02718  
11770.36154  
11667.3603  
11765.57729  
11691.331  
11689.95232  
11729.04048  
11807.50856  
11660.12281  
11748.07077  
11827.14879  
11745.84989  
11733.10008  
11664.48568  
11703.53619  
11643.62824  
11623.55233  
11683.94009  
11624.69816  
11728.4092  
11735.16794  
11677.31009  
11783.47874  
11601.94568  
11693.11324  
11692.50172  
11600.27113  
11697.83451  
11664.5816  
11707.51249  
11720.47986  
11720.51567  
11626.04639  
11795.37205  
11799.79033  
11809.43807  
11980.85697  
11967.09439  
11759.06865  
11856.01206  
11718.53445  
11789.31127  
11664.65235  
11757.53236  
11751.64989  
11716.7044  
11796.98505  
11706.72307  
11755.48846  
11741.06838  
11726.27845  
11676.37381  
11675.17247  
11781.15649  
11711.29445  
11698.66382  
11796.79815  
11795.33687  
11699.15955  
11783.94235  
11806.40966  
11815.53686  
11757.47071  
11786.08623  
11790.27367  
11708.22884  
11745.49101  
11757.51792  
11760.98857  
11669.76837  
11784.09186  
11726.59711  
11654.53342  
11632.62922  
11682.30099  
11639.45868  
11740.62138  
11689.46285  
11655.817  
11751.35686  
11711.09494  
11659.62994  
11725.97432  
11656.65861  
11765.0861  
11670.98088  
11663.8914  
11711.85698  
11679.93451  
11732.08279  
11694.35842  
11754.18338  
11703.6453  
11683.21407  
11710.82509  
11696.48812  
11714.81554  
11780.3494  
11737.51441  
11698.72901  
11711.50017  
11772.36033  
11729.70346  
11705.63202  
11769.22913  
11725.85804  
11611.93784  
11692.48549  
11668.03346  
11737.75394  
11735.43595  
11756.10112  
11761.42602  
11808.96206  
11813.33721  
11738.6041  
11781.2446  
11714.42355  
11783.33527  
11700.05864  
11796.12474  
11652.06111  
11755.68615  
11804.54742  
11824.47518  
11695.71015  
11689.62156  
11686.74005  
11728.43203  
11783.84964  
11654.47694  
11782.33451  
11772.99871  
11631.89812  
11711.40924  
11685.64282  
11753.69259  
11716.17955  
11728.01063  
11754.12059  
11686.28955  
11792.74374  
11808.99992  
11771.75399  
11759.69536  
11736.22007  
11845.73651  
11660.24544  
11712.60583  
11762.48886  
11803.76643  
11827.30225  
11737.28987  
11650.21685  
11623.18985  
11656.46599  
