10782.51885  
10965.23498  
10857.97918  
10826.69442  
10834.7395  
10869.55472  
10798.18084  
10925.73746  
10826.73204  
10859.63661  
10922.34749  
10889.41525  
10778.81503  
10765.39469  
10971.11384  
10798.1686  
10883.45885  
10709.9573  
10863.14007  
10849.57788  
10761.82326  
10822.38808  
10796.23773  
10906.68642  
10804.727  
10748.32266  
10876.66285  
10791.27058  
10919.04108  
10881.77568  
10789.56296  
10845.46509  
10798.78781  
10796.71797  
10777.86796  
10940.44758  
10730.22847  
10862.33887  
10819.68386  
10889.59283  
10891.78684  
10981.83675  
10835.2968  
10957.3243  
10772.69579  
10875.625  
10735.2219  
10828.13116  
10926.12669  
10791.89122  
11016.18593  
10868.64754  
10795.09993  
10758.86784  
10853.78409  
10768.99983  
10724.7144  
10835.50322  
10797.39826  
10752.53846  
10931.3339  
10926.80222  
10794.38979  
10908.55832  
10946.31557  
10914.06437  
10794.80052  
10853.68234  
10867.36503  
10770.43213  
10815.96951  
10755.95  
10902.99549  
10777.20593  
10894.43208  
10921.61466  
10822.24075  
10733.98447  
10886.7068  
10809.05809  
10877.70204  
10787.19467  
10746.17257  
10903.5504  
10850.04982  
10817.44436  
10908.89508  
10747.61506  
10878.83425  
10858.15916  
10754.77075  
10925.63931  
10777.29303  
10944.4603  
10805.16303  
10892.23725  
10824.35096  
10728.76224  
10841.23453  
10775.78746  
10753.38223  
10857.68955  
10829.85355  
10809.95483  
10739.15349  
10871.92489  
10808.63894  
10775.47095  
10879.85537  
10904.77855  
10793.88308  
10965.17192  
10812.97107  
10848.56044  
10871.18705  
10813.10471  
10802.33348  
10932.31065  
10881.61372  
10748.53099  
10917.34343  
10771.11888  
10914.09685  
10830.25587  
10963.24811  
10736.25293  
10791.03521  
10875.98954  
10920.71894  
10927.73273  
10842.68853  
10851.06609  
10918.9458  
10928.31633  
10751.50202  
10838.58549  
10876.54306  
10757.31869  
10817.59476  
10881.99148  
10997.74758  
10766.87382  
10806.75692  
10788.58461  
10750.6034  
10862.93323  
10934.49354  
10841.61568  
10831.56111  
10813.66937  
10985.07669  
10748.92874  
10754.00733  
10909.44303  
10964.31017  
10869.47726  
10824.27892  
10769.92122  
10733.21317  
10912.28739  
