9989.394539  
10002.19642  
9933.104147  
10102.84641  
9954.013071  
9938.289138  
9945.540039  
10046.37392  
10040.13187  
10003.59847  
10062.14108  
10080.2428  
9990.065309  
10020.97236  
10070.95545  
10028.43607  
10046.68005  
9991.960832  
10088.29857  
10021.43516  
9945.740587  
10039.16843  
10017.9439  
10051.47721  
9975.479064  
9978.942218  
10060.54133  
9985.410111  
9995.902599  
9944.691151  
9913.857287  
9954.534751  
9992.828561  
10002.2862  
10048.23863  
9954.025856  
9936.225331  
10068.28546  
10094.41223  
10119.00888  
10116.28999  
10049.54647  
10012.91348  
10046.69392  
9997.897979  
9984.786929  
9924.992511  
10039.71244  
10012.36849  
10033.02873  
10068.77093  
10042.63406  
9982.383594  
9959.769133  
9984.810532  
9920.895117  
9947.944253  
10056.32713  
10016.86804  
9959.966587  
10045.93057  
9951.156776  
9944.402659  
10023.11049  
9968.70954  
9996.977374  
10036.57324  
10027.58259  
9974.896725  
9996.287635  
10050.8578  
10024.0928  
9950.073888  
9945.965167  
10082.37626  
10087.18093  
10020.56203  
9998.548212  
10024.36283  
10025.98606  
10084.92909  
9976.11869  
9998.974392  
10025.48128  
10053.85227  
10016.93549  
9959.203981  
9974.421657  
10085.03502  
10003.60029  
9998.044727  
9972.114573  
9985.468592  
10006.36044  
9987.085404  
9999.177209  
9937.811764  
9934.429334  
10020.57491  
9981.604244  
9990.504537  
10025.61391  
10006.29124  
10031.70853  
10037.88102  
9971.236328  
9970.30604  
10006.87003  
9990.096575  
9960.331025  
9972.053148  
10040.46886  
9973.775098  
9928.198745  
10061.89129  
10014.00918  
9970.312846  
10010.65804  
10083.17356  
10002.2757  
9926.850931  
9962.138071  
10002.91985  
10005.44256  
10054.76089  
10008.07096  
10099.79076  
10087.32679  
9986.164836  
10065.46453  
9998.54197  
10035.81973  
10032.3027  
9981.397566  
9940.504132  
10045.37656  
10039.48465  
9981.089596  
9953.068217  
10029.83137  
10030.19058  
9996.146755  
9991.247123  
9965.0654  
9996.904199  
10067.95254  
10048.36797  
10026.63187  
10010.37402  
10055.1337  
10047.35412  
9978.603208  
9986.37171  
10060.20452  
9982.931611  
10026.32948  
9939.545613  
9951.659383  
10009.16418  
10055.06414  
