11123.60119  
11031.3299  
11024.26107  
11086.46063  
11135.83832  
10986.12582  
11064.34441  
10951.53759  
11098.6649  
11034.76996  
10979.68225  
10973.73185  
11033.34041  
10959.86062  
10980.36245  
11067.35021  
11000.85049  
11035.26228  
10969.82681  
11050.01701  
11024.58933  
10985.45106  
11051.12378  
10941.78104  
11070.86022  
11035.19933  
11014.05619  
11102.25495  
10995.04452  
10990.99964  
11099.25013  
10995.53855  
11042.02473  
11065.08441  
11015.16983  
10998.31886  
11035.85078  
11028.29189  
11016.5779  
11095.12721  
10999.68744  
11012.0826  
11122.77666  
10985.79209  
11035.58684  
10974.28775  
11075.40934  
10981.85608  
11003.22819  
11032.22899  
10988.60901  
11078.19413  
11071.88556  
11060.64724  
11021.3469  
11036.49719  
11038.71903  
10985.1002  
11071.13258  
11023.14992  
11018.51959  
10978.76328  
11082.64025  
10973.33831  
10995.65875  
11013.52946  
11086.40399  
10997.86479  
10966.8122  
11080.97507  
11040.71323  
11023.84435  
11028.35146  
11053.76822  
11048.66361  
11013.11104  
11046.9658  
11041.29456  
11002.83933  
11056.14415  
10971.87278  
10997.96469  
11053.172  
10958.2009  
11018.78504  
11084.65955  
10990.1715  
11076.0517  
10990.81793  
11057.91185  
11048.91701  
11026.68859  
11072.55575  
11003.4373  
11048.40798  
10987.87593  
11054.85166  
11020.87589  
11005.4571  
11014.16153  
11025.57682  
10964.9722  
10996.53416  
11029.74262  
10976.27197  
10955.11718  
10968.0829  
11044.58921  
10976.84607  
10992.91573  
11110.02021  
10965.04394  
11032.3117  
11116.50033  
11077.99235  
11053.4666  
11059.42969  
11012.20959  
11108.2159  
11012.49832  
10959.30313  
11054.90343  
11012.88308  
11067.34701  
10992.54396  
11058.61077  
10988.91823  
11005.80843  
11038.19017  
11156.62302  
11112.05069  
11004.5248  
10962.98268  
10982.9242  
11022.76132  
10992.30244  
11019.31885  
11054.81203  
11108.36489  
11145.87731  
11036.35761  
11034.13938  
11065.6185  
11055.61743  
11078.3714  
11006.44172  
10977.22345  
11044.53986  
11078.3817  
11032.70132  
11029.21826  
11056.09764  
11051.10161  
10980.87567  
11074.45703  
10973.39844  
11018.43863  
11009.41629  
10988.36956  
10989.66457  
