11038.67497  
11055.19379  
11066.09551  
11134.18175  
10908.57275  
10985.56682  
10978.57037  
11104.13428  
11022.05034  
10996.17574  
11038.80019  
11156.04448  
10964.29407  
10903.70721  
11111.51235  
11013.85105  
11034.20952  
10904.98047  
11032.89919  
10991.82733  
10936.51028  
11095.44213  
10977.23588  
11060.80972  
11004.80769  
10947.2748  
11095.81477  
10949.10768  
11080.19446  
11052.96794  
10929.95659  
10988.06692  
10966.85954  
10981.60008  
11106.47919  
11053.90064  
10906.62419  
11041.61761  
11039.78009  
11085.91553  
11112.62519  
11173.38134  
11028.89492  
11123.30603  
10986.9631  
11027.67158  
10940.47497  
11018.28508  
11058.66794  
10942.90664  
11092.93691  
10998.34604  
10983.52572  
10955.4504  
10950.64796  
10970.37301  
10896.42047  
11031.19133  
11017.32923  
11021.76487  
11083.72572  
11042.17777  
10960.75591  
11092.41102  
11042.22866  
11059.74817  
11007.08876  
11076.27273  
11099.69707  
10985.3144  
11009.56939  
11116.77106  
10995.24281  
10989.61524  
11059.5654  
11066.90811  
11010.85447  
11007.53809  
11012.51275  
11000.21173  
11089.07529  
10964.98774  
10910.77897  
11046.65812  
11050.4472  
10959.44245  
11041.32043  
10906.13267  
11090.09356  
11022.59547  
11033.8685  
11010.15013  
10928.57628  
11077.0826  
11014.04357  
11077.10685  
10975.90084  
10928.90653  
11019.12518  
10963.09696  
10927.64334  
11030.91325  
11019.55667  
11030.04178  
11041.51346  
11048.65656  
11069.75803  
10983.27135  
11087.46631  
11054.34895  
10995.73207  
11072.06214  
11005.48056  
11013.15619  
11019.04313  
11030.22069  
10960.2461  
11087.25065  
11010.55413  
11040.88741  
10981.3489  
10938.04215  
11050.14755  
10988.23837  
11026.01544  
10902.47607  
10983.42448  
11048.70347  
11096.21574  
11035.23243  
11064.89429  
11105.06062  
11135.93875  
11030.5023  
10927.33939  
11044.51634  
11034.71929  
10992.39899  
11106.27724  
10999.60819  
11049.32928  
10997.91417  
10970.9023  
10954.9037  
10900.2181  
11050.78457  
11099.65762  
11009.9749  
10968.15059  
11044.13731  
11044.64208  
10961.52302  
10953.3329  
11096.7524  
11132.31757  
11090.54645  
11044.56296  
10936.98591  
10952.55919  
11073.17354  
