10492.48149  
10441.3043  
10443.86078  
10572.82395  
10432.45958  
10434.25808  
10398.41279  
10511.21572  
10488.73971  
10469.15807  
10477.21415  
10546.85622  
10426.25296  
10452.5687  
10485.89421  
10475.76247  
10445.34226  
10499.49123  
10482.5095  
10479.31851  
10507.46292  
10479.18269  
10401.03359  
10482.15347  
10434.55925  
10490.55626  
10497.99599  
10492.13416  
10448.31548  
10407.24498  
10380.95841  
10405.72246  
10423.2568  
10543.3614  
10527.71763  
10438.30081  
10469.74209  
10519.03593  
10547.17307  
10584.69263  
10626.30853  
10467.72221  
10470.59572  
10467.73132  
10423.62205  
10451.50833  
10366.23298  
10465.03009  
10445.08997  
10543.35302  
10492.68493  
10474.26675  
10451.04013  
10437.72494  
10426.32107  
10418.77482  
10457.62017  
10472.09516  
10480.80029  
10497.28185  
10501.36074  
10439.61903  
10399.55783  
10479.20953  
10423.54697  
10476.95919  
10562.16513  
10478.74223  
10420.08928  
10474.61034  
10567.65234  
10545.27877  
10414.40331  
10431.61783  
10527.77052  
10467.98015  
10470.81129  
10471.53111  
10418.63141  
10476.20333  
10501.84961  
10392.0075  
10466.58475  
10451.5454  
10427.14167  
10412.10488  
10419.71786  
10467.23205  
10512.91335  
10435.77021  
10479.18495  
10383.50641  
10479.21175  
10422.51047  
10505.78869  
10429.93163  
10411.58537  
10473.98804  
10419.33158  
10442.52706  
10488.39629  
10469.19978  
10454.94992  
10526.94739  
10513.25149  
10451.0138  
10429.93548  
10546.97097  
10442.37208  
10436.27161  
10476.74296  
10473.71259  
10455.16715  
10486.66451  
10552.61957  
10488.21342  
10414.77441  
10423.81868  
10496.60768  
10516.82932  
10412.92961  
10411.0005  
10471.68309  
10476.87981  
10503.82073  
10452.16596  
10534.15928  
10474.10276  
10448.75133  
10474.24565  
10531.06523  
10567.62183  
10491.06815  
10431.26767  
10454.62833  
10516.45531  
10442.04731  
10436.40894  
10467.53262  
10458.05826  
10453.67035  
10440.5891  
10416.89965  
10412.99277  
10482.75347  
10490.62034  
10495.69974  
10477.28494  
10520.62877  
10530.26047  
10464.59346  
10458.89833  
10443.88307  
10481.31511  
10444.14017  
10470.63553  
10437.16331  
10456.76218  
10513.37433  
10481.47774  
