10931.04281  
10920.81911  
10897.79588  
11005.02833  
10894.63304  
10915.7385  
10875.89123  
10972.09944  
10951.09221  
10908.45682  
10945.70083  
10994.74822  
10906.40806  
10905.93594  
10967.82212  
10922.44819  
10931.44945  
10923.17454  
10959.9107  
10939.44532  
10929.165  
10939.55551  
10898.31677  
10952.94948  
10917.87428  
10914.43969  
10933.16448  
10937.71885  
10934.05221  
10886.58598  
10861.87796  
10882.181  
10903.97759  
10965.49138  
10976.33038  
10907.56314  
10902.61456  
10982.38006  
10996.70565  
11029.5764  
11043.20089  
10956.99725  
10927.61619  
10949.12207  
10891.91637  
10914.84498  
10854.43433  
10905.61008  
10914.82512  
10959.35021  
10970.44031  
10954.27412  
10927.06489  
10886.44496  
10905.02767  
10898.63866  
10883.82583  
10927.02307  
10946.36099  
10927.1063  
10962.60007  
10918.74427  
10878.69378  
10939.61831  
10904.93535  
10930.68823  
10983.60514  
10925.31487  
10900.72242  
10934.68145  
10981.00204  
10972.17455  
10901.00379  
10893.45115  
10962.49733  
10970.60426  
10932.21234  
10905.50868  
10901.98039  
10929.82637  
10959.70325  
10864.73412  
10886.25731  
10917.56422  
10932.1289  
10903.62461  
10903.94435  
10919.41995  
10986.83522  
10901.72774  
10916.41381  
10875.17899  
10907.36101  
10901.78807  
10939.94539  
10913.73017  
10885.40402  
10904.025  
10911.33364  
10924.64742  
10918.99201  
10922.56815  
10930.58262  
10972.69452  
10944.94703  
10923.74801  
10902.95084  
10963.45041  
10922.98138  
10897.68361  
10905.86534  
10964.90341  
10919.41605  
10914.75799  
10994.28935  
10930.27652  
10871.7506  
10897.67058  
10959.36148  
10952.30721  
10876.24518  
10882.94063  
10945.09863  
10954.05363  
10970.39568  
10930.82466  
10959.73781  
10957.43575  
10923.15329  
10958.91158  
10934.46083  
10980.6326  
10949.07259  
10907.07165  
10903.99529  
10960.57806  
10928.35413  
10908.55071  
10895.46154  
10943.72938  
10943.94333  
10914.48666  
10892.599  
10888.49816  
10914.71313  
10953.1516  
10967.83752  
10923.62615  
10942.71371  
10973.05079  
10954.01039  
10906.9509  
10890.76412  
10956.41829  
10926.64564  
10934.94041  
10899.66339  
10917.6035  
10942.36349  
10956.70696  
