11116.81413  
10954.15344  
11110.68614  
11042.37347  
11044.66193  
11168.5872  
11044.51746  
11080.3466  
10954.93007  
11109.77209  
11102.53859  
11021.62203  
10965.48899  
11094.45026  
11082.6239  
10966.55666  
11063.51613  
11120.09446  
10967.14549  
11079.48531  
10953.14421  
11074.42017  
11104.25018  
11010.92234  
11140.37384  
10915.11338  
11086.85683  
10942.69727  
11125.30542  
11067.55383  
11026.53605  
11104.04751  
10969.97268  
11117.37836  
10995.61997  
11014.93634  
11125.40202  
10958.05853  
10945.65328  
11137.0127  
11003.95868  
11142.6453  
11056.1015  
11135.84281  
11042.27637  
11148.52736  
11056.99685  
11039.89264  
10877.80365  
11000.73873  
11163.79669  
10903.76434  
11174.69757  
11087.0931  
11145.15769  
11070.4387  
11058.66669  
10923.08673  
11124.75608  
11094.08488  
10895.45258  
11144.80212  
10973.96729  
11162.66402  
11032.09519  
11190.23029  
11046.96307  
11023.74056  
11076.35293  
11030.92782  
10948.12091  
11037.8668  
11057.70972  
10992.10435  
11070.62506  
11074.33919  
10984.6554  
11188.28546  
10909.86951  
11120.15007  
10988.49192  
11173.99931  
10992.04325  
11079.7851  
10999.49646  
11053.29329  
11115.06972  
11002.97198  
11031.87455  
10957.74038  
11117.82033  
10884.67792  
11120.53436  
10971.0037  
11042.55408  
10925.53678  
11045.07526  
10998.94314  
11155.72917  
11095.30784  
10922.82491  
11159.26495  
11025.46434  
11019.00873  
11141.82359  
11081.02061  
11158.28294  
11055.18054  
11186.62402  
10978.28475  
11189.37478  
11058.0981  
11122.31681  
11068.43728  
11123.88509  
11050.17698  
11090.50869  
10923.56028  
11034.6795  
11000.08321  
10992.07351  
10933.49436  
10937.86751  
11114.52653  
11008.37187  
11073.44818  
10967.24731  
11133.95435  
11047.18093  
11006.59747  
11071.19135  
10926.68604  
11035.69194  
11024.22573  
11086.44607  
10991.39111  
11106.59233  
11135.19173  
11003.85221  
11159.26536  
10997.66551  
11068.53428  
11103.72076  
11001.74697  
11095.49776  
10988.80965  
11099.97321  
10958.68427  
11021.30058  
11083.8724  
10914.1567  
11067.10899  
11222.89884  
11075.74768  
10916.15489  
11101.76656  
11150.56421  
11112.17875  
10973.626  
11059.85533  
