11051.84387  
11001.48405  
11109.55836  
11046.64197  
11084.68388  
11096.95442  
11102.16764  
11013.11762  
10997.00193  
11046.3358  
11118.59359  
11056.16029  
11031.86081  
11089.64706  
11120.80334  
11004.43707  
11015.8753  
11125.67845  
11007.05806  
11062.54663  
11026.73398  
11036.13758  
11123.28937  
11023.00288  
11064.38477  
10986.97132  
11013.80915  
11045.26655  
11050.71388  
11023.28487  
11046.70272  
11046.1362  
11049.08519  
11077.05176  
11053.14227  
11073.1991  
11082.84385  
11067.45684  
10994.75668  
11090.86684  
11073.75323  
11093.49067  
11046.03499  
11150.38233  
11060.64206  
11057.11353  
11026.78219  
11059.99242  
10961.4433  
10962.39717  
11117.02655  
11027.2493  
11104.4472  
11081.42994  
11097.42087  
11011.33873  
11017.009  
10990.27022  
11024.36424  
11095.92789  
11005.8329  
11061.41566  
11011.82967  
11057.37106  
11095.31934  
11118.84137  
11068.3922  
11107.17842  
11052.50224  
11112.54162  
11039.46235  
10979.91848  
10990.20876  
11051.26037  
11028.46034  
11094.52098  
11001.6755  
11132.69559  
11038.27198  
11047.77889  
11045.06744  
11064.80257  
11046.78552  
11028.83164  
11078.96074  
10980.93955  
11103.80901  
11042.63222  
11097.96676  
10990.47609  
11065.05326  
11000.37253  
11045.6856  
11045.96338  
11033.27218  
11031.65731  
11033.86733  
11053.77818  
11046.42808  
11136.67521  
11027.90976  
11133.26593  
11020.27674  
11079.34149  
11071.45818  
11035.4079  
11124.0102  
11057.42367  
11107.22137  
11049.82374  
11079.48796  
11032.4587  
11116.74673  
11030.43936  
11092.56308  
11105.84058  
11110.32245  
11030.46368  
11039.28708  
11063.88442  
10996.81643  
11060.26294  
11004.88674  
11038.48106  
11000.86684  
11071.08886  
10975.48088  
11081.57681  
11005.05902  
11050.85844  
11019.53104  
11002.21932  
11027.19854  
11074.37955  
11061.50283  
11073.28013  
11051.81571  
11137.53627  
11046.72804  
11103.20544  
11095.25154  
11060.32821  
11133.74399  
11082.7544  
11060.04941  
11062.7126  
11072.16201  
11068.65762  
11030.19293  
11064.9192  
11030.88359  
11003.96207  
11104.64834  
11041.86689  
11023.19991  
11060.67953  
11045.12046  
11075.68318  
11047.18562  
11021.87103  
