11560.18795  
11601.44542  
11460.56134  
11429.2181  
11402.02475  
11441.28513  
11607.59796  
11458.08147  
11583.92045  
11617.10611  
11635.2729  
11589.93939  
11750.64741  
11744.20323  
11608.21627  
11666.15652  
11622.70709  
11660.89725  
11584.58364  
11483.2406  
11521.19228  
11551.62584  
11572.12766  
11581.15177  
11529.51124  
11579.2927  
11615.76354  
11548.98413  
11555.29821  
11490.76194  
11515.8924  
11490.14509  
11618.76948  
11592.91826  
11600.91312  
11588.40496  
11646.08171  
11565.69235  
11673.81957  
11625.19012  
11635.02089  
11507.48996  
11676.7134  
11561.00104  
11659.18565  
11491.88686  
11455.18396  
11487.37748  
11522.58356  
11549.63866  
11577.94323  
11577.51505  
11636.88251  
11647.66772  
11554.44898  
11523.52857  
11453.0679  
11447.91599  
11510.51648  
11519.9978  
11550.71576  
11511.86601  
11561.98557  
11456.20362  
11553.39068  
11581.37299  
11561.59447  
11477.21039  
11505.23394  
11487.3318  
11560.87769  
11568.00167  
11558.35197  
11600.38463  
11583.40259  
11657.31388  
11772.37164  
11671.952  
11679.18814  
11641.02501  
11684.11394  
11678.57011  
11620.79028  
11535.07495  
11494.45816  
11497.11728  
11560.47288  
11545.79571  
11558.58693  
11666.33707  
11583.15514  
11604.70296  
11566.2587  
11607.13169  
11542.26574  
11563.02146  
11628.24232  
11554.17304  
11560.67798  
11574.93878  
11550.42885  
11488.21409  
11524.96961  
11557.19657  
11523.11131  
11610.4538  
11499.23654  
11514.66848  
11511.27078  
11606.16029  
11551.53395  
11569.69117  
11569.93289  
11673.37801  
11679.56099  
11596.32968  
11508.69852  
11568.80805  
11527.96234  
11516.58302  
11607.27626  
11633.91907  
11600.58343  
11462.96221  
11464.23026  
11503.88676  
11526.86106  
11577.32165  
11688.26321  
11621.09531  
11471.32318  
11556.54074  
11515.40434  
11571.88066  
11593.25304  
11453.60574  
11503.442  
11564.73659  
11561.05749  
11504.36957  
11577.16833  
11485.62321  
11574.27011  
11663.02789  
11562.04389  
11681.17552  
11638.12411  
11562.24076  
11556.02703  
11420.85374  
11460.47067  
11497.68234  
11510.5719  
11544.48267  
11547.07554  
11638.43103  
11556.05032  
11579.81142  
11589.68932  
11793.50216  
