11087.03374  
11072.00322  
11162.33341  
11116.45974  
11169.50351  
11100.65477  
11191.77998  
11069.38909  
11060.21324  
11098.19721  
11195.11235  
11128.33227  
11117.47987  
11137.8477  
11169.59264  
11069.91989  
11029.26669  
11164.02165  
11084.14738  
11084.76705  
11129.41787  
11064.41827  
11164.0628  
11114.36407  
11091.74383  
11074.41984  
11043.95482  
11154.19089  
11069.6598  
11046.49333  
11134.09115  
11075.86368  
11114.96142  
11121.55164  
11132.96973  
11183.09791  
11118.99655  
11168.34355  
11061.64754  
11139.69332  
11182.50899  
11124.51404  
11113.14365  
11221.34158  
11136.23295  
11066.00073  
11046.17714  
11098.12605  
11074.12918  
10979.77536  
11160.80726  
11134.20476  
11141.34391  
11178.77595  
11144.40661  
11043.29364  
11040.41581  
11085.41029  
11043.29926  
11125.60931  
11109.43021  
11097.92316  
11113.05072  
11084.6505  
11176.5726  
11127.01525  
11138.57373  
11198.74889  
11092.72608  
11164.32272  
11147.34783  
11016.20451  
11015.26139  
11117.29544  
11086.2917  
11148.3535  
11076.19797  
11153.02449  
11167.26092  
11095.70267  
11162.05593  
11083.27994  
11132.10285  
11072.18405  
11165.87242  
11007.16774  
11138.42367  
11093.82456  
11171.99353  
11059.92358  
11077.23055  
11133.61341  
11068.80762  
11150.17247  
11086.19798  
11120.4956  
11100.04476  
11150.00669  
11051.56365  
11164.77504  
11127.64634  
11160.61986  
11090.28734  
11189.46143  
11115.11166  
11100.13856  
11174.7779  
11143.48026  
11134.30587  
11149.01762  
11100.00282  
11071.88338  
11171.54752  
11096.3144  
11106.91816  
11167.54371  
11147.45286  
11126.49017  
11075.17694  
11149.24264  
11052.50236  
11142.70112  
11106.93627  
11064.88942  
11032.67269  
11103.78522  
11055.43151  
11120.91702  
11043.44977  
11147.30094  
11035.93694  
11092.95778  
11085.066  
11137.26868  
11063.80742  
11167.71251  
11064.33033  
11154.91188  
11134.11962  
11114.46813  
11232.29089  
11126.02436  
11190.72065  
11192.99181  
11118.82518  
11150.43576  
11137.01614  
11164.16209  
11078.21438  
11108.73258  
11153.94314  
11042.70138  
11105.15677  
11074.07107  
11104.53312  
11111.2641  
11056.93183  
11101.19396  
11154.83436  
11069.50855  
