10602.74228  
10553.95476  
10647.3383  
10570.10273  
10666.01502  
10618.6935  
10737.68363  
10622.69615  
10559.39707  
10591.77406  
10626.10277  
10631.36172  
10668.37498  
10679.06648  
10628.61394  
10547.03086  
10508.13713  
10666.22021  
10594.71268  
10625.15598  
10640.47134  
10646.97853  
10710.33519  
10609.31561  
10635.82157  
10595.29822  
10566.56527  
10626.52592  
10552.96719  
10548.4973  
10655.15098  
10612.38961  
10624.07852  
10649.4033  
10622.18901  
10651.06886  
10641.59647  
10600.93718  
10561.01  
10642.03322  
10732.99121  
10639.20863  
10592.43782  
10672.80847  
10667.85463  
10605.00208  
10562.11184  
10575.94002  
10619.12958  
10512.04315  
10739.96305  
10660.61674  
10671.8494  
10721.68794  
10626.33365  
10549.78216  
10571.60934  
10600.89215  
10589.67156  
10661.00579  
10568.16348  
10632.49687  
10633.08651  
10649.91069  
10705.82184  
10676.73294  
10628.42631  
10614.65421  
10576.16323  
10584.96202  
10624.05817  
10535.49327  
10525.58109  
10546.75598  
10623.92161  
10631.79957  
10602.11765  
10664.11399  
10657.12717  
10631.19478  
10702.78322  
10652.71346  
10611.94862  
10642.17035  
10646.42362  
10499.98635  
10590.81127  
10577.27921  
10621.43713  
10577.0089  
10598.65428  
10641.1057  
10593.50808  
10675.98113  
10611.86195  
10585.21346  
10608.6282  
10654.43574  
10587.58549  
10666.72644  
10611.11245  
10647.36278  
10598.42928  
10733.50772  
10610.55428  
10639.3451  
10649.846  
10673.01298  
10656.43239  
10702.03207  
10583.43393  
10605.2911  
10667.07537  
10615.91969  
10697.67923  
10623.85126  
10629.17997  
10578.26307  
10525.00144  
10554.77257  
10515.12608  
10586.12901  
10620.17228  
10571.58746  
10554.04068  
10595.77257  
10578.95341  
10614.71119  
10568.73153  
10638.02685  
10600.04585  
10645.03796  
10650.72273  
10617.87635  
10555.24917  
10635.82974  
10564.48647  
10611.37905  
10598.59684  
10589.77852  
10704.97294  
10619.59544  
10633.70577  
10738.44709  
10673.29911  
10648.24297  
10665.09576  
10626.80298  
10565.64984  
10583.89759  
10584.18134  
10549.47351  
10695.50803  
10582.32264  
10569.99215  
10674.92786  
10602.37292  
10595.83368  
10684.05217  
10606.46014  
