11786.75676  
11843.47133  
11821.18498  
11786.04284  
11787.88041  
11777.37969  
11870.0395  
11827.90691  
11871.6407  
11802.29294  
11854.57945  
11823.65514  
11884.14056  
11753.05262  
11729.72931  
11843.0275  
11714.01887  
11723.53477  
11796.49645  
11740.38528  
11847.54041  
11740.27364  
11740.67252  
11798.09624  
11736.81405  
11813.5747  
11731.67472  
11817.76233  
11845.81379  
11738.60108  
11799.27371  
11767.68075  
11874.68389  
11792.24503  
11815.67687  
11888.95318  
11769.14719  
11800.82428  
11840.86951  
11740.77283  
11839.09412  
11755.67898  
11843.83499  
11815.61311  
11867.85023  
11778.30857  
11757.93979  
11745.59925  
11826.71514  
11806.52962  
11797.74094  
11817.36165  
11770.31655  
11837.40748  
11756.79174  
11766.14098  
11777.17598  
11807.32246  
11725.54256  
11762.81915  
11830.26056  
11777.87587  
11875.43932  
11796.80008  
11902.77211  
11781.12559  
11808.81426  
11816.759  
11793.44194  
11770.50205  
11841.22877  
11810.06096  
11756.45122  
11822.48182  
11825.58121  
11768.09761  
11874.56428  
11802.26058  
11855.16595  
11729.90391  
11837.55217  
11724.30777  
11810.44894  
11785.45128  
11756.9148  
11753.93179  
11788.5117  
11776.20784  
11775.26379  
11874.93968  
11781.58307  
11852.37803  
11756.56126  
11833.07558  
11776.93026  
11824.65539  
11751.07318  
11791.89561  
11777.92815  
11787.00543  
11842.16067  
11780.09212  
11758.1834  
11872.27138  
11738.932  
11854.33046  
11778.40943  
11821.30718  
11783.66021  
11889.25154  
11779.05691  
11763.39522  
11803.94056  
11759.91896  
11811.19262  
11809.35708  
11754.30685  
11904.07069  
11791.18988  
11742.9979  
11771.15483  
11835.79399  
11865.27512  
11757.56073  
11738.93537  
11806.02001  
11807.70462  
11760.89244  
11789.14249  
11829.91949  
11708.2995  
11887.52214  
11782.58591  
11802.99935  
11815.81651  
11804.39026  
11812.06958  
11820.26876  
11862.30916  
11777.06628  
11843.76821  
11808.71056  
11803.54872  
11879.47856  
11819.41334  
11846.90973  
11772.10787  
11771.80645  
11817.57222  
11759.894  
11777.00172  
11772.78095  
11782.12447  
11750.41906  
11839.74771  
11855.65359  
11789.83143  
11772.61576  
11812.37944  
11790.35359  
