10931.6769  
10909.72474  
11061.04352  
10855.4261  
10985.70467  
10928.48586  
11051.04916  
10862.19049  
10911.66151  
10911.82822  
11081.00603  
10915.52218  
11018.54218  
10997.77022  
11119.20542  
10865.85849  
10862.79634  
11130.46664  
10903.74627  
10939.11431  
10929.34624  
10930.5221  
11079.95464  
10854.27211  
10922.17052  
10897.15704  
10901.9278  
10961.0083  
10872.65099  
10864.32765  
10960.85827  
10911.55833  
11044.93156  
10916.4541  
10941.85717  
11036.78059  
10959.03443  
11004.39382  
10900.00994  
11050.30611  
11038.19523  
10947.02331  
10929.39294  
11113.77786  
10994.63889  
10891.94382  
10962.11618  
11021.04688  
10867.71201  
10799.97489  
11074.99179  
10861.77243  
10957.33718  
10940.86163  
10940.41235  
10916.88558  
10882.73954  
10868.51293  
10867.84156  
11069.58717  
10901.92055  
10986.10128  
11026.61761  
10886.66176  
11002.73315  
10978.11352  
10923.91003  
11027.11054  
10930.0961  
11043.92358  
10976.46308  
10826.84567  
10849.79543  
11053.4403  
10865.74981  
11040.02889  
10906.42528  
10979.42761  
10901.48707  
10919.31809  
10976.35356  
10881.92441  
11066.70785  
10915.035  
11032.53848  
10866.68624  
11070.86227  
10900.59918  
11130.32479  
10937.91009  
10917.49964  
10902.7907  
10903.75495  
10995.53347  
10884.63793  
10957.03294  
10887.44786  
10945.85186  
10908.48014  
11087.14132  
10913.55815  
10967.55193  
10856.6333  
11081.1356  
10975.78122  
10873.53363  
11008.9522  
10954.91731  
11017.39617  
11016.98975  
10931.65938  
10856.27515  
11002.20653  
10896.09257  
10977.71919  
11073.26331  
10972.43901  
10946.00128  
10899.53519  
10998.3447  
10881.02851  
11057.23105  
10901.57623  
10887.48337  
10933.19873  
10989.76539  
10843.01922  
10991.29158  
10849.20081  
10972.03311  
10855.20232  
10952.20714  
10905.73332  
11018.16192  
10875.6494  
11023.31568  
10938.20218  
11030.97647  
10892.828  
10960.58239  
11066.03331  
10895.61805  
11103.88278  
11028.38877  
10922.15814  
11026.40674  
10929.10874  
10973.32838  
10919.18151  
10939.16663  
10961.64018  
10909.33312  
11009.56461  
10953.73671  
10968.88883  
10926.53383  
10882.66162  
11019.33871  
10953.01679  
10893.42874  
