10200.25364  
10124.70286  
10342.94707  
10133.75916  
10144.91446  
10286.0449  
10183.97852  
10246.53897  
10050.4804  
10354.65833  
10134.563  
10301.47567  
10176.66823  
10354.353  
10223.93805  
10438.23205  
10239.27704  
10075.28905  
10155.04633  
10174.74322  
10211.62795  
10204.89911  
10150.8017  
10282.01388  
10137.73346  
10242.61338  
10139.27374  
10174.38896  
10254.52279  
10212.34938  
10302.27009  
10223.22323  
10149.30826  
10390.42122  
10251.27066  
10294.64418  
10277.56702  
10288.66433  
10107.50036  
10283.92064  
10512.52599  
10296.05276  
10258.02948  
10241.64446  
10196.287  
10396.03863  
10251.25501  
10155.74876  
10176.19306  
10134.74703  
10036.2451  
10084.64731  
10170.6122  
10165.98545  
10174.31217  
10191.87455  
10199.07177  
10172.34904  
10295.3497  
10222.46194  
10198.94473  
10174.23743  
10294.93175  
10170.70334  
10165.46056  
10306.6891  
10189.13052  
10282.7907  
10231.70177  
10106.82703  
10093.14695  
10259.04398  
10153.0558  
10322.06096  
10268.39657  
10094.34167  
10292.87058  
10121.95984  
10335.89981  
10256.03043  
10180.62777  
10292.71159  
10127.85648  
10208.01941  
10245.22013  
10178.85143  
10235.85046  
10278.5953  
10357.78457  
10261.14626  
10260.16271  
10150.29671  
10076.29938  
10237.76606  
10089.24495  
10167.92202  
10271.65146  
10182.27127  
10143.31841  
10260.71129  
10365.82616  
10240.54022  
10510.27641  
10381.76342  
10234.15251  
10192.24543  
10250.90316  
10225.13389  
10087.44775  
9985.79471  
10131.89504  
10263.87121  
10193.52422  
10351.60626  
10165.59886  
10062.64182  
10416.22641  
10251.40114  
10398.90226  
10249.0384  
10256.63992  
9931.027629  
9803.095662  
9875.422624  
10054.24461  
10024.95354  
10022.43901  
10111.5005  
10343.15656  
10168.64946  
10292.25068  
10317.29368  
10190.35319  
10325.61146  
10233.12275  
10185.03977  
10335.06565  
10302.17202  
10340.37663  
10279.55707  
10449.58831  
10312.82325  
10338.74816  
10321.3813  
10264.23311  
10224.85011  
10255.11602  
10249.29368  
10032.35814  
10231.7097  
10178.72135  
10070.35898  
10157.30815  
10263.72253  
10238.73549  
10264.76249  
10281.65496  
10239.3211  
10108.5051  
10034.13878  
