9809.242287  
9836.21654  
9879.795634  
9816.223848  
9818.861055  
9867.70051  
9908.599071  
9787.821579  
9783.824459  
9894.351331  
9791.50355  
9873.320528  
9891.18563  
9886.66604  
9890.434628  
9925.81279  
9916.781987  
9788.949285  
9773.522271  
9820.797645  
9821.775515  
9873.691141  
9894.028792  
9799.752814  
9820.490474  
9799.133988  
9803.88393  
9809.539468  
9872.714173  
9781.643985  
9912.846233  
9877.834903  
9798.210896  
9854.322746  
9831.891502  
9829.963453  
9924.119927  
9862.861427  
9787.381819  
9900.424937  
9966.689677  
10003.55562  
9849.447257  
9870.169326  
9927.940653  
9907.315935  
9820.741401  
9728.549846  
9885.565603  
9832.841201  
9752.946016  
9750.659544  
9722.233051  
9830.468551  
9808.39065  
9801.295725  
9852.287664  
9838.256232  
9898.035396  
9918.925698  
9879.044086  
9892.724452  
9853.624247  
9830.375273  
9883.812268  
9855.345024  
9885.486171  
9836.673778  
9828.511967  
9822.148686  
9884.35066  
9868.984259  
9832.465589  
9902.663144  
9826.069038  
9754.613422  
9781.726231  
9841.533393  
9832.982827  
9912.095538  
9805.309107  
9849.087675  
9801.476943  
9831.920799  
9869.355808  
9917.008127  
9769.931392  
9872.913384  
9922.930118  
9848.459737  
9800.698143  
9820.740987  
9830.081733  
9793.383988  
9856.587104  
9867.578108  
9764.967426  
9836.2813  
9830.937252  
9866.839736  
9962.513978  
10055.30295  
10037.54186  
9960.278949  
9833.212932  
9863.908716  
9777.93289  
9759.138424  
9749.522701  
9755.271186  
9824.968493  
9818.228681  
9950.15241  
9903.549424  
9898.807063  
9805.884443  
9891.791181  
9858.220753  
10051.14361  
9914.76834  
9824.372683  
9662.949657  
9583.502764  
9636.429489  
9684.967641  
9804.913798  
9781.768133  
9842.431318  
9921.475445  
9770.104186  
9842.603234  
9885.712684  
9769.810348  
9877.862379  
9905.169152  
9751.454631  
9876.676882  
9912.387555  
9985.489341  
9961.811664  
9923.913988  
9851.05986  
9945.490309  
9777.645682  
9827.066199  
9737.728325  
9764.238753  
9826.103052  
9780.881017  
9805.609996  
9764.522428  
9815.3425  
9893.828274  
9835.636611  
9970.958587  
9893.713611  
9832.259981  
9859.138093  
9914.344487  
9812.58674  
