10986.87936  
10906.60496  
11083.76711  
10912.56698  
10925.05301  
11022.54283  
10981.06511  
10982.8398  
10859.51005  
11116.71568  
10921.56045  
11081.05958  
10940.67427  
11105.7309  
10977.36553  
11126.51629  
11027.98799  
10845.923  
10911.91015  
10932.82903  
10960.58366  
10993.70265  
10921.51702  
10997.4788  
10937.55803  
10970.05634  
10910.25626  
10942.18109  
11045.66152  
10947.09239  
11077.98775  
10948.86218  
10900.84903  
11088.0983  
11026.94478  
11014.05213  
11068.94331  
11018.02378  
10910.0956  
11049.81426  
11222.6827  
11083.16109  
10978.03719  
10965.58837  
10997.01667  
11172.00441  
10986.52536  
10930.21783  
10979.57952  
10933.6136  
10831.90714  
10858.66037  
10904.59124  
10959.23496  
10914.80875  
10939.1593  
10953.2096  
10929.03474  
11075.42252  
10994.843  
10959.58718  
10935.83736  
11027.29477  
10956.52049  
10947.9239  
11058.71698  
10997.7657  
11048.48044  
11007.7651  
10893.35192  
10888.70686  
11007.76009  
10949.68351  
11078.79039  
11010.59397  
10896.24192  
11021.9078  
10894.55478  
11057.67641  
11015.32954  
10914.48758  
11052.67229  
10918.60398  
10959.56937  
11014.97024  
10960.90146  
10960.04482  
11006.08296  
11128.48145  
10991.90249  
11033.77472  
10948.49875  
10869.1127  
11005.06434  
10895.29812  
10952.94959  
11006.68398  
10993.81609  
10903.75288  
11028.966  
11106.78982  
10997.37951  
11209.09003  
11106.61217  
11024.80508  
11000.78426  
10986.73539  
11007.90267  
10893.7326  
10796.78388  
10920.6644  
11041.66159  
11044.45948  
11079.76828  
10972.49185  
10857.02416  
11192.00265  
11023.0245  
11155.76472  
10984.25834  
11016.17367  
10711.20093  
10626.40286  
10682.16135  
10842.04509  
10863.42455  
10868.98491  
10882.96444  
11052.73994  
11044.17865  
11016.81977  
11046.45017  
10930.85059  
11043.57964  
10998.61131  
10935.80892  
11101.96855  
11024.01149  
11034.40633  
11032.70275  
11161.82587  
11131.77907  
11080.45501  
11058.42984  
11014.78027  
10979.09526  
11031.22888  
10971.7414  
10826.54491  
10980.40883  
10943.19042  
10866.11452  
10913.42709  
10979.22747  
11025.06281  
10997.7972  
11057.83071  
11039.00083  
10922.95122  
10838.25731  
