10907.43508  
10956.04742  
10985.73309  
10950.37721  
10944.73203  
10930.84654  
11009.91066  
10921.80816  
10934.11518  
10968.07449  
10925.91127  
10910.38359  
10929.20977  
11035.09553  
11017.27318  
11044.2524  
11009.91506  
10954.92652  
10888.96016  
10893.88791  
10971.72275  
10956.85721  
10960.03439  
10922.94375  
10886.50277  
10958.8298  
10878.35361  
10950.69904  
10965.86576  
10925.15305  
10972.13811  
10958.57139  
10914.98961  
10997.08756  
10986.59029  
10985.52008  
10985.44086  
11061.13256  
10940.79781  
10989.9109  
11101.56646  
11137.5126  
10982.79111  
11007.32363  
11029.46271  
11095.7223  
10955.90953  
10866.58777  
10984.56221  
10872.0616  
10851.2657  
10854.53635  
10794.99025  
10892.46508  
10962.45639  
10906.46391  
10913.96383  
10958.65254  
11005.38637  
11033.57529  
10969.61025  
10985.96104  
11027.84047  
10905.11262  
10948.40342  
11002.04338  
10954.44848  
11001.46414  
10888.48164  
10875.79357  
10957.99561  
10958.98236  
10942.35156  
11092.8558  
10904.98447  
10871.50646  
10981.93896  
10933.16539  
10946.59014  
11011.49361  
10942.75055  
10946.395  
10908.26832  
10962.72924  
10945.80297  
10991.33082  
10877.4076  
11004.59436  
11020.04582  
10986.70465  
10924.8916  
10872.42143  
10902.00008  
10941.24762  
10965.42125  
10981.75418  
10903.79365  
10952.60699  
10894.28088  
10928.77846  
11037.43914  
11191.00096  
11141.79563  
11105.74021  
10955.38262  
10954.35953  
10872.23035  
10855.32086  
10823.41107  
10853.93771  
10938.17855  
10924.87273  
11079.0225  
10991.09533  
11005.50863  
10886.26479  
10954.37949  
10886.25387  
11115.12859  
11023.15141  
10925.83586  
10767.82699  
10728.00354  
10747.04812  
10765.58227  
10857.91297  
10964.26006  
10862.3876  
10928.52469  
11108.79535  
11049.88918  
10989.08711  
10962.68318  
10934.30527  
10919.4784  
11070.65377  
11036.43482  
10978.74578  
10988.53447  
11117.05465  
11074.50602  
11049.04053  
11000.95988  
10973.96047  
11030.07225  
11011.20377  
11028.86094  
10968.12646  
10936.71369  
10938.28869  
10802.41873  
10911.49088  
10946.085  
10916.47611  
11030.87416  
10974.8726  
10850.84131  
10897.00541  
10890.49441  
10909.599  
