12157.27437  
12229.32314  
12305.02373  
12274.40165  
12234.96062  
12237.52214  
12434.33311  
12210.48564  
12143.60551  
12311.18398  
12358.71468  
12202.65866  
12290.51096  
12330.09003  
12202.21889  
12271.97934  
12240.50141  
12143.91393  
12224.91047  
12190.89947  
12256.41133  
12204.898  
12213.99648  
12259.8923  
12128.88655  
12252.54747  
12168.26531  
12247.96408  
12209.40544  
12265.27791  
12217.80323  
12371.665  
12224.87423  
12304.77217  
12304.38314  
12348.06718  
12275.7778  
12367.26957  
12286.71468  
12248.29418  
12360.99259  
12357.9989  
12274.69447  
12254.94566  
12382.47971  
12290.75873  
12278.47834  
12217.80214  
12323.71064  
12279.92339  
12114.1105  
12153.42209  
12137.66934  
12114.34798  
12146.46776  
12212.68359  
12280.28615  
12252.11658  
12216.99298  
12254.91911  
12211.30121  
12210.90927  
12283.01949  
12104.72076  
12163.71376  
12300.93302  
12209.51291  
12243.56023  
12392.75429  
12259.36235  
12292.01933  
12361.82843  
12319.22684  
12248.64275  
12152.30853  
12207.97641  
12209.17791  
12251.02755  
12301.30244  
12189.83244  
12254.01705  
12229.72173  
12110.92693  
12347.76362  
12191.52676  
12268.36387  
12270.96311  
12371.79737  
12359.09932  
12392.81516  
12306.28741  
12175.80458  
12184.32401  
12290.76759  
12128.63126  
12181.62629  
12237.6425  
12130.43462  
12191.03319  
12201.8222  
12305.371  
12571.08369  
12342.5263  
12415.52666  
12171.70415  
12326.53773  
12205.85474  
12062.35319  
12133.60768  
12112.62143  
12201.73231  
12341.00716  
12360.8533  
12246.67077  
12269.86584  
12176.37866  
12518.41655  
12425.80957  
12571.75284  
12332.57344  
12087.41397  
12126.5999  
11935.8585  
11975.4933  
11952.60205  
12014.00755  
12270.86965  
12050.6596  
12368.64488  
12366.41729  
12377.63131  
12378.83481  
12346.83269  
12447.68085  
12376.51387  
12255.52857  
12137.59114  
12250.4395  
12237.81677  
12356.26521  
12367.2343  
12488.35765  
12481.12551  
12489.31075  
12168.93052  
12233.05911  
12257.26113  
12122.83616  
12033.28727  
12166.78762  
12116.1742  
12105.48277  
12370.94239  
12265.49796  
12467.881  
12336.21572  
12224.27749  
12153.97285  
12173.89189  
12096.00353  
