10334.33337  
10302.82906  
10390.71906  
10285.65178  
10289.88999  
10343.12369  
10358.27033  
10285.79317  
10233.86767  
10433.86466  
10269.15718  
10398.85667  
10354.5417  
10379.7649  
10355.37582  
10387.55605  
10404.77039  
10239.60037  
10263.18795  
10334.65622  
10288.5006  
10337.83075  
10306.12366  
10290.13277  
10310.94833  
10297.10443  
10284.57168  
10299.06873  
10398.94525  
10292.7915  
10411.19979  
10328.04667  
10304.17529  
10375.0701  
10358.42975  
10343.61568  
10411.1015  
10330.0266  
10284.34756  
10392.11542  
10458.68655  
10411.66201  
10308.68054  
10311.37813  
10345.87218  
10391.31668  
10294.06671  
10235.81133  
10335.862  
10330.58873  
10241.04831  
10247.66298  
10233.10886  
10324.36459  
10246.28853  
10311.50132  
10360.33132  
10295.63121  
10371.08453  
10338.75387  
10339.88252  
10278.57716  
10347.40009  
10320.18049  
10336.51507  
10377.89325  
10353.36973  
10333.29915  
10358.89535  
10274.56693  
10296.56359  
10343.70913  
10377.02649  
10362.10449  
10397.92767  
10261.96471  
10357.32632  
10312.11429  
10371.61941  
10371.46195  
10269.41606  
10346.01282  
10293.21237  
10292.89876  
10359.99005  
10349.42896  
10278.80255  
10344.37137  
10418.98264  
10298.03813  
10315.02219  
10329.44161  
10286.02612  
10329.58095  
10297.19875  
10314.92382  
10301.3762  
10330.07088  
10277.92782  
10372.1706  
10466.08428  
10378.71975  
10473.08894  
10385.2705  
10345.45461  
10367.50048  
10294.84326  
10282.58486  
10272.72241  
10250.64139  
10304.28979  
10301.23272  
10445.61901  
10393.98832  
10375.46482  
10264.45665  
10423.93294  
10392.98552  
10485.31528  
10326.54636  
10276.27686  
10190.06376  
10106.716  
10150.19608  
10276.21327  
10329.86002  
10299.97311  
10318.52885  
10452.39409  
10325.32505  
10338.80137  
10324.73886  
10297.80588  
10392.83866  
10370.48282  
10304.66803  
10402.29887  
10398.59812  
10389.13615  
10400.24991  
10359.49399  
10400.54237  
10354.31756  
10363.20322  
10281.63068  
10279.96265  
10263.68898  
10313.00642  
10218.58081  
10291.79883  
10259.49141  
10268.96865  
10338.51668  
10345.72808  
10428.74295  
10340.87772  
10379.13782  
10384.84636  
10343.79583  
10256.30191  
