10954.84279  
11029.72218  
10922.99533  
11125.15304  
11137.79003  
11074.77176  
10973.44492  
10909.82626  
10873.1564  
10898.53288  
10942.87156  
10987.6589  
11012.48977  
11038.65723  
11064.75605  
11032.1663  
11012.36023  
10939.06133  
10980.45392  
10872.65856  
10941.07078  
10914.02733  
10874.27732  
10808.22074  
10843.30443  
10958.09756  
10942.49488  
10802.70858  
10824.99093  
10944.70052  
10992.43183  
10907.11652  
10961.36598  
10999.70808  
10880.70372  
10873.43824  
10967.09251  
11032.79732  
11236.93928  
11061.46742  
11081.6117  
11097.67884  
11159.80481  
11013.5772  
11088.68863  
10953.64964  
10905.78478  
11009.05608  
11037.28043  
11039.16287  
10838.29766  
10839.29369  
10965.92502  
10912.80821  
10808.94355  
10779.5286  
10854.90117  
10947.8283  
11030.68436  
10990.76331  
11087.43195  
10990.02876  
10983.81798  
10939.26506  
10958.05167  
11008.2016  
10979.35187  
10908.77573  
10896.30649  
11013.51251  
11120.73431  
10989.11941  
10974.91651  
10887.70623  
11062.65338  
11038.49722  
11126.98519  
11238.81856  
11099.77414  
11011.30045  
11115.94664  
10991.1361  
10985.85222  
11081.32228  
11037.67187  
10956.29213  
11042.52751  
11070.13407  
11026.34671  
10870.18771  
10941.02489  
10927.20412  
10828.9788  
10844.38834  
10948.79654  
10939.85417  
10900.33117  
10884.10137  
10977.02489  
10921.80622  
10887.53005  
10993.49581  
10969.32858  
10954.0406  
11052.21685  
11088.0202  
10953.60421  
10864.27183  
10990.55911  
11032.8193  
10939.95911  
10865.84055  
10960.99971  
11057.4814  
10960.78851  
10881.26725  
10905.83429  
11035.42872  
10920.15031  
10889.6847  
11030.93694  
10967.29291  
10974.58963  
10977.43082  
11022.3077  
10921.03875  
10938.92734  
10992.22702  
10968.88466  
10863.76598  
10883.55474  
10992.6686  
11104.97336  
10960.98606  
10928.30029  
10991.18096  
10999.82178  
10901.66356  
10901.21809  
11121.49969  
10977.45348  
10913.44331  
11004.21853  
10908.32776  
10859.34288  
10922.32737  
10983.30259  
11022.01905  
10978.89295  
10904.84657  
11003.72366  
10995.98117  
11052.24917  
10945.91179  
10906.10142  
11060.74292  
11046.7156  
10924.58119  
10963.60344  
11036.66661  
