10349.63597  
10443.60119  
10377.51611  
10441.37025  
10446.45625  
10385.31865  
10295.95271  
10250.93519  
10261.03633  
10280.0841  
10380.45714  
10321.99934  
10270.95174  
10385.42188  
10403.06343  
10362.7009  
10339.78035  
10263.4794  
10334.5255  
10204.01772  
10303.32417  
10254.92153  
10229.31681  
10173.05593  
10204.63081  
10333.07743  
10319.60496  
10175.27161  
10223.69064  
10311.76065  
10344.41245  
10313.26481  
10322.89182  
10451.06071  
10368.71841  
10360.56564  
10458.82365  
10460.77763  
10534.92275  
10404.01203  
10390.08439  
10371.34389  
10443.78337  
10382.55934  
10398.69376  
10317.70999  
10272.19409  
10348.28781  
10400.57638  
10418.32122  
10263.66484  
10295.78454  
10401.37617  
10335.61622  
10166.56853  
10154.79718  
10236.56268  
10293.7212  
10381.72996  
10340.06354  
10375.30139  
10393.66309  
10338.9376  
10291.87886  
10335.59946  
10339.22392  
10312.39057  
10229.04627  
10241.57417  
10320.38534  
10448.67971  
10374.66129  
10323.6158  
10221.09483  
10375.2159  
10472.61592  
10536.4308  
10538.10197  
10377.29715  
10331.80331  
10434.76287  
10340.08938  
10350.18551  
10461.04499  
10382.77856  
10235.98616  
10354.52263  
10378.85249  
10345.12328  
10163.32582  
10253.66426  
10214.93924  
10097.51121  
10188.0593  
10283.15635  
10259.95446  
10225.57528  
10304.1005  
10354.9022  
10277.07326  
10240.16952  
10396.86937  
10352.23762  
10349.29794  
10423.17422  
10457.75989  
10380.08913  
10273.90452  
10417.90137  
10449.35757  
10343.17999  
10265.97867  
10369.70432  
10476.87285  
10356.47244  
10195.30083  
10238.21588  
10331.45252  
10238.82066  
10207.48747  
10319.00924  
10270.50076  
10291.40393  
10313.70041  
10420.7207  
10344.62058  
10266.78621  
10335.14571  
10339.10231  
10210.52498  
10206.37472  
10284.55008  
10459.10296  
10344.30638  
10319.73259  
10424.86543  
10330.44756  
10221.95272  
10254.68143  
10442.85834  
10417.25491  
10343.47952  
10434.8587  
10324.49537  
10263.48224  
10365.71151  
10326.51934  
10362.53106  
10304.41188  
10264.93522  
10341.42134  
10306.6338  
10388.69  
10262.58437  
10237.92912  
10354.71936  
10406.40889  
10329.43204  
10319.49382  
10411.57009  
