10980.80337  
11126.13784  
11256.6908  
11028.73727  
11304.14181  
11223.08717  
11130.25155  
10926.07318  
10855.21377  
10913.06992  
11030.74371  
10871.05276  
10888.46177  
11012.23066  
10938.78635  
11027.18569  
11029.50216  
10936.7586  
10887.91424  
10836.29498  
10868.33609  
10841.75364  
10910.01291  
10936.92347  
10950.40379  
10981.94656  
10950.44151  
10889.56684  
10908.66492  
11009.95174  
11158.33477  
11061.10931  
11074.07981  
11106.97745  
10953.97873  
10962.19222  
11016.70109  
10933.55152  
11198.61892  
11233.93021  
11182.18872  
11032.8324  
11103.18987  
11053.30358  
11168.69336  
11053.79245  
10961.97543  
11024.74867  
11042.54418  
10999.2916  
10933.64603  
11068.99475  
10941.76311  
10906.36294  
10933.23232  
10956.20878  
10912.59899  
11044.86077  
11128.65597  
11071.6114  
11234.21781  
11029.32086  
10974.90461  
10887.37408  
10911.0975  
10915.8413  
10906.26825  
10941.66243  
10993.39763  
11161.34194  
11189.32655  
11008.06169  
10940.92953  
11066.84375  
11214.35122  
11005.2122  
11213.44832  
10984.23735  
11275.69929  
11053.29934  
11205.02877  
11000.46026  
10978.94816  
11012.8876  
10951.76331  
10899.16808  
10954.22606  
11017.80721  
11009.75533  
10904.73155  
10937.34369  
10908.6447  
10871.08294  
10919.90197  
10924.86323  
10856.96943  
10953.59613  
11016.90997  
10988.41362  
10895.48966  
10954.47132  
11020.1073  
11057.2563  
11005.2823  
11097.59484  
11138.72176  
11023.57285  
10929.42101  
11001.56843  
11048.08236  
10965.92913  
10928.9678  
11025.51701  
11076.77341  
10963.22166  
11006.33882  
10977.36895  
11058.52506  
11055.83841  
10969.40541  
11013.12035  
11118.95932  
11088.47349  
11074.95705  
11059.72242  
10912.4905  
11025.84656  
10921.89374  
10940.61745  
10937.73306  
10995.77844  
11115.16624  
11164.08491  
10993.43765  
10996.39248  
11012.63106  
10892.93487  
10922.91558  
10968.11734  
11181.3898  
10979.74233  
10994.81169  
11026.9366  
10899.34507  
10953.85182  
11020.36779  
10971.9124  
10931.14716  
10963.65997  
11010.37286  
10876.14896  
10915.89881  
11003.64352  
11148.3041  
10979.13889  
11194.32248  
11095.23214  
10971.77441  
11051.00627  
11074.50803  
