12108.63323  
12274.32988  
12144.09319  
12327.27493  
12234.83179  
12115.53414  
12119.84046  
11970.16901  
11809.94715  
11891.68465  
11944.55437  
12043.73987  
12036.65621  
12028.99069  
12070.72605  
12105.02859  
12142.45332  
12048.01381  
12077.11904  
12082.19583  
12084.37289  
12093.64009  
12082.93432  
11889.14469  
11909.71  
12070.72739  
12095.06127  
11954.84519  
11967.93597  
12119.58884  
12121.13431  
11981.29178  
11963.34487  
12147.18124  
12061.48064  
11977.8987  
12308.17624  
12132.01874  
12322.96854  
12252.72501  
12148.52494  
12202.96445  
12116.16864  
12086.33979  
12075.83156  
12099.91624  
11888.95129  
11916.00251  
12003.96927  
12048.36585  
12038.92586  
11879.29764  
12117.10135  
12075.22766  
12080.79227  
11926.79458  
11970.77507  
11980.55058  
12103.70491  
12050.42562  
12112.46502  
11950.17765  
12039.15321  
12095.15132  
12132.09426  
12146.21081  
12159.84031  
12064.89332  
12054.70551  
12164.0029  
12199.64951  
12101.68751  
12043.28318  
12163.03034  
12192.62409  
12112.12386  
12298.98612  
12394.71818  
12261.98451  
12053.79819  
12138.70027  
11948.41387  
12092.47282  
12205.69228  
12215.96837  
11954.80468  
11943.49591  
12157.66655  
12065.52044  
12029.18546  
12021.85303  
12129.7782  
11960.51515  
11931.96514  
12062.20324  
12123.61751  
11927.47915  
11957.25875  
11989.97853  
12143.2424  
11958.81392  
11975.38471  
12063.05115  
12032.43425  
12019.74676  
12072.21005  
12130.05719  
11960.83193  
11989.69773  
12133.58229  
12125.49563  
11953.86294  
12004.0262  
12098.05787  
12253.83562  
12072.41898  
12081.19446  
12187.94674  
12083.89681  
11977.98997  
12106.65524  
12115.11405  
12030.56488  
11968.63757  
11953.98533  
12016.56183  
11971.24763  
12042.93048  
12189.87966  
12001.28766  
11973.5044  
12016.54134  
12107.08934  
11905.53853  
11890.06733  
11873.81969  
12141.06869  
11989.91393  
12022.99248  
12152.77848  
12103.67504  
11943.91446  
12048.68433  
12137.45762  
11919.82817  
11949.06518  
12216.60124  
12316.5132  
12156.38978  
12056.3416  
12128.11041  
12162.12608  
12152.78671  
12173.34482  
12068.48565  
12121.67879  
12142.29238  
11990.8952  
12007.168  
12039.40737  
