10891.56167  
10821.45096  
11158.30612  
11014.18471  
10979.49531  
10935.44852  
10847.84867  
10798.8491  
10886.65089  
10987.47544  
10975.5192  
10863.57592  
10901.18258  
10946.93738  
10902.94691  
10908.29074  
10915.4088  
10857.02326  
10867.24544  
10865.44785  
10881.67972  
10851.60101  
10905.06832  
10951.85284  
10929.40043  
10859.89474  
10852.63827  
10859.60391  
10886.77572  
10860.94876  
10878.37738  
10840.23594  
10901.4939  
10887.10107  
10817.42132  
10941.17467  
11017.39578  
10915.17969  
11068.89717  
10952.17647  
10882.82824  
11002.13036  
10906.85601  
10845.07062  
10928.12866  
10862.11103  
10857.18296  
10856.05267  
10823.79315  
10900.16509  
11001.45878  
10920.8729  
10875.83771  
10840.03202  
10805.36172  
10901.6343  
10834.12972  
10777.98699  
10884.25983  
10895.61891  
11062.37617  
10996.90006  
10950.48648  
10879.97571  
10920.97925  
10939.58171  
10925.25142  
10926.76254  
10976.51099  
10895.34698  
10897.82246  
10817.6206  
10889.69663  
10940.21005  
10934.22636  
11056.10604  
11155.08602  
10925.87473  
11062.92682  
10836.7429  
10988.96624  
10927.34317  
10911.75176  
10930.37678  
10918.31636  
10950.09703  
10876.23651  
10912.49972  
10880.86633  
10912.61394  
10949.98337  
10850.05275  
10921.60608  
10951.06455  
10934.72778  
10858.51118  
10938.00188  
10986.73385  
10958.50188  
10867.248  
10952.10349  
10902.14587  
10872.5759  
10890.0392  
10947.38556  
10898.63275  
10851.64585  
10939.08487  
10933.12117  
10877.60029  
10842.1295  
10948.03324  
10945.43904  
10897.67894  
10872.04052  
11007.94958  
10976.58432  
10906.92569  
10874.74764  
10849.91622  
10845.21029  
10903.20477  
10872.23884  
10906.08258  
10965.80718  
10841.11416  
10983.67594  
10953.11908  
10898.41026  
10924.13823  
10928.43075  
10870.44826  
10913.27765  
10902.90667  
10939.7171  
10972.90863  
10932.17133  
10889.39514  
10956.03002  
10937.20195  
10829.40849  
10981.96733  
10897.03214  
10827.71561  
11003.10206  
11008.72695  
10886.1771  
10818.40955  
10836.24796  
10986.52148  
10901.53352  
10885.84795  
10935.97613  
10915.16479  
10918.8211  
10919.29124  
10923.44025  
10882.41737  
10918.60717  
10921.07124  
