10281.21367  
10458.06228  
10440.8599  
10374.63123  
10363.51906  
10316.58012  
10305.16279  
10223.4699  
10195.2257  
10234.20255  
10418.64068  
10268.58295  
10212.5259  
10315.70695  
10320.72548  
10263.19887  
10259.65069  
10165.40694  
10227.99103  
10101.39176  
10240.95334  
10146.28058  
10136.34203  
10062.06534  
10088.88629  
10211.84804  
10197.42907  
10086.98607  
10133.17618  
10193.63321  
10228.906  
10292.37463  
10285.82718  
10367.75433  
10400.87657  
10381.69809  
10486.87163  
10467.03876  
10533.57966  
10270.5567  
10344.36514  
10419.40749  
10433.43399  
10349.08108  
10265.66051  
10325.07719  
10237.20606  
10261.63258  
10304.05759  
10404.60666  
10256.3047  
10271.70009  
10306.95946  
10201.1996  
10036.74364  
9988.570607  
10065.73572  
10142.33422  
10323.57197  
10402.29738  
10370.10985  
10373.04562  
10258.37673  
10230.7656  
10264.84644  
10256.01573  
10233.20174  
10128.98647  
10193.17464  
10235.2538  
10386.79895  
10406.40511  
10329.08606  
10133.77263  
10346.1469  
10509.91027  
10649.24761  
10495.03849  
10325.41149  
10355.47318  
10470.80339  
10333.21225  
10395.50816  
10447.61039  
10334.76456  
10250.77591  
10291.09916  
10288.15759  
10288.44961  
10085.07529  
10140.25609  
10076.60053  
10019.66435  
10130.78954  
10203.09043  
10173.4083  
10158.44935  
10273.00799  
10237.37938  
10179.24738  
10149.77272  
10285.8615  
10287.97562  
10308.4137  
10319.79571  
10319.80613  
10349.41964  
10252.33499  
10385.60943  
10404.27647  
10328.95502  
10249.35792  
10293.09925  
10406.48399  
10384.094  
10173.24847  
10122.39477  
10205.5716  
10225.75667  
10143.06319  
10221.41909  
10173.37605  
10233.59658  
10271.06914  
10302.57679  
10302.27052  
10230.54382  
10289.70958  
10270.27494  
10185.29783  
10118.78642  
10138.369  
10400.37473  
10330.65109  
10331.59752  
10362.34098  
10279.29358  
10170.93666  
10197.35157  
10402.03694  
10437.20301  
10325.06152  
10407.85385  
10266.81026  
10223.2566  
10351.19732  
10306.74012  
10346.57092  
10286.77289  
10200.46537  
10218.87063  
10244.95528  
10248.92976  
10211.47723  
10163.79312  
10238.41692  
10356.01692  
10334.60713  
10268.63865  
10295.80812  
