10321.36712  
10383.67356  
10380.77947  
10338.73275  
10357.90152  
10314.49241  
10228.12103  
10179.2504  
10206.12893  
10223.0135  
10317.16125  
10295.2832  
10251.2773  
10350.83976  
10332.21635  
10303.15439  
10285.36248  
10213.75623  
10279.35233  
10139.59579  
10283.31689  
10200.30925  
10169.90027  
10132.77642  
10187.75992  
10323.82951  
10268.26046  
10128.34552  
10220.15698  
10273.17549  
10267.44491  
10246.91943  
10276.26238  
10400.98025  
10327.15141  
10310.6841  
10414.96378  
10406.63109  
10474.02751  
10369.64174  
10282.64316  
10253.90186  
10293.55851  
10307.51419  
10319.7316  
10237.38942  
10218.95362  
10265.38544  
10308.38602  
10368.95332  
10245.27954  
10289.43069  
10370.14558  
10297.55774  
10120.4717  
10134.62736  
10214.58745  
10259.83613  
10367.52146  
10320.80745  
10309.88044  
10322.88896  
10322.65327  
10247.9112  
10306.8338  
10305.76683  
10272.50596  
10190.38952  
10208.94935  
10263.80566  
10362.08833  
10272.83609  
10267.73247  
10208.61568  
10292.5278  
10399.42489  
10422.60827  
10427.80651  
10282.76129  
10203.38486  
10301.91051  
10237.01278  
10249.00251  
10431.40538  
10348.6959  
10207.47456  
10359.71327  
10317.99349  
10283.87719  
10111.23127  
10254.4426  
10193.45771  
10078.24523  
10202.91683  
10299.14266  
10242.14274  
10205.2151  
10321.68174  
10347.50062  
10258.48498  
10218.40546  
10295.37981  
10245.72523  
10266.48715  
10307.61307  
10364.15645  
10332.20368  
10222.012  
10332.25437  
10381.24795  
10279.94907  
10193.67489  
10277.38895  
10399.12002  
10306.82021  
10170.38754  
10214.26863  
10281.07232  
10189.00485  
10164.12021  
10270.21341  
10222.29182  
10220.67885  
10248.74819  
10359.57932  
10301.71492  
10250.16805  
10343.87193  
10290.11974  
10162.99867  
10178.02591  
10248.69875  
10368.19303  
10268.89774  
10260.91558  
10392.10475  
10319.757  
10169.73119  
10234.97773  
10361.19881  
10329.2116  
10274.45422  
10371.4027  
10295.15987  
10227.91726  
10334.22475  
10237.1375  
10305.95547  
10243.31541  
10245.76566  
10300.25019  
10264.05994  
10348.90561  
10216.4683  
10191.14542  
10296.09572  
10320.84752  
10273.19981  
10257.02378  
10347.31568  
