9885.108578  
9982.760722  
9977.314832  
9917.323422  
9993.967235  
9927.96313  
9820.280552  
9722.449179  
9761.337133  
9769.391163  
9727.577667  
9853.734096  
9889.792172  
9979.792769  
9945.651846  
9884.779994  
9899.154018  
9825.256358  
9869.875797  
9688.334104  
9879.42327  
9786.846401  
9681.237085  
9704.42317  
9823.377192  
9938.698721  
9865.452268  
9690.281549  
9779.433673  
9864.597796  
9882.124721  
9818.157585  
9891.996791  
9948.116071  
9793.471301  
9757.793587  
9859.011519  
9933.135583  
10033.0237  
10015.09616  
9932.827906  
9867.586197  
9864.185148  
9818.387775  
9937.504225  
9774.586496  
9741.011021  
9822.245954  
9851.608897  
9900.571688  
9804.32948  
9745.45442  
9976.888532  
9913.996472  
9738.953245  
9755.519252  
9807.874581  
9892.531051  
9942.875917  
9813.370018  
9981.609016  
9977.585778  
10019.41077  
9880.261081  
9966.483618  
9979.967953  
9932.984515  
9783.423868  
9828.606206  
9891.669045  
9957.114078  
9807.330517  
9812.415697  
9865.820073  
9830.669444  
9974.347656  
10013.76535  
10020.42227  
9796.39214  
9767.437978  
9795.135204  
9722.378169  
9698.415099  
9976.359295  
9945.621154  
9742.003727  
9957.177336  
9920.847975  
9987.576112  
9691.290258  
9865.317961  
9772.540338  
9675.10804  
9799.254125  
9959.93477  
9832.218531  
9749.215302  
9895.134467  
10011.51547  
9813.954759  
9790.168487  
9796.395269  
9740.407805  
9738.223553  
9848.145029  
9926.415338  
9858.495277  
9754.41484  
9868.387895  
9991.302734  
9834.71873  
9725.175901  
9738.139349  
9929.866131  
9801.794982  
9738.029974  
9834.026826  
9944.15627  
9770.530971  
9782.790976  
9937.705576  
9818.24153  
9752.845484  
9851.285475  
9903.867805  
9852.014609  
9825.037209  
10059.23788  
9913.38341  
9731.119898  
9849.066805  
9917.699558  
9953.672672  
9773.597317  
9789.152264  
9998.339625  
10018.17801  
9738.41767  
9890.425403  
9918.038963  
9772.236448  
9821.011619  
9960.309291  
9797.178731  
9732.913584  
9865.801459  
9880.942124  
9833.703444  
9771.366948  
9881.578882  
9983.625239  
9854.128966  
9951.332051  
9775.191765  
9788.734056  
9925.740135  
9916.57396  
9756.305724  
9793.044085  
9951.712632  
