10513.67914  
10163.73167  
10214.34236  
10233.62659  
10174.90222  
10131.51569  
10200.97841  
10355.97684  
10411.96776  
10367.71625  
10262.80705  
10279.07256  
10396.96405  
10452.90741  
10299.4052  
10474.30397  
10384.19221  
10437.881  
10645.34703  
10523.49304  
10350.26404  
10480.72719  
10385.06561  
10276.47003  
10421.50494  
10278.98399  
10344.89905  
10528.06714  
10303.99068  
10283.17787  
10223.99925  
10278.18579  
10450.99098  
10404.10233  
10236.7009  
10298.84892  
10381.69646  
10335.31911  
10340.69652  
10274.93784  
10326.03242  
10403.83122  
10258.00607  
10248.19064  
10383.90889  
10354.55405  
10478.58003  
10289.96622  
10208.88539  
10180.12148  
10229.33539  
10335.96983  
10494.90852  
10453.98215  
10371.97676  
10365.75398  
10370.38055  
10252.08885  
10329.99246  
10335.40097  
10306.56036  
10243.27191  
10195.52924  
10139.34167  
10167.05357  
10396.77882  
10352.89357  
10485.05301  
10320.88245  
10260.53308  
10283.98236  
10340.21574  
10572.07895  
10643.45378  
10493.58833  
10666.38419  
10376.39905  
10332.14481  
10445.2903  
10509.23026  
10392.40613  
10319.19672  
10402.23959  
10135.65591  
10083.94503  
10075.12404  
10222.2981  
10222.74539  
10177.42568  
10066.30891  
10206.3694  
10426.14659  
10270.56183  
10148.09679  
10346.18746  
10407.61302  
10392.15442  
10328.34315  
10281.9225  
10358.86586  
10296.61183  
10468.54808  
10352.93112  
10425.78616  
10515.75117  
10509.41446  
10274.38843  
10235.91202  
10271.54066  
10318.52528  
10346.14972  
10396.15468  
10454.47789  
10464.25313  
10521.0609  
10495.05554  
10477.35286  
10439.24756  
10144.98337  
10111.59845  
10321.07446  
10247.82034  
10307.7115  
10166.78728  
10154.11003  
10261.40329  
10142.61617  
10324.66333  
10422.06029  
10543.0338  
10605.78329  
10456.33832  
10504.52837  
10354.30774  
10238.87292  
10348.32538  
10452.46748  
10411.4187  
10376.56461  
10216.54941  
10234.59055  
10266.64095  
10376.79012  
10381.02467  
10311.93932  
10513.84215  
10517.94998  
10436.18217  
10049.44827  
10186.36378  
10179.02263  
10195.80231  
10159.85257  
10404.58963  
10470.17662  
10452.72888  
10548.82874  
10604.56285  
10095.17188  
10141.98395  
