9930.617693  
9625.867196  
9705.969401  
9551.397975  
9534.984049  
9739.131065  
9589.737133  
9713.6829  
9848.597074  
9859.937286  
9755.009509  
9746.769548  
9809.93529  
9969.05969  
9884.635365  
9878.155967  
9837.336212  
9869.171173  
9962.981197  
9940.737939  
9890.542095  
9873.890462  
9806.284959  
9816.5962  
9747.369578  
9792.662264  
9943.634629  
9869.993096  
9729.667755  
9752.315481  
9767.098607  
9754.560358  
9805.07457  
9812.031404  
9853.753941  
9740.177657  
9871.56262  
9809.64842  
9775.972922  
9713.184433  
9815.760485  
9868.569396  
9692.294819  
9817.143281  
9739.967516  
9718.589861  
9801.104167  
9635.398737  
9624.017373  
9759.025665  
9706.143966  
9700.627167  
9847.170256  
9901.49241  
9934.122627  
9781.354192  
9715.668526  
9738.27462  
9674.427632  
9680.706355  
9760.787144  
9720.110514  
9706.127399  
9711.881879  
9735.451797  
9778.986714  
9838.283203  
9910.632504  
9770.165287  
9815.122601  
9911.839261  
9871.445347  
9909.51362  
9981.231582  
9881.869458  
9969.718973  
9883.292009  
9753.533537  
9737.337814  
9762.892141  
9771.870605  
9734.389015  
9745.13528  
9536.415108  
9509.204778  
9568.633267  
9580.725449  
9657.893966  
9786.66593  
9764.969975  
9793.891807  
9901.53872  
9753.268332  
9711.542626  
9771.991117  
9851.421926  
9904.533709  
9801.025005  
9774.451857  
9754.390728  
9745.513689  
9852.386659  
9833.947617  
9872.228079  
9898.256759  
9838.053574  
9707.084952  
9776.195792  
9772.673049  
9810.141704  
9878.71899  
9867.677863  
9898.436224  
9920.182386  
9925.564248  
9923.796284  
9937.914371  
9871.346406  
9698.938391  
9654.535002  
9711.051218  
9704.921944  
9748.545727  
9697.134903  
9586.517227  
9622.775682  
9721.210115  
9805.692203  
9948.986191  
9904.482148  
9972.681195  
9976.085535  
9850.2831  
9778.303788  
9786.231094  
9794.441603  
9875.868087  
9746.354852  
9760.065969  
9729.13211  
9693.279245  
9756.88635  
9924.585141  
9821.193651  
9825.625317  
9933.616425  
9993.876953  
9987.076669  
9640.893435  
9625.120537  
9607.695604  
9719.775211  
9661.197009  
9788.678968  
9905.929542  
9880.311095  
10001.49817  
9886.444721  
9443.838062  
9544.162152  
