11135.61726  
10890.53341  
10884.85521  
10765.46057  
10857.44534  
11006.32427  
10927.23363  
11008.79039  
11039.20724  
11055.8836  
11029.2826  
11087.85617  
11068.92276  
11151.52648  
11204.9272  
11124.18645  
11031.14432  
11082.59475  
11165.61244  
11240.4079  
11224.84096  
11107.05824  
11019.99814  
11101.98193  
10996.25195  
10926.11795  
11121.63346  
11132.63258  
11060.32915  
11005.95671  
11063.56222  
11101.85026  
11070.75133  
10979.64297  
11037.09119  
10989.31462  
11093.98026  
11157.52841  
11018.6503  
11035.46468  
11035.79848  
11097.18715  
10974.81573  
11069.33029  
10992.35431  
10886.33819  
10898.74244  
10823.74821  
10889.30425  
10987.62207  
10956.66467  
10979.20652  
11132.07157  
11188.10926  
11165.43078  
11046.01081  
10977.12395  
11039.67048  
10903.39495  
10883.26602  
11023.82224  
10990.1632  
10944.99414  
10971.96468  
11019.88046  
11042.96175  
11005.2071  
11035.02853  
10939.98214  
10974.07936  
11083.09747  
11161.41176  
11188.00995  
11214.80557  
11036.76488  
11114.31848  
11066.83173  
11020.49665  
11035.40574  
10935.66318  
10949.99  
10882.01781  
10977.4275  
10724.27396  
10797.16625  
10899.71008  
10816.80053  
10894.19461  
11132.12035  
11089.18118  
11158.10603  
11183.92536  
11032.9165  
11000.85847  
11033.42857  
11189.93373  
11188.07203  
11157.31315  
11043.38184  
11005.45489  
11088.63081  
11174.8551  
11152.42392  
11092.23707  
11043.22868  
11056.69008  
10986.50758  
11008.84352  
11088.63795  
11084.82564  
11061.74214  
11055.35847  
11058.66316  
11164.95812  
11161.07664  
11216.80146  
11172.28418  
11054.0579  
10935.21298  
10964.42999  
10944.20122  
10954.45487  
10940.62388  
10969.91988  
10917.76507  
10942.30948  
11066.89062  
11096.75249  
11110.42962  
11127.47519  
11121.44792  
11226.31187  
11110.57752  
11020.65009  
11039.94734  
11101.26528  
11119.73591  
11033.1246  
11026.4392  
11020.30173  
10928.43085  
11040.03241  
11163.76074  
11114.27655  
11056.28806  
11203.06313  
11219.6849  
11257.6127  
10926.16643  
10877.4491  
10958.50395  
11072.33791  
10964.97868  
11155.38974  
11242.92548  
11201.95464  
11025.90755  
10909.13732  
10588.12116  
10782.47175  
