11450.38276  
11276.63077  
11304.33714  
11074.83632  
11272.81874  
11247.1545  
11181.55574  
11335.49521  
11372.79977  
11248.16684  
11236.18823  
11294.83697  
11511.72613  
11403.3879  
11423.82834  
11377.22437  
11528.5613  
11508.31338  
11519.43751  
11397.07304  
11489.73667  
11539.44521  
11350.09999  
11236.23846  
11416.23573  
11366.6584  
11314.01729  
11510.59001  
11283.08782  
11309.42529  
11432.78025  
11360.30282  
11351.54187  
11158.31693  
11264.28992  
11477.50671  
11365.45175  
11420.77683  
11219.76978  
11413.57032  
11381.14195  
11234.58765  
11488.55495  
11345.32907  
11383.2484  
11337.66131  
11229.58266  
11132.01273  
11132.9867  
11263.22375  
11274.74972  
11484.03836  
11504.84675  
11443.81243  
11473.70199  
11380.0243  
11355.94639  
11238.6908  
11190.26216  
11287.76011  
11319.58931  
11254.25326  
11320.82501  
11236.96689  
11240.01722  
11280.57601  
11449.38549  
11382.15659  
11189.5287  
11199.479  
11318.41767  
11356.71868  
11293.21728  
11539.17168  
11477.60448  
11403.27812  
11292.42498  
11233.76628  
11351.8569  
11348.56462  
11299.67424  
11429.0185  
11180.24248  
11114.62759  
11243.13089  
11100.66978  
11146.7853  
11119.02725  
11567.40604  
11412.81183  
11405.20799  
11538.70688  
11455.35779  
11286.97253  
11382.34684  
11592.84392  
11567.80075  
11363.35947  
11252.15108  
11441.54921  
11204.50203  
11542.86803  
11467.10877  
11411.71021  
11457.21774  
11408.42318  
11420.80172  
11291.46513  
11248.27376  
11292.68868  
11351.93094  
11407.69118  
11136.89319  
11326.99774  
11460.01278  
11488.35802  
11500.24203  
11428.30927  
11461.72634  
11296.22451  
11353.50863  
11348.07917  
11375.97781  
11261.56283  
11242.00711  
11193.51658  
11175.88679  
11394.73236  
11612.31928  
11405.48176  
11329.34083  
11368.15645  
11326.73986  
11228.28359  
11214.19363  
11125.30327  
11372.88832  
11599.77627  
11470.25201  
11308.37534  
11264.26597  
11289.15411  
11277.73965  
11362.20754  
11281.66138  
11404.25225  
11573.66317  
11483.89841  
11350.78806  
11159.08499  
11128.68857  
11339.03181  
11359.37692  
11328.81691  
11524.90407  
11379.48401  
11542.01946  
11357.1358  
11090.9368  
11340.05173  
