10717.12843  
10438.71348  
10366.73041  
10348.65563  
10404.18092  
10344.05523  
10440.80772  
10432.08422  
10471.68275  
10399.30188  
10500.4656  
10452.43284  
10556.21083  
10588.11217  
10578.32839  
10647.95739  
10536.068  
10498.00636  
10589.96025  
10649.52635  
10390.82287  
10463.93839  
10422.10432  
10472.28317  
10463.5588  
10496.63284  
10443.87481  
10663.5894  
10436.51987  
10406.08948  
10424.43504  
10614.78165  
10572.74691  
10426.1118  
10446.24267  
10472.71833  
10457.33673  
10629.58086  
10387.17757  
10410.76749  
10514.80897  
10471.96714  
10492.12521  
10463.52741  
10442.42884  
10443.92268  
10429.02853  
10346.88902  
10418.74421  
10363.98217  
10467.02034  
10686.61596  
10506.16863  
10650.44295  
10580.57987  
10543.62911  
10586.50478  
10364.57505  
10289.33324  
10285.10068  
10435.0849  
10515.87904  
10442.09865  
10359.75356  
10512.60152  
10496.4197  
10414.59277  
10479.53143  
10357.49891  
10382.70994  
10436.23751  
10509.19712  
10598.3316  
10746.77276  
10644.69345  
10694.9391  
10539.90323  
10472.41824  
10501.01066  
10447.1447  
10456.66262  
10459.34301  
10418.46062  
10352.31335  
10313.33769  
10318.46521  
10324.02918  
10267.16001  
10629.14027  
10358.86707  
10451.63227  
10646.37293  
10458.99613  
10424.66581  
10575.54332  
10487.80489  
10510.28005  
10467.70702  
10403.03367  
10318.04569  
10386.01196  
10677.40642  
10664.98868  
10668.19092  
10584.10284  
10593.82884  
10447.85302  
10290.13363  
10348.14823  
10591.09224  
10509.58108  
10489.57784  
10527.29137  
10554.08042  
10704.60823  
10738.01545  
10654.8068  
10537.9357  
10423.32935  
10539.70999  
10499.7016  
10414.32266  
10419.80727  
10409.46833  
10296.90747  
10456.77329  
10330.36549  
10479.12022  
10657.49858  
10502.71141  
10590.26832  
10468.17976  
10498.00068  
10414.0196  
10299.60368  
10457.34462  
10715.01026  
10707.47192  
10498.25008  
10493.55896  
10364.90216  
10345.63002  
10327.06163  
10505.92957  
10504.53968  
10710.50422  
10505.18781  
10723.17696  
10293.10428  
10327.30032  
10275.66345  
10522.10745  
10239.63257  
10387.26637  
10599.91402  
10455.691  
10681.58194  
10730.35161  
10348.91815  
10532.94365  
