11285.60469  
11036.24048  
11082.59152  
11084.60416  
11052.23363  
11097.17903  
11098.67662  
11094.04352  
11148.25299  
11140.0991  
11073.7765  
11078.14993  
11119.16586  
11204.84525  
11215.60367  
11184.0572  
11105.34462  
11135.72462  
11260.1453  
11344.57216  
11239.447  
11148.99292  
11138.71827  
11147.66008  
11066.05624  
11056.44194  
11215.07231  
11253.35905  
11178.51299  
11062.85717  
11102.59105  
11162.44191  
11108.98203  
11091.22685  
11078.03767  
11070.62934  
11224.40651  
11248.32403  
11120.46118  
11068.26458  
11096.36471  
11197.95417  
11113.87552  
11130.56742  
11066.90789  
11030.83352  
11104.37491  
11025.44039  
11021.08243  
11055.14332  
11111.14019  
11172.65512  
11305.64713  
11294.73338  
11266.7529  
11178.57531  
11128.26523  
11108.58785  
11051.25076  
11017.51244  
11073.80442  
11071.78028  
11013.78485  
11029.53083  
11032.22112  
11033.68342  
10992.27671  
11095.8133  
11005.73669  
11007.47635  
11081.99234  
11237.0751  
11236.64667  
11275.72727  
11221.15184  
11282.81353  
11278.11655  
11192.09025  
11224.51926  
11228.82833  
11160.38587  
11148.18277  
11206.12027  
11048.52272  
10985.12829  
11002.89848  
11024.81265  
11033.36369  
11201.57487  
11143.88851  
11122.22643  
11253.56312  
11171.62272  
11123.9291  
11114.50642  
11133.32874  
11153.37103  
11176.04249  
11067.80669  
11050.23501  
11165.11728  
11283.11202  
11206.42026  
11216.85841  
11166.68533  
11177.14802  
11104.90265  
11068.37634  
11093.07271  
11096.50831  
11126.31588  
11081.73267  
11155.77779  
11204.07092  
11282.34392  
11307.36991  
11284.46806  
11205.70605  
11129.47611  
11132.5708  
11120.26047  
11072.88875  
11061.5279  
11055.53599  
11048.53067  
11067.03811  
10999.1516  
11061.24125  
11170.17125  
11267.9191  
11224.30129  
11251.20358  
11205.65061  
11101.62618  
11118.86708  
11164.43015  
11317.29948  
11293.93254  
11148.36179  
11134.33464  
10995.35112  
11014.24308  
11071.46505  
11146.75949  
11156.12216  
11273.86372  
11309.56034  
11295.43102  
11024.74823  
10988.48843  
11053.10699  
11128.74764  
11013.0816  
11172.48008  
11231.1549  
11218.86937  
11192.64582  
11186.53682  
10948.65412  
11053.94636  
