10907.29453  
10593.24461  
10633.94333  
10605.87303  
10553.55561  
10563.85399  
10587.26954  
10698.58163  
10761.14876  
10766.58118  
10662.11222  
10633.91446  
10729.15246  
10824.54098  
10743.78838  
10817.07775  
10744.02132  
10787.67186  
10983.09794  
10957.13075  
10780.92696  
10775.09992  
10765.60716  
10701.046  
10743.1132  
10653.88058  
10773.20256  
10903.71419  
10718.40303  
10657.29561  
10611.26369  
10690.86043  
10782.40244  
10763.52653  
10637.03154  
10646.8479  
10800.50276  
10783.33155  
10702.80186  
10650.0982  
10698.91548  
10816.50565  
10659.41945  
10652.32488  
10717.29315  
10704.28859  
10828.3068  
10679.0426  
10626.20053  
10583.51109  
10667.84558  
10724.83652  
10905.345  
10839.29541  
10810.7168  
10755.09601  
10718.0173  
10656.37226  
10711.76745  
10653.9367  
10639.00505  
10621.40739  
10572.44032  
10537.75199  
10581.46678  
10727.92633  
10664.5838  
10791.42447  
10659.80776  
10629.29317  
10672.65883  
10789.91074  
10889.5063  
10988.74403  
10835.15533  
10994.20752  
10809.05393  
10745.69367  
10835.33161  
10857.56875  
10804.07032  
10683.48476  
10780.31314  
10524.82164  
10458.12153  
10478.62944  
10596.91503  
10601.41934  
10664.23796  
10576.22079  
10666.15274  
10858.70348  
10660.18824  
10588.30546  
10723.39524  
10736.17737  
10756.50108  
10733.96258  
10658.49471  
10668.38235  
10706.29664  
10914.90111  
10762.47345  
10801.17055  
10815.51416  
10837.85285  
10656.39872  
10618.93284  
10632.77544  
10659.35612  
10691.33422  
10692.40573  
10764.67519  
10838.5195  
10947.87734  
10922.06196  
10882.11692  
10848.54604  
10637.47646  
10587.97172  
10719.71097  
10650.27944  
10666.05705  
10567.78368  
10557.58853  
10623.24564  
10490.71518  
10671.19316  
10858.05614  
10920.00306  
10925.06522  
10830.14739  
10809.07642  
10715.07397  
10648.87548  
10704.50136  
10899.30919  
10923.18222  
10821.88845  
10647.78261  
10554.04211  
10575.26951  
10680.47271  
10761.50234  
10716.97803  
10925.21801  
10940.33953  
10852.95065  
10473.86421  
10554.18219  
10563.41002  
10608.03835  
10557.994  
10787.13587  
10787.81132  
10819.89844  
10842.66555  
10924.27699  
10552.60437  
10552.55885  
