10355.64323  
10120.62213  
10278.08277  
10190.71731  
10216.28886  
10259.50822  
10199.91637  
10200.08714  
10272.39781  
10290.64997  
10325.03796  
10284.82013  
10257.60499  
10324.04134  
10278.96803  
10257.4496  
10290.1164  
10265.1686  
10358.74035  
10263.38973  
10281.81597  
10288.33294  
10259.74647  
10268.43902  
10283.08625  
10362.46672  
10266.19499  
10355.50195  
10327.39133  
10280.44762  
10201.51121  
10197.91368  
10229.06749  
10292.92864  
10272.61895  
10284.19547  
10270.4759  
10371.4847  
10246.88138  
10254.47363  
10350.35875  
10335.69989  
10213.44921  
10218.74564  
10212.9413  
10250.00608  
10231.39283  
10181.92964  
10242.39186  
10234.14968  
10262.65295  
10282.15415  
10341.41161  
10346.89106  
10309.97124  
10292.35086  
10335.08461  
10250.61233  
10205.17409  
10181.30486  
10188.36972  
10212.35198  
10226.53232  
10239.54823  
10215.16835  
10186.87128  
10227.01824  
10228.45257  
10216.50015  
10257.7042  
10236.39089  
10244.03353  
10315.29899  
10309.76789  
10398.08331  
10333.22895  
10313.9391  
10243.11858  
10298.9216  
10235.21937  
10202.34053  
10254.83815  
10170.74143  
10205.79305  
10207.34924  
10253.85929  
10221.15869  
10218.39871  
10336.0148  
10188.20534  
10301.86344  
10370.05361  
10314.33576  
10273.8483  
10233.2067  
10263.77226  
10206.77733  
10240.74352  
10243.07297  
10170.86251  
10292.28836  
10289.3777  
10362.95297  
10304.90471  
10350.55759  
10272.0134  
10200.67935  
10219.60467  
10225.24194  
10243.12649  
10236.47052  
10379.22823  
10264.19056  
10321.94153  
10332.47116  
10250.78544  
10318.30481  
10308.94401  
10281.40625  
10172.29798  
10201.95998  
10240.93609  
10244.23382  
10311.92162  
10228.41361  
10308.5402  
10207.73224  
10230.6391  
10537.22672  
10312.82901  
10303.22361  
10279.62728  
10279.41972  
10309.70322  
10177.36924  
10169.97777  
10404.71534  
10379.42217  
10211.1994  
10266.43284  
10247.86459  
10148.10314  
10213.42427  
10161.95545  
10235.00551  
10385.62481  
10267.91337  
10418.21019  
10231.99958  
10166.06523  
10148.69148  
10240.34217  
10245.95111  
10212.17978  
10362.87979  
10300.12671  
10314.18051  
10502.72505  
10129.43528  
10188.92406  
