10336.78178  
10048.40516  
10145.35771  
10151.54268  
10093.18923  
10097.5306  
10107.04906  
10189.29891  
10279.94175  
10257.80031  
10132.30852  
10122.72048  
10198.12913  
10292.92011  
10246.42595  
10308.41836  
10231.31932  
10242.17022  
10381.3712  
10365.51568  
10189.72633  
10243.46546  
10246.17198  
10172.80348  
10186.53455  
10159.32187  
10228.944  
10291.2315  
10213.63111  
10110.10271  
10146.66565  
10204.61485  
10260.4568  
10235.8902  
10161.24163  
10154.76086  
10277.30206  
10202.67387  
10238.49569  
10126.3164  
10211.66313  
10294.67733  
10143.62817  
10188.9353  
10212.75204  
10172.72658  
10294.25614  
10204.94767  
10088.27825  
10105.15735  
10192.55642  
10246.55531  
10326.59208  
10307.26637  
10270.39725  
10221.70896  
10223.52039  
10178.29368  
10197.21845  
10145.23432  
10191.1949  
10153.27325  
10092.21393  
10066.2449  
10114.04593  
10194.505  
10169.80084  
10318.96337  
10189.08217  
10143.7708  
10172.80564  
10302.40681  
10353.2007  
10388.18681  
10320.03508  
10416.54221  
10214.06293  
10173.82195  
10212.15489  
10298.85239  
10212.84298  
10244.13125  
10273.51449  
10066.68054  
9986.821361  
9998.104059  
10106.53781  
10140.85913  
10152.52473  
10084.14765  
10179.10375  
10351.75638  
10192.52908  
10105.25498  
10199.16521  
10192.61951  
10194.66959  
10173.72957  
10094.64356  
10152.03434  
10193.07793  
10311.20624  
10238.82514  
10262.00152  
10278.57841  
10288.81564  
10143.98812  
10121.44293  
10151.13636  
10178.99075  
10214.73206  
10175.00745  
10279.14682  
10236.52225  
10344.94226  
10380.79933  
10361.47328  
10297.66426  
10112.05195  
10115.21224  
10229.08359  
10130.368  
10159.35926  
10043.08032  
10016.97536  
10104.52075  
10010.16461  
10146.70128  
10281.10131  
10332.44588  
10343.06672  
10272.65418  
10268.37732  
10212.02223  
10175.40863  
10223.73803  
10323.17655  
10449.40261  
10217.52505  
10120.45559  
10024.78021  
10094.64754  
10136.13596  
10215.52267  
10249.13067  
10382.31014  
10394.59759  
10312.28061  
9988.273173  
10086.13589  
10071.64024  
10123.57054  
10026.4566  
10221.74229  
10260.91035  
10312.23212  
10294.38435  
10363.67038  
10110.23415  
10102.50168  
