11192.52249  
11171.22349  
11219.9389  
11208.03203  
11206.04359  
11237.37987  
11183.57095  
11148.90446  
11139.77537  
11076.62339  
11135.97188  
11298.0942  
11113.1834  
11225.7867  
11169.53646  
11136.81421  
11242.07508  
11142.26723  
11134.67764  
11140.86956  
11143.18671  
11184.84421  
11166.07453  
11128.51374  
11327.11504  
11277.81602  
11191.77635  
11090.31598  
11141.51504  
11220.63212  
11222.7516  
11196.38501  
11133.52872  
11102.58145  
11201.31149  
11152.25035  
11144.93116  
11196.39209  
11161.84681  
11181.10677  
11246.53593  
11242.08109  
11199.73243  
11166.92068  
11205.07169  
11307.12587  
11163.86387  
11175.6502  
11235.06898  
11181.15935  
11135.80147  
11108.54943  
11131.38278  
11105.22744  
11189.20295  
11280.08151  
11207.58369  
11112.82311  
11218.25878  
11173.76656  
11159.35688  
11158.22735  
11162.30326  
11183.5722  
11147.21434  
11102.14177  
11134.18362  
11122.73721  
11082.62256  
11135.28299  
11186.45502  
11098.06501  
11129.43104  
11207.8522  
11171.82918  
11240.39043  
11123.31647  
11238.40391  
11118.37072  
11128.54847  
11284.3544  
11211.41966  
11126.99987  
11280.63077  
11308.71791  
11252.27955  
11190.28177  
11181.54352  
11170.2201  
11308.32695  
11441.47202  
11363.27695  
11196.84371  
11141.86497  
11288.29353  
11077.5464  
11128.04136  
11094.01967  
11071.50979  
11111.78763  
11163.84187  
11184.04952  
11171.22833  
11173.40772  
11139.12899  
11115.86101  
11190.27617  
11136.35664  
11099.09923  
11164.80285  
11282.95967  
11252.37814  
11196.12024  
11129.18083  
11090.91063  
11181.98052  
11131.50277  
11254.54175  
11216.58259  
11176.20824  
11166.45111  
11115.55954  
11176.30696  
11226.07196  
11211.174  
11170.69129  
11240.18745  
11164.53429  
11066.87266  
11172.7604  
11252.78955  
11228.55139  
11112.92334  
11237.05657  
11166.21789  
11076.08462  
11206.73573  
11197.3084  
11211.9735  
11189.49877  
11160.51029  
11198.38469  
11206.61716  
11208.73206  
11203.66084  
11194.52937  
11214.27736  
11163.26767  
11203.75553  
11148.29279  
11129.4273  
11257.61041  
11265.82317  
11181.19158  
11118.47541  
11118.05203  
11143.07535  
11166.84818  
11189.199  
11165.2925  
