12418.21604  
12228.73531  
12227.92703  
12242.33881  
12230.02993  
12298.20206  
12225.40194  
12317.32924  
12281.61106  
12216.76969  
12226.34614  
12455.89181  
12313.13254  
12320.73513  
12294.44996  
12208.90113  
12376.90962  
12327.7706  
12271.46782  
12422.66562  
12471.00925  
12405.88951  
12343.54511  
12405.68547  
12446.19289  
12413.90059  
12254.04574  
12144.70544  
12213.03407  
12240.23336  
12270.91272  
12416.51597  
12337.62574  
12257.17497  
12392.49486  
12394.23984  
12253.57782  
12395.14256  
12440.08762  
12336.18723  
12327.88683  
12318.4871  
12267.4684  
12218.83886  
12463.47566  
12316.55313  
12236.46468  
12245.23449  
12244.92391  
12324.35581  
12331.22272  
12262.83101  
12310.82696  
12358.18636  
12314.32892  
12282.51296  
12288.13766  
12409.97355  
12345.16419  
12265.04409  
12280.00057  
12335.84602  
12340.13658  
12293.00617  
12311.69183  
12317.90955  
12283.70669  
12260.67981  
12246.24564  
12234.73481  
12305.77708  
12160.42074  
12135.4832  
12336.46823  
12260.69643  
12366.58955  
12274.65412  
12297.12494  
12283.09485  
12204.46761  
12320.15652  
12341.09222  
12243.9627  
12310.58672  
12366.41098  
12406.05885  
12323.33006  
12313.12812  
12325.80664  
12451.19682  
12395.65807  
12368.82631  
12227.8558  
12251.23021  
12335.57412  
12256.04772  
12223.9885  
12188.38692  
12242.14176  
12325.38769  
12428.27665  
12266.87662  
12397.3127  
12266.34895  
12233.52983  
12248.56738  
12356.89814  
12333.98966  
12236.94951  
12285.55167  
12361.53587  
12398.17306  
12413.09162  
12303.6832  
12248.83943  
12293.79353  
12286.93633  
12375.23515  
12435.17715  
12427.49643  
12345.37004  
12374.73832  
12294.5979  
12290.0449  
12242.93203  
12429.19844  
12459.87355  
12287.76549  
12239.49816  
12275.25313  
12137.14811  
12243.15806  
12212.18059  
12251.49336  
12242.61631  
12218.60872  
12272.08586  
12262.53136  
12276.88039  
12387.78317  
12199.75359  
12276.29227  
12381.53513  
12443.57108  
12314.31879  
12364.15476  
12363.47095  
12388.56642  
12346.26425  
12244.28862  
12238.99978  
12315.8283  
12357.17041  
12276.90083  
12194.98308  
12194.2154  
12279.66978  
12272.03112  
12359.16491  
12467.26238  
