10313.11478  
10281.04395  
10269.36265  
10346.57307  
10275.25801  
10315.27364  
10256.76975  
10282.48686  
10211.27608  
10207.44801  
10238.1569  
10260.48485  
10253.73885  
10288.18029  
10265.82792  
10225.83239  
10319.81825  
10217.21088  
10214.66238  
10302.29502  
10259.83192  
10211.00658  
10193.46175  
10208.92337  
10372.23822  
10305.04038  
10209.0238  
10183.17978  
10243.13082  
10312.48643  
10319.13005  
10274.01496  
10171.6394  
10206.73627  
10314.19669  
10239.83269  
10209.79163  
10314.12579  
10239.42248  
10253.05933  
10338.03213  
10358.00998  
10254.66105  
10295.21166  
10265.6066  
10381.78788  
10261.29587  
10216.2216  
10270.36237  
10290.14916  
10237.40297  
10199.25272  
10189.70931  
10200.22664  
10260.7193  
10321.20182  
10266.12538  
10205.81565  
10265.64806  
10186.64459  
10196.15479  
10271.96311  
10291.44482  
10287.74268  
10251.18131  
10178.02145  
10201.62391  
10221.05363  
10184.71301  
10252.13882  
10323.86153  
10179.53591  
10189.20645  
10323.37311  
10208.66829  
10348.49351  
10220.04847  
10310.58187  
10253.91323  
10204.21658  
10334.52737  
10272.30376  
10199.41131  
10379.62812  
10399.12874  
10305.30742  
10232.0855  
10269.79289  
10287.36305  
10422.74408  
10462.36153  
10373.19602  
10248.80895  
10225.33097  
10366.77612  
10207.5101  
10202.94092  
10182.3861  
10200.0063  
10227.92267  
10255.17603  
10238.48955  
10305.62461  
10220.85517  
10195.9597  
10198.26068  
10283.18126  
10232.97003  
10186.54736  
10248.70449  
10314.23291  
10321.5295  
10275.89083  
10234.81121  
10203.12551  
10266.54245  
10238.41252  
10327.46929  
10312.34093  
10293.69961  
10240.7114  
10213.81618  
10235.26324  
10307.68955  
10294.2815  
10321.60779  
10292.58806  
10252.25473  
10176.16813  
10238.81756  
10342.32978  
10271.4545  
10164.6791  
10318.79029  
10298.79408  
10186.19685  
10285.16659  
10254.41795  
10293.99527  
10309.39928  
10227.15639  
10308.17367  
10315.71468  
10223.44013  
10218.9355  
10234.58252  
10306.28263  
10328.70348  
10249.93282  
10241.29166  
10227.98252  
10330.8104  
10355.65514  
10282.61632  
10201.33875  
10182.6675  
10246.05818  
10296.19304  
10299.19704  
10223.34472  
