9730.898883  
9747.748238  
9717.348866  
9840.292311  
9769.58685  
9786.218071  
9710.469153  
9589.691014  
9670.478431  
9594.623875  
9661.834494  
9682.978197  
9632.991402  
9735.717137  
9737.029615  
9645.881709  
9741.186863  
9617.932883  
9622.048807  
9699.828528  
9582.301875  
9592.161239  
9637.844949  
9660.178626  
9797.706458  
9692.670771  
9683.475214  
9602.499756  
9710.465672  
9758.915782  
9756.066003  
9595.221807  
9628.691619  
9579.267706  
9713.602093  
9671.896208  
9615.478346  
9765.566555  
9633.393449  
9616.031186  
9726.177862  
9679.644956  
9690.626316  
9767.662598  
9676.176248  
9802.350013  
9752.084664  
9684.860925  
9799.72894  
9776.848293  
9712.597635  
9612.636666  
9651.846648  
9681.504479  
9701.239406  
9756.945355  
9600.185918  
9572.650762  
9729.676227  
9647.067818  
9663.151717  
9762.577064  
9739.319463  
9686.450684  
9657.875616  
9590.14468  
9591.542342  
9588.045548  
9611.600331  
9654.759235  
9740.508938  
9593.452297  
9641.676715  
9818.170134  
9614.333294  
9715.543648  
9731.051673  
9788.133619  
9697.864873  
9670.818083  
9777.94665  
9657.488504  
9604.229344  
9812.295516  
9810.950662  
9632.832307  
9603.230426  
9670.692967  
9761.455142  
9850.004458  
9927.194485  
9869.911218  
9683.095958  
9612.236286  
9698.29851  
9505.094079  
9535.748408  
9577.069856  
9650.022992  
9699.227454  
9668.056726  
9688.597932  
9784.29074  
9685.633088  
9617.410347  
9684.947075  
9727.531611  
9646.026325  
9597.073561  
9727.879501  
9750.260105  
9772.109545  
9716.517642  
9656.086617  
9642.533352  
9686.054751  
9695.573221  
9783.970873  
9774.538532  
9726.576193  
9636.248493  
9633.911303  
9638.88916  
9750.546429  
9751.444973  
9754.351838  
9663.458454  
9629.312564  
9568.046769  
9671.875552  
9800.64952  
9670.543393  
9557.630074  
9698.12086  
9685.690302  
9632.601945  
9745.586744  
9683.853622  
9737.254416  
9804.914338  
9660.297342  
9802.330269  
9811.283458  
9714.312245  
9707.195206  
9669.664551  
9723.977751  
9770.002739  
9666.049741  
9618.539763  
9648.166865  
9687.66851  
9738.453507  
9698.212063  
9596.814708  
9601.671281  
9687.531972  
9733.982061  
9745.053711  
9638.010551  
