10922.07686  
10939.01968  
10914.35684  
10973.08264  
10949.22639  
10940.70667  
10902.38635  
10782.92803  
10788.9355  
10814.72786  
10875.05808  
11087.82886  
10986.6519  
10996.28687  
11004.9741  
10892.85464  
10969.76907  
10890.59424  
10941.30383  
10996.49421  
10923.57827  
10892.89895  
10872.12251  
10950.04436  
11019.26885  
10977.17241  
10916.04785  
10895.81956  
10939.4522  
10983.0085  
10980.44839  
10891.36628  
10869.03291  
10972.99392  
10964.22346  
10823.47996  
10916.47148  
10981.26504  
10917.23647  
10941.61426  
10983.23113  
10975.85579  
10900.27161  
11019.06106  
10918.29976  
11048.53474  
10960.43896  
10938.37256  
10986.6707  
10972.4769  
10906.65017  
10900.52505  
10902.37466  
10895.25076  
10960.73848  
10998.21394  
10806.26843  
10822.66563  
10963.93657  
10907.46882  
10911.40999  
11008.78855  
10976.55857  
10916.39875  
10873.64202  
10857.04902  
10852.99429  
10835.16956  
10870.38723  
10950.62664  
10974.69055  
10856.54412  
10914.36335  
10937.68909  
10817.60161  
10969.75491  
10939.19658  
10965.03235  
10872.01416  
10928.77798  
11008.02134  
10835.4103  
10843.83872  
11065.04661  
11053.53586  
10845.5019  
10828.96111  
10920.49963  
10956.6332  
11071.63804  
11128.86919  
11054.97402  
10894.61267  
10832.61567  
10944.28625  
10739.31382  
10821.50828  
10819.49873  
10955.64102  
11018.02815  
10924.10898  
10990.77161  
11008.54514  
10958.50574  
10929.68748  
10943.83198  
10991.38491  
10899.01897  
10893.77361  
10910.82866  
11035.14534  
10974.49375  
10899.49434  
10905.42837  
10843.82964  
10982.79521  
10906.9876  
11005.74629  
10997.00413  
10946.31145  
10895.78298  
10893.42087  
10901.79033  
10969.78186  
10975.04507  
10984.69038  
10892.06677  
10813.88589  
10794.72729  
10894.89033  
11021.09163  
10824.92087  
10817.19241  
10909.73779  
10905.58616  
10833.69373  
10990.49426  
10893.33201  
11017.7907  
11039.40405  
10900.53833  
11027.34692  
11000.07986  
10912.30452  
10934.59832  
10933.5407  
11001.8948  
10992.3366  
10896.16304  
10915.60537  
10858.41453  
10921.64465  
10958.11731  
10926.54714  
10862.92898  
10868.72185  
10924.07034  
10953.4748  
10978.81641  
10873.72473  
