11075.71829  
11066.59019  
11171.09134  
11083.35544  
11187.73664  
11176.84598  
11145.00286  
11081.70597  
11145.71404  
11041.61189  
11335.96593  
11199.17558  
11142.85519  
11101.4377  
11098.04253  
11042.52648  
11065.24345  
11125.77736  
11146.41287  
11208.20947  
11161.77135  
11116.54801  
11117.22032  
11196.03319  
11213.47496  
11167.54445  
11071.54374  
11089.84032  
11079.69824  
11062.24755  
11053.41978  
11064.33426  
11040.82679  
11141.54257  
11226.29637  
11104.00663  
11167.19103  
11194.26184  
11137.47005  
11229.30508  
11155.94931  
11116.25551  
11074.35865  
11104.69306  
11219.67398  
11117.54636  
11161.52838  
11142.12601  
11229.16633  
11172.09958  
11189.70186  
11229.94747  
11118.2628  
11070.77985  
11089.84579  
11025.08095  
11021.13706  
11068.01278  
11084.19086  
11141.51742  
11178.10839  
11158.84984  
11103.73623  
11069.06799  
11116.76874  
11152.52941  
11098.86054  
11157.70212  
11222.84328  
11187.73656  
11157.91481  
11078.42998  
11162.30587  
11189.01459  
11118.09007  
11120.42788  
11149.48296  
11037.95444  
11185.90824  
11190.24146  
11144.48003  
11085.02303  
11108.22314  
11138.29203  
11183.68166  
11132.52297  
11115.98915  
11055.85815  
11123.43745  
11181.48342  
11219.02792  
11322.11736  
11258.52425  
11101.74062  
10984.28744  
10914.44262  
10923.81983  
10951.21502  
11040.28661  
11141.95808  
11164.87099  
11222.93493  
11225.23829  
11164.74718  
11175.37222  
11130.91579  
11138.66623  
11182.31437  
11103.53936  
11113.31117  
11079.93646  
11145.52617  
11187.66755  
11194.06919  
11074.91635  
11089.68066  
11054.39748  
11092.71018  
11138.54283  
11209.70707  
11205.87372  
11077.78862  
11116.04709  
11214.55506  
11137.9136  
11145.84812  
11103.25899  
11083.87636  
11034.57057  
11092.17962  
11167.79236  
11058.20632  
11119.02987  
11095.58543  
11157.4941  
11077.97437  
11036.59431  
11027.35759  
11134.822  
11189.98619  
11238.45344  
11209.54184  
11160.69079  
11136.61826  
11069.16836  
11114.25977  
11256.02539  
11229.08036  
11106.04938  
11129.05454  
11177.94127  
11153.88394  
11075.60611  
11177.72192  
11158.87194  
11076.79743  
11036.49814  
11131.23674  
11142.5707  
11094.12846  
