11148.45205  
11240.79924  
11133.44274  
11211.18327  
11299.54858  
11205.39048  
11198.69594  
11245.66303  
11225.51289  
11182.3834  
11363.74445  
11193.69515  
11184.73215  
11203.0223  
11280.1577  
11211.28003  
11294.98037  
11173.96515  
11294.43256  
11366.58569  
11171.18965  
11300.34199  
11166.87071  
11309.23159  
11149.49114  
11308.01776  
11272.54633  
11146.24766  
11292.17042  
11141.87998  
11274.70588  
11259.2161  
11243.58113  
11269.10281  
11176.43555  
11322.95118  
11173.91035  
11301.3246  
11331.32969  
11213.30984  
11430.07998  
11143.61572  
11266.67776  
11146.66768  
11255.83975  
11170.31448  
11289.46311  
11248.89258  
11200.71112  
11196.25502  
11254.94055  
11201.58023  
11240.61673  
11208.75229  
11354.7546  
11192.01378  
11304.72475  
11267.41121  
11280.89117  
11183.03903  
11242.66  
11280.60855  
11165.43823  
11307.10658  
11215.18253  
11298.98945  
11240.45022  
11062.5602  
11175.12948  
11185.35073  
11207.82406  
11071.09573  
11255.4937  
11168.13882  
11297.73444  
11143.18898  
11264.67175  
11165.74139  
11261.46393  
11175.15514  
11308.86068  
11162.88885  
11269.39607  
11154.34129  
11282.0448  
11131.62032  
11270.43005  
11268.33976  
11157.98969  
11247.63388  
11211.24476  
11288.83974  
11220.01236  
11222.77785  
11179.35838  
11072.43892  
11295.52598  
11147.36739  
11254.85355  
11084.7421  
11271.18561  
11226.45934  
11278.13456  
11134.38356  
11219.69407  
11178.191  
11167.13709  
11177.30094  
11148.38306  
11215.60878  
11104.51279  
11320.48762  
11239.39689  
11197.8625  
11291.06149  
11167.95944  
11352.19073  
11245.88482  
11210.60499  
11358.28659  
11257.68239  
11329.52511  
11173.81058  
11312.26266  
11184.39917  
11178.62018  
11240.00567  
11187.96037  
11298.69565  
11230.32702  
11113.39617  
11220.71441  
11247.77862  
11280.80379  
11219.05327  
11339.99461  
11230.24793  
11314.69947  
11156.82223  
11229.25564  
11142.90217  
11306.28249  
11294.95324  
11225.43089  
11301.45691  
11260.59338  
11210.66516  
11282.29039  
11275.09374  
11163.85409  
11210.10926  
11198.49144  
11315.93212  
11121.62319  
11310.76719  
11163.28961  
11327.50604  
11142.93385  
11279.90897  
11063.49477  
