11034.60908  
11110.92044  
11026.55926  
11077.49119  
11174.484  
11072.93304  
11062.70107  
11149.59076  
11088.3147  
11059.40142  
11288.28561  
11074.30257  
11052.30112  
11087.37668  
11119.73979  
11093.59554  
11180.98434  
11084.34632  
11213.85321  
11220.51151  
11008.26237  
11170.51343  
11021.47694  
11200.10231  
11039.53473  
11231.97165  
11137.66673  
11004.57093  
11188.24033  
11012.86087  
11189.59507  
11138.30015  
11136.1861  
11148.13608  
11035.65571  
11204.13086  
11050.46037  
11228.51447  
11203.70083  
11061.10931  
11293.32251  
11016.94715  
11167.88669  
11013.13786  
11163.67572  
11022.87982  
11174.09425  
11204.9193  
11071.91776  
11053.70153  
11096.13472  
11092.42821  
11093.96519  
11073.10286  
11254.64867  
11014.2827  
11201.55998  
11116.35713  
11179.75111  
11070.63447  
11154.19364  
11165.29421  
11035.09572  
11206.08848  
11051.72397  
11186.36144  
11185.75272  
10941.12715  
11060.06569  
11051.82464  
11147.74878  
10945.57008  
11130.4693  
11039.86048  
11145.06626  
11018.55475  
11124.26071  
11056.28262  
11128.86646  
11054.74556  
11216.92585  
11011.99474  
11125.8061  
11008.71012  
11150.13854  
10982.23532  
11167.97043  
11158.74764  
11025.52467  
11159.48018  
11079.34844  
11169.2604  
11071.10741  
11103.52528  
11055.1651  
10935.83114  
11196.35304  
11020.08503  
11199.90742  
10960.64811  
11219.15241  
11101.28271  
11194.84064  
10998.60376  
11152.57069  
11060.48128  
11068.57645  
11038.22983  
11028.88455  
11075.61447  
10953.70964  
11228.97479  
11094.80433  
11035.57002  
11135.61252  
11040.44543  
11277.45975  
11101.7146  
11067.83415  
11225.73926  
11108.66449  
11196.13543  
11051.88175  
11244.08538  
11058.22378  
11077.73742  
11134.98504  
11066.09687  
11223.77225  
11118.35798  
10986.96712  
11107.46895  
11171.88491  
11145.04339  
11100.52866  
11197.36838  
11085.08709  
11217.20661  
11013.26016  
11163.0481  
11006.22274  
11212.99022  
11140.20693  
11089.12642  
11201.59645  
11106.86867  
11084.34471  
11218.44435  
11178.37873  
11026.38366  
11091.86462  
11037.54115  
11151.40181  
10985.01488  
11206.21969  
11036.83242  
11180.37061  
11030.88787  
11182.28509  
10972.48464  
