10617.08845  
10621.99091  
10624.13942  
10704.84543  
10631.92235  
10630.41303  
10582.99742  
10604.49458  
10567.96315  
10554.37802  
10657.57624  
10575.79968  
10611.23067  
10594.48581  
10617.53336  
10567.80397  
10648.06214  
10634.47335  
10708.1655  
10675.14074  
10585.25182  
10646.6138  
10599.3669  
10628.81164  
10551.16599  
10628.3003  
10609.91231  
10576.81222  
10627.62465  
10533.87243  
10599.85024  
10558.58715  
10580.16366  
10614.58509  
10597.48183  
10650.85768  
10649.03847  
10733.47651  
10653.15262  
10654.17755  
10704.76126  
10603.05322  
10627.38604  
10537.72391  
10569.5515  
10550.62092  
10643.11731  
10661.61714  
10606.05302  
10664.75726  
10641.34061  
10656.86743  
10619.42433  
10632.78531  
10685.83128  
10607.88393  
10731.18925  
10613.98173  
10651.86482  
10569.43328  
10656.15701  
10632.77845  
10611.89033  
10641.05794  
10617.81832  
10626.85545  
10634.02156  
10544.00163  
10628.578  
10542.4673  
10601.92347  
10530.86911  
10625.48759  
10633.76013  
10663.55725  
10677.93566  
10661.75115  
10639.21776  
10608.63871  
10627.46834  
10647.35127  
10584.1037  
10644.47842  
10620.43097  
10622.51644  
10528.58008  
10593.91763  
10596.38345  
10527.212  
10611.09546  
10565.8868  
10652.521  
10588.87451  
10625.74113  
10573.90945  
10546.42368  
10620.07342  
10527.79038  
10625.92632  
10521.40288  
10663.39128  
10560.29634  
10643.8414  
10549.77872  
10681.79724  
10569.71513  
10595.30901  
10536.41751  
10576.30539  
10584.59462  
10539.13251  
10630.65095  
10590.96452  
10664.48403  
10663.31922  
10592.2863  
10685.55429  
10595.03329  
10618.34807  
10692.04998  
10689.38676  
10668.8812  
10548.23384  
10628.42263  
10542.67272  
10566.72559  
10596.00876  
10670.50297  
10694.00213  
10601.5066  
10535.61938  
10563.13167  
10649.91388  
10622.77184  
10696.72538  
10674.82006  
10649.88937  
10671.11697  
10536.36975  
10613.67277  
10507.8071  
10645.13164  
10650.22049  
10678.83308  
10681.10982  
10616.94315  
10639.23748  
10665.23799  
10593.62031  
10547.16039  
10601.26043  
10589.03869  
10678.5712  
10566.28705  
10619.98385  
10589.99577  
10660.81361  
10557.13212  
10652.99497  
10563.25725  
