11021.35304  
10974.95636  
11010.08269  
11075.41721  
10982.978  
10974.97155  
10948.71363  
10990.41483  
10915.98263  
10977.35677  
10997.60255  
10962.44963  
11012.82362  
10945.0664  
11031.40583  
10961.43092  
10957.89837  
10965.23767  
11012.5803  
10994.42253  
11041.99583  
10964.78931  
11026.74868  
10944.52811  
11005.58015  
10985.62845  
10976.20514  
11051.34062  
10958.37285  
11027.24549  
10998.25445  
10987.60139  
11022.50799  
10929.79633  
11012.86269  
10950.74624  
10975.18163  
11006.6025  
10999.47285  
11000.63034  
11021.683  
11056.3037  
10928.99412  
11003.04758  
10962.08848  
10990.16646  
10963.26491  
11017.25496  
10921.41012  
11050.69445  
10945.87261  
10999.39429  
10957.30975  
10985.4579  
10990.68095  
11005.54918  
11018.91021  
10994.97856  
10996.30897  
11032.51601  
10978.3344  
10966.58921  
10980.71358  
10983.26775  
11030.49772  
11040.31021  
10962.17501  
11016.27655  
11066.52553  
11026.24709  
11009.28304  
11024.71136  
10946.15216  
11013.10745  
10940.11961  
11006.30457  
10950.85309  
10999.30221  
10980.48614  
10983.514  
10981.81456  
10988.83786  
10930.5073  
11004.39599  
10969.05462  
11002.47218  
10897.84561  
10987.62087  
10959.16078  
10993.70147  
10976.47015  
11015.9893  
10956.98243  
10995.99058  
10947.70665  
10982.59158  
10934.90141  
11018.96532  
10999.90816  
10977.32677  
10987.29113  
10967.56613  
11039.66882  
10978.21225  
10975.38973  
10925.36294  
10986.82  
10957.17978  
11019.61516  
10933.58975  
10997.17123  
10982.17339  
10933.47158  
11007.83175  
10956.87342  
11010.67988  
10995.04076  
10983.46054  
11054.16825  
10986.13886  
11064.45215  
10994.71859  
11004.98451  
11027.63768  
11011.61799  
11051.71682  
10961.01125  
11002.98883  
10987.44695  
10971.82611  
11060.1013  
10950.44107  
11035.58629  
10980.83683  
11061.63315  
10957.85336  
11020.13095  
10990.26206  
11002.83725  
10948.40029  
10972.49409  
11030.5404  
10974.12549  
11014.91517  
10997.64897  
10958.24893  
10982.4709  
10972.58504  
10978.5477  
11064.53415  
10951.63506  
11041.76277  
10958.02402  
10972.44064  
10916.05306  
11006.84593  
10950.23337  
11013.17136  
10975.09748  
10995.88552  
