10647.05724  
10706.55021  
10647.4675  
10648.41955  
10702.76767  
10740.12099  
10756.28642  
10581.42903  
10677.44596  
10672.99985  
10576.89881  
10808.37008  
10586.96286  
10685.64435  
10654.12364  
10711.25089  
10625.82868  
10603.89089  
10685.10604  
10772.53349  
10703.39283  
10659.45225  
10662.9495  
10654.93502  
10673.27817  
10595.30312  
10805.23999  
10692.41223  
10660.33194  
10710.61488  
10610.556  
10813.75513  
10598.00414  
10721.45464  
10632.62348  
10659.46633  
10601.33056  
10665.47025  
10767.01701  
10780.98624  
10687.44628  
10647.36676  
10732.51422  
10623.00549  
10607.33775  
10767.37285  
10738.79367  
10546.75549  
10749.26748  
10642.49855  
10791.28657  
10547.86058  
10725.40613  
10661.30755  
10641.6882  
10654.95037  
10644.72075  
10834.93399  
10561.91624  
10815.53257  
10570.98451  
10716.57686  
10566.10373  
10697.19496  
10684.44261  
10856.72961  
10535.47797  
10817.82204  
10697.55089  
10753.42177  
10624.78467  
10647.69108  
10793.04624  
10640.39559  
10771.23282  
10632.42412  
10728.38947  
10595.48209  
10718.35029  
10640.59627  
10642.55551  
10621.21524  
10652.68759  
10639.03461  
10717.20895  
10604.92715  
10666.31156  
10560.55273  
10782.92077  
10571.3357  
10819.93865  
10633.52376  
10824.57102  
10587.08157  
10724.91629  
10578.27729  
10546.18854  
10700.07812  
10536.88271  
10592.95611  
10550.52899  
10753.9589  
10561.95106  
10795.38614  
10541.27414  
10763.06891  
10538.68196  
10784.20618  
10575.21927  
10674.46404  
10583.87678  
10554.56256  
10768.68554  
10629.07138  
10659.67553  
10641.86847  
10602.54352  
10823.79185  
10697.15868  
10751.59752  
10678.0848  
10722.84376  
10691.38222  
10597.08818  
10811.3479  
10661.67378  
10775.47256  
10671.29259  
10609.95255  
10761.50127  
10662.64438  
10783.67172  
10655.13323  
10813.86186  
10682.37417  
10716.54363  
10750.531  
10580.53038  
10656.36337  
10564.27868  
10723.78436  
10621.35101  
10784.28239  
10698.44676  
10616.29709  
10826.07169  
10621.31632  
10580.07136  
10789.56792  
10657.59295  
10695.88573  
10649.7593  
10692.05373  
10605.91169  
10641.37243  
10635.65714  
10703.53748  
10670.68911  
10723.81084  
10573.19874  
