11060.91639  
11032.74404  
11021.79088  
11165.79199  
11085.3808  
11161.86766  
11183.18385  
11062.06076  
11078.51025  
11110.85248  
11103.57703  
11101.52922  
11103.33176  
11039.96881  
11144.49143  
11132.47418  
11164.76773  
11115.66004  
11178.79529  
11281.89984  
11106.80104  
11135.87668  
11116.84701  
11111.76186  
11048.60521  
11124.00098  
11147.4123  
11045.69037  
11076.596  
11049.73268  
11089.24535  
11127.03814  
11064.17949  
11140.2965  
11101.88416  
11148.69861  
11068.41752  
11204.21598  
11211.61668  
11220.04961  
11295.28977  
11084.78771  
11087.72385  
10979.84309  
11011.3198  
11120.09396  
11125.42943  
11076.01488  
11186.35094  
11149.93066  
11215.50863  
11037.43477  
11132.98814  
11150.72594  
11169.51945  
11121.50139  
11148.12984  
11175.74043  
11098.60178  
11085.63861  
11044.12666  
11117.10701  
11014.29172  
11066.0309  
11141.1182  
11165.05539  
10996.26482  
10962.39252  
11036.02367  
11044.36447  
10959.45061  
11045.06596  
11171.42771  
11083.5117  
11258.40768  
11086.83969  
11232.7199  
11010.57117  
11115.80369  
11069.01002  
11112.33955  
11078.12645  
11123.88229  
11128.79248  
11204.02539  
11006.02951  
11108.55592  
11128.19258  
11189.67354  
11114.63045  
11197.75289  
11131.20529  
11199.84543  
11100.90768  
11141.77125  
10997.78289  
11105.86424  
11082.74547  
10981.63422  
11017.3275  
11062.03096  
11205.53992  
11084.64219  
11121.47348  
11098.67137  
11120.89936  
11055.56592  
11137.72068  
11023.6999  
11154.05193  
11007.71174  
11160.64047  
11164.52453  
11146.81898  
11083.69742  
10983.76203  
11089.71801  
11118.49689  
11011.98717  
11094.86506  
11061.08152  
11098.77979  
11019.65  
11085.75779  
11076.64129  
11008.68  
11149.1342  
11086.80201  
11088.39387  
11124.24643  
11027.12074  
11157.88391  
11179.02492  
11290.47625  
11100.74846  
11209.18934  
11167.51477  
11155.48936  
11032.86301  
11032.18342  
11066.43875  
11167.1742  
11238.28133  
11141.96684  
11135.76947  
11215.95109  
11109.17861  
11049.2102  
11112.09504  
11001.4749  
11086.12563  
11087.86713  
11204.77646  
11063.90426  
11142.21352  
11056.34836  
11214.72437  
11052.81582  
11184.65945  
10911.75545  
