11195.0493  
11212.94244  
11140.1224  
11255.1411  
11212.4459  
11229.99492  
11216.59887  
11181.09544  
11213.77175  
11187.5674  
11250.54431  
11214.39199  
11177.34042  
11203.82115  
11258.69077  
11214.45492  
11300.55612  
11209.59884  
11257.96838  
11353.43313  
11229.78355  
11280.69382  
11229.8897  
11253.87205  
11140.34101  
11211.93375  
11228.03811  
11186.17586  
11227.31353  
11151.1503  
11193.21063  
11224.8994  
11197.45177  
11280.15552  
11223.46833  
11281.14193  
11193.60963  
11284.67819  
11302.85757  
11282.46882  
11386.53748  
11205.19135  
11202.06932  
11141.53838  
11158.81673  
11196.05363  
11264.32022  
11216.37194  
11290.96534  
11242.68777  
11320.85613  
11192.76863  
11291.64049  
11241.89909  
11281.47415  
11224.39309  
11283.64825  
11311.94298  
11230.90203  
11185.77466  
11199.31372  
11244.40004  
11198.99484  
11248.12792  
11232.42842  
11236.94575  
11150.6533  
11098.03068  
11168.26191  
11122.10209  
11144.52406  
11149.48576  
11268.85074  
11195.43805  
11300.88909  
11215.10771  
11306.0733  
11153.90382  
11226.68003  
11183.68419  
11252.63947  
11221.20192  
11272.69192  
11211.65202  
11272.42714  
11173.44581  
11236.47965  
11231.30719  
11215.55649  
11186.12781  
11246.4213  
11240.62023  
11262.02035  
11194.30956  
11201.82196  
11132.29038  
11228.56848  
11180.41155  
11175.43937  
11130.01189  
11207.84053  
11244.91  
11212.54342  
11219.5458  
11171.73404  
11221.60055  
11139.51018  
11210.41133  
11179.36044  
11261.19368  
11140.83322  
11262.20821  
11251.90153  
11245.52769  
11246.8623  
11131.84561  
11230.83784  
11199.04519  
11157.4228  
11281.25297  
11216.05267  
11245.4743  
11153.4696  
11194.86526  
11167.44462  
11143.06879  
11247.90327  
11208.54004  
11225.7322  
11200.92874  
11166.50086  
11255.57937  
11257.59665  
11335.4346  
11228.86011  
11318.60273  
11270.59997  
11273.31405  
11142.34662  
11159.64774  
11140.05045  
11244.02653  
11326.64462  
11275.20061  
11281.42726  
11303.02631  
11220.80839  
11172.39989  
11192.44787  
11126.9012  
11180.36033  
11219.16431  
11329.26947  
11155.97502  
11277.51981  
11176.59041  
11309.80725  
11149.64578  
11258.76531  
11093.91777  
