10155.29021  
10098.30525  
10155.8728  
10289.5428  
10217.21336  
10212.57151  
10185.2832  
10218.66106  
10100.65101  
10207.23618  
10214.69464  
10152.67113  
10161.12182  
10131.08769  
10204.09297  
10165.27373  
10182.00656  
10238.49733  
10271.02328  
10243.00717  
10183.62197  
10168.40076  
10167.17032  
10151.57911  
10134.97504  
10174.20474  
10231.09521  
10159.08652  
10179.63121  
10128.63495  
10193.71833  
10212.55064  
10157.79481  
10157.59929  
10195.35481  
10202.5759  
10255.71268  
10279.99875  
10257.17205  
10266.58823  
10222.14989  
10197.90341  
10205.30301  
10095.13394  
10074.3133  
10159.16626  
10165.37006  
10189.18073  
10171.12468  
10232.66554  
10225.7679  
10163.50678  
10138.94852  
10226.36151  
10258.56296  
10198.66128  
10266.674  
10201.90719  
10200.53316  
10156.0935  
10197.52463  
10221.82619  
10160.19648  
10153.37641  
10232.59621  
10266.63725  
10152.20562  
10127.22335  
10177.01716  
10128.43159  
10125.08146  
10106.86311  
10209.54938  
10204.7386  
10253.97442  
10216.77798  
10214.64473  
10195.19979  
10156.37829  
10218.95178  
10224.45644  
10176.38486  
10122.57886  
10222.08513  
10201.41932  
10014.28784  
10070.6934  
10180.4799  
10165.16  
10216.51662  
10183.14895  
10214.88788  
10196.76515  
10141.94243  
10168.58207  
10116.89162  
10138.41017  
10131.14774  
10180.21748  
10120.5348  
10170.17089  
10198.23663  
10195.90762  
10204.71314  
10226.12423  
10172.12618  
10147.22897  
10183.14697  
10119.93803  
10191.92391  
10122.65624  
10175.04767  
10204.4078  
10211.09002  
10169.68587  
10129.39671  
10235.20959  
10234.15552  
10174.53269  
10144.38677  
10239.76384  
10193.69826  
10160.1237  
10193.97564  
10178.45763  
10121.57591  
10162.013  
10239.79666  
10226.5872  
10206.60932  
10093.92767  
10164.15547  
10231.53078  
10267.85367  
10237.08313  
10213.65361  
10275.90526  
10247.61261  
10145.93753  
10188.5751  
10115.3522  
10218.67816  
10222.74435  
10217.25889  
10247.97357  
10232.00859  
10193.51363  
10203.27425  
10232.88697  
10075.35805  
10143.56698  
10161.00466  
10205.32181  
10161.17022  
10168.82853  
10154.91073  
10145.97665  
10128.6548  
10272.55141  
10130.63557  
