10803.8363  
10833.81205  
10914.75472  
10897.07031  
10807.41521  
10764.43227  
10773.30458  
10826.94476  
10851.68771  
10806.82421  
10877.9754  
10858.86819  
10888.43386  
10887.21083  
10835.4791  
10835.83909  
10824.60059  
10855.10586  
10891.19507  
10835.40006  
10732.40806  
10789.54053  
10830.60664  
10857.58044  
10881.96676  
10863.49123  
10816.52681  
10779.83979  
10815.52853  
10816.41695  
10818.15195  
10843.27822  
10900.15598  
10869.50163  
10810.69079  
10803.04108  
10750.65047  
10747.12084  
10787.0206  
10906.4957  
10955.45298  
10816.0812  
10757.0898  
10774.70304  
10806.08325  
10801.97863  
10819.37355  
10819.09703  
10820.49808  
10812.77461  
10793.85201  
10817.87749  
10815.98376  
10809.17525  
10807.54655  
10836.62184  
10860.21141  
10895.77124  
10865.77777  
10883.26328  
10904.85899  
10932.66511  
10822.73162  
10809.28398  
10844.83093  
10901.52671  
10926.35673  
10885.52329  
10842.72443  
10810.35093  
10775.42129  
10799.13428  
10811.32113  
10773.5848  
10821.78885  
10843.10066  
10792.7948  
10763.22957  
10794.11987  
10842.19161  
10790.91772  
10768.47135  
10834.57442  
10885.8293  
10853.30096  
10877.40167  
10878.68852  
10857.17765  
10880.13544  
10850.59236  
10832.96096  
10817.29198  
10831.30345  
10853.37361  
10847.29562  
10844.50554  
10874.43841  
10889.08167  
10812.77885  
10801.87989  
10920.93671  
10906.50395  
10848.30198  
10802.65728  
10818.52586  
10833.00024  
10784.72368  
10759.04619  
10828.35009  
10872.34052  
10881.05963  
10856.69937  
10877.81134  
10812.46733  
10843.88145  
10871.40527  
10864.49912  
10776.87787  
10811.18902  
10839.2535  
10843.942  
10930.72783  
10894.38995  
10799.75447  
10747.66786  
10740.03264  
10776.11789  
10768.9347  
10826.52829  
10862.01559  
10875.7611  
10820.3703  
10770.94332  
10811.80958  
10800.86773  
10802.01373  
10866.11714  
10850.16537  
10814.47168  
10786.77555  
10816.93049  
10903.66208  
10890.39688  
10846.39464  
10860.01542  
10875.43657  
10781.7849  
10772.87722  
10851.14376  
10899.72434  
10882.23561  
10847.92869  
10828.46743  
10787.75869  
10808.96379  
10822.60417  
10836.62078  
10859.7197  
10873.52911  
10830.59562  
