11007.58635  
10989.09748  
11111.029  
11058.5355  
10951.95063  
10985.63248  
11041.30994  
11068.07265  
11076.84596  
11049.85589  
11110.98164  
11092.03598  
10985.30858  
11014.94799  
11027.66287  
11123.80776  
11022.12947  
11056.31326  
11089.96446  
10925.56827  
10892.88111  
11062.75672  
11054.34959  
11049.79466  
11095.92875  
11055.07197  
11059.98174  
10998.08221  
11026.60063  
11027.61621  
10960.6725  
11003.84748  
11124.60822  
11138.10148  
11052.45674  
11054.94973  
10994.42283  
11059.25581  
11106.78254  
11107.63394  
11054.45893  
10990.91508  
10929.82269  
10980.72303  
11080.03395  
10982.978  
11019.02104  
10955.53919  
10966.36063  
10970.69397  
11009.28183  
11055.6419  
11069.08434  
11031.91213  
11018.3778  
11000.58636  
11096.12819  
11018.43958  
10941.54366  
11020.86628  
11000.73545  
10995.60281  
10988.90184  
11033.41174  
10959.93643  
10972.32563  
10987.30733  
10984.28096  
10981.11402  
11006.47955  
11124.34318  
11088.44903  
11002.21718  
10979.82109  
11112.17617  
10978.66828  
10929.13373  
11007.87428  
11074.51536  
11089.54085  
10992.856  
10994.31742  
11076.43332  
11177.43  
11057.91085  
11026.77826  
11033.63757  
11034.77107  
11000.03605  
11080.58097  
11102.47664  
10971.97714  
11017.46183  
10985.0612  
10926.80348  
11029.94205  
11064.98557  
10982.75097  
10948.83771  
11050.15124  
11161.90523  
11132.85086  
11041.70324  
11111.47969  
11112.88787  
11012.47712  
10954.72316  
11038.6253  
11139.01502  
11026.32134  
11009.42075  
11068.16711  
11091.55929  
11069.07715  
11017.77611  
11049.78354  
11032.83371  
10996.76556  
11064.58228  
11052.71195  
11057.32745  
11082.07714  
11012.20345  
11009.99916  
11071.98381  
11040.70048  
10917.51025  
10944.1899  
11115.32271  
11080.3904  
11018.92199  
10991.3214  
11016.05511  
10984.89036  
11042.61655  
11069.51204  
10997.24566  
11070.32045  
11128.02527  
10987.34592  
10967.89095  
11080.42748  
11052.208  
11024.82579  
11152.99596  
11049.80108  
10958.72863  
11036.25943  
11085.60012  
11108.2544  
11132.8258  
11056.23712  
10973.55101  
11060.15389  
11076.89997  
11012.91818  
10974.4719  
10993.76117  
10998.57196  
11028.18573  
