10343.75847  
10342.45228  
10388.63934  
10358.46654  
10325.62739  
10377.8079  
10366.55601  
10361.84276  
10346.43092  
10344.54075  
10409.38317  
10384.5182  
10348.41947  
10382.25836  
10417.2006  
10422.69476  
10352.18848  
10381.99644  
10409.6319  
10318.15049  
10266.95627  
10387.93765  
10356.4975  
10371.00587  
10372.17068  
10357.72099  
10396.01789  
10355.28214  
10371.96025  
10382.3456  
10331.85026  
10362.55145  
10405.29471  
10412.44115  
10392.27148  
10395.19307  
10354.73205  
10414.25329  
10443.44235  
10474.18005  
10410.71526  
10390.02761  
10330.02409  
10334.7168  
10340.3253  
10311.34383  
10328.78327  
10290.93433  
10338.05035  
10343.41179  
10379.76933  
10372.90173  
10355.77225  
10312.63565  
10324.14739  
10325.44449  
10387.46811  
10329.17548  
10282.989  
10351.9708  
10328.0223  
10331.31356  
10304.78016  
10359.39467  
10317.81208  
10345.17332  
10326.18122  
10333.34109  
10359.52946  
10345.38112  
10394.73978  
10382.23386  
10364.07344  
10329.54252  
10394.10811  
10280.16801  
10278.67596  
10368.2238  
10380.72754  
10366.52552  
10328.867  
10374.13806  
10427.60835  
10454.16039  
10369.76991  
10371.53025  
10401.97994  
10383.15283  
10308.27377  
10366.6461  
10396.1804  
10303.04077  
10333.98239  
10336.17741  
10303.88884  
10366.90587  
10338.62875  
10317.30828  
10322.27625  
10411.34215  
10478.38228  
10421.92749  
10398.69674  
10457.59521  
10410.89693  
10362.3226  
10317.93568  
10370.3784  
10407.2805  
10331.82956  
10348.17487  
10437.91807  
10402.70707  
10373.18261  
10346.42881  
10383.85442  
10357.81252  
10364.97697  
10396.06357  
10348.09042  
10390.36685  
10439.92483  
10369.51666  
10359.68152  
10385.98844  
10314.6437  
10245.77649  
10297.48746  
10456.33742  
10377.2217  
10385.9585  
10354.36314  
10381.95127  
10365.35456  
10388.30232  
10379.86283  
10321.36041  
10375.95492  
10390.66078  
10313.61108  
10304.60856  
10401.55347  
10430.0852  
10429.3969  
10415.25514  
10347.86665  
10322.42736  
10402.93405  
10414.64836  
10398.48652  
10425.40208  
10364.3923  
10338.08697  
10392.28186  
10361.20994  
10347.19933  
10350.96222  
10332.3294  
10313.05367  
10342.80527  
