10827.31316  
10839.03478  
10845.56232  
10871.13331  
10842.61675  
10762.98955  
10806.87468  
10817.48656  
10876.76685  
10847.6277  
10879.15699  
10860.97562  
10822.5227  
10822.78037  
10816.93769  
10878.68383  
10876.28468  
10894.76319  
10874.20753  
10840.36777  
10810.72279  
10807.9838  
10866.65462  
10906.84144  
10908.80175  
10897.19923  
10890.00549  
10809.11048  
10795.55105  
10762.99395  
10758.85383  
10804.21206  
10892.61818  
10870.627  
10819.57157  
10876.49916  
10785.06228  
10816.83589  
10888.01458  
10859.90185  
10881.07827  
10866.77011  
10748.94167  
10741.53179  
10800.06193  
10828.86557  
10838.08907  
10790.23189  
10804.18482  
10824.99367  
10805.51366  
10792.71173  
10851.35423  
10852.40282  
10895.65526  
10869.1353  
10939.21872  
10815.18251  
10762.80445  
10834.32388  
10818.98962  
10817.49295  
10800.85952  
10863.84758  
10778.92502  
10818.73038  
10860.4253  
10907.83611  
10778.13824  
10729.87199  
10829.63673  
10903.50444  
10810.93011  
10850.21905  
10811.47308  
10803.63487  
10802.44583  
10786.44791  
10813.96788  
10865.41104  
10796.8856  
10829.07869  
10842.6392  
10874.24087  
10853.51242  
10834.58659  
10858.94798  
10872.47053  
10829.36687  
10839.39823  
10901.32191  
10917.86297  
10863.76295  
10822.71554  
10864.54283  
10828.34074  
10865.82781  
10843.62071  
10871.02362  
10879.68911  
10943.00569  
10945.41354  
10802.46542  
10768.23594  
10815.58001  
10861.51325  
10811.26192  
10805.62887  
10898.64601  
10846.40719  
10905.61413  
10822.24259  
10849.54391  
10894.3783  
10863.69475  
10925.72087  
10844.61722  
10819.43961  
10786.05384  
10850.02726  
10897.66073  
10897.37916  
10857.91038  
10821.73198  
10772.45472  
10805.5469  
10779.79285  
10817.22305  
10847.79584  
10906.35744  
10831.39919  
10844.77562  
10829.4107  
10824.0716  
10810.03932  
10842.80314  
10858.24002  
10823.21892  
10897.66792  
10870.6741  
10753.75741  
10853.95956  
10842.20667  
10874.32693  
10883.06465  
10867.57804  
10825.15322  
10844.49964  
10858.88188  
10883.79095  
10906.20127  
10809.06525  
10806.04752  
10777.16613  
10881.29873  
10884.60087  
10806.41497  
10831.34179  
10791.49473  
10872.00293  
