9582.344659  
9641.161941  
9666.259799  
9625.031199  
9595.41184  
9640.356428  
9581.49441  
9617.409786  
9570.953344  
9611.897377  
9627.645306  
9627.938763  
9641.690127  
9687.444521  
9665.777782  
9625.134092  
9622.398572  
9634.084439  
9669.183493  
9586.730401  
9584.174923  
9602.527125  
9620.675057  
9639.962419  
9620.858365  
9561.207099  
9568.516349  
9608.518302  
9650.710163  
9625.278118  
9601.16807  
9625.095686  
9632.709287  
9629.935749  
9569.194875  
9571.729139  
9631.537379  
9682.631954  
9673.315564  
9781.764581  
9694.718683  
9605.753283  
9567.587402  
9578.331072  
9577.731462  
9537.04568  
9612.731816  
9589.309503  
9592.710129  
9611.220518  
9567.131381  
9550.408759  
9564.662328  
9580.398707  
9550.364957  
9570.758941  
9631.875168  
9562.955432  
9595.924114  
9659.678627  
9649.494696  
9615.642056  
9586.445683  
9629.913153  
9650.417396  
9639.739494  
9623.868484  
9573.430159  
9576.262779  
9582.478061  
9671.278775  
9677.540174  
9628.525003  
9646.731058  
9608.409011  
9572.452721  
9574.873872  
9614.173794  
9591.758048  
9633.677212  
9610.557247  
9640.436776  
9658.637089  
9667.918322  
9617.626751  
9652.044248  
9666.476461  
9641.286604  
9535.730688  
9683.732237  
9688.461889  
9599.290494  
9602.014278  
9604.915948  
9637.727674  
9608.356378  
9610.143386  
9638.848077  
9629.232607  
9642.082789  
9685.652142  
9692.153522  
9671.004698  
9673.892662  
9653.304452  
9642.714642  
9612.830331  
9579.660493  
9625.545191  
9631.162581  
9648.811658  
9651.976579  
9607.810395  
9619.2303  
9609.208648  
9611.873468  
9628.661604  
9622.317113  
9574.734931  
9583.761971  
9646.042969  
9717.311894  
9641.78194  
9591.869679  
9554.327334  
9533.076795  
9523.628814  
9592.038642  
9665.554822  
9644.111126  
9657.891433  
9626.142292  
9579.523774  
9597.72269  
9548.901872  
9561.829337  
9568.241834  
9634.552364  
9609.393016  
9604.50245  
9563.220754  
9709.971393  
9747.08422  
9718.038254  
9689.646653  
9662.788726  
9581.636938  
9650.131987  
9660.338901  
9650.763318  
9595.211443  
9600.117238  
9588.528101  
9581.413355  
9629.071533  
9660.583227  
9613.089793  
9585.026502  
9561.345316  
9633.93058  
