12401.35878  
12412.22446  
12468.0331  
12440.97213  
12309.02157  
12347.95998  
12325.70315  
12410.39354  
12445.02636  
12371.549  
12433.62878  
12414.33571  
12395.58  
12294.10751  
12306.14994  
12396.10972  
12430.41349  
12487.23621  
12443.37067  
12276.61568  
12255.29353  
12343.12239  
12388.80149  
12385.44435  
12449.47819  
12444.89485  
12408.75938  
12313.20664  
12417.06445  
12430.31761  
12366.06475  
12353.45548  
12473.07969  
12509.65297  
12322.39329  
12482.47065  
12388.5942  
12312.97606  
12407.27892  
12432.97033  
12467.15222  
12293.82991  
12322.50561  
12350.02905  
12368.71645  
12411.12849  
12396.48045  
12402.29913  
12460.00922  
12422.87204  
12317.02769  
12320.95011  
12375.61602  
12335.338  
12413.41395  
12386.08886  
12496.73617  
12334.86973  
12298.33122  
12367.58172  
12375.72988  
12351.91178  
12308.78946  
12317.33688  
12264.85675  
12337.13926  
12372.51389  
12352.80335  
12403.18009  
12351.20648  
12431.73687  
12407.42216  
12354.55504  
12335.47016  
12397.18079  
12257.12989  
12276.21874  
12421.18853  
12426.08519  
12376.77603  
12311.93842  
12302.4644  
12419.86705  
12498.50479  
12462.75208  
12348.55156  
12420.04824  
12497.50438  
12541.34318  
12392.89243  
12382.15376  
12375.55613  
12411.57971  
12371.08182  
12354.24729  
12438.55732  
12430.45634  
12409.42139  
12370.36295  
12444.92188  
12518.62262  
12494.512  
12411.76807  
12383.73709  
12266.74494  
12305.91945  
12295.07232  
12408.96619  
12473.74411  
12463.34347  
12391.67944  
12324.11703  
12298.34734  
12407.182  
12412.39211  
12486.02523  
12454.76654  
12348.65432  
12337.3697  
12349.20799  
12394.35067  
12516.25429  
12541.54308  
12374.65065  
12373.80066  
12300.60752  
12250.27722  
12282.73727  
12407.59594  
12402.64908  
12406.69172  
12405.30029  
12457.92826  
12467.43274  
12370.91576  
12260.66336  
12267.78014  
12414.22784  
12474.83378  
12462.65784  
12409.71377  
12514.48158  
12514.14483  
12443.27244  
12408.59501  
12424.77895  
12337.73762  
12384.41494  
12454.65853  
12466.57487  
12438.76751  
12403.68842  
12317.27626  
12292.69518  
12294.66666  
12327.21386  
12271.33407  
12425.08232  
12370.44715  
12441.05027  
