10931.34061  
10961.67811  
10950.09969  
10910.07193  
10977.42973  
10955.36029  
10894.00292  
10906.19836  
10990.03437  
10896.7314  
10907.68713  
10952.68207  
11001.84374  
10925.58121  
10993.70304  
10859.18338  
10931.93982  
10943.83542  
10876.49259  
10940.41524  
10972.08664  
10921.41183  
10929.15029  
10957.49037  
10849.8406  
10911.75174  
11037.63065  
10939.35456  
10997.62054  
10936.79778  
10945.74684  
10952.25932  
10895.72331  
10970.05599  
10935.2806  
10878.53181  
10904.57398  
11030.90852  
10910.30784  
10862.16918  
10991.46856  
10977.30814  
10897.86023  
10958.98285  
10974.8381  
11014.15  
10941.42899  
10967.54924  
10975.73099  
10941.01542  
10931.99223  
10873.41182  
10916.66624  
10924.44557  
11040.62209  
11036.26664  
10945.05708  
10886.10029  
10881.22295  
10901.53348  
10860.66017  
10898.18493  
10858.9235  
10905.87599  
10893.20127  
10937.82466  
10992.68098  
10946.43798  
10903.92053  
10929.75361  
10898.00149  
10959.54112  
10931.5028  
10898.08551  
10882.27045  
10921.3768  
10914.18779  
10910.95052  
11044.58146  
10950.71266  
10979.97486  
10865.56982  
10948.26763  
10924.33611  
11023.32306  
10962.55504  
10958.31842  
10914.46778  
10916.73237  
10990.88908  
10937.7627  
10941.06364  
10914.58269  
10982.36423  
10960.6248  
10908.4339  
10941.06706  
10927.96345  
10872.17192  
10885.91298  
10978.04221  
10974.60119  
10987.60153  
10945.57232  
10985.31587  
10942.04553  
10980.64184  
10904.09532  
10917.9291  
10917.05963  
10988.13665  
10982.03299  
10902.00896  
10932.85506  
10968.89645  
10873.79771  
10942.81407  
10938.71787  
10943.75621  
10917.3718  
10959.86694  
10964.26065  
10949.6744  
10900.81091  
11000.9672  
10938.42987  
10988.78949  
11043.28625  
10941.82072  
10909.72547  
10987.98991  
11030.65723  
10959.62276  
10993.90244  
11036.17889  
11031.85314  
10955.65954  
10941.56152  
11003.19451  
10950.35989  
10901.01451  
10867.77454  
10841.35563  
10843.39845  
10877.5082  
10890.42524  
10891.67108  
10978.68001  
10910.85733  
10892.30709  
10946.71175  
10918.10015  
11007.77358  
10926.15702  
10916.23786  
10940.29823  
10946.76373  
10979.58191  
10971.99141  
10931.40541  
