12233.53773  
12178.31486  
12322.63489  
12302.44433  
12218.40928  
12305.15157  
12221.96784  
12343.94788  
12305.64206  
12302.34982  
12262.88423  
12331.75195  
12332.07234  
12347.67456  
12346.84756  
12482.36049  
12298.04688  
12380.28355  
12355.94059  
12347.42793  
12413.64546  
12336.22389  
12334.48093  
12373.21179  
12365.62318  
12336.68846  
12404.37248  
12397.69206  
12447.01806  
12301.33398  
12345.27997  
12259.12447  
12294.62105  
12323.1754  
12376.8989  
12251.52278  
12315.94705  
12338.70115  
12298.06832  
12344.13205  
12302.19277  
12368.5743  
12215.23388  
12241.68904  
12331.3577  
12241.43561  
12333.28332  
12286.51484  
12377.20979  
12326.00046  
12430.10583  
12300.36784  
12351.54092  
12343.88481  
12401.91438  
12392.37875  
12309.08366  
12328.73519  
12262.95044  
12199.26008  
12221.32064  
12207.52875  
12242.9296  
12242.81647  
12206.71237  
12326.52962  
12223.76828  
12245.72279  
12246.92498  
12267.26541  
12387.48108  
12272.52213  
12318.56314  
12328.10821  
12290.14305  
12340.87144  
12298.87207  
12431.78716  
12411.5474  
12410.80649  
12349.2268  
12412.49161  
12306.71136  
12315.16018  
12263.79598  
12304.64515  
12302.47031  
12332.00874  
12315.72364  
12282.72607  
12326.30055  
12224.48031  
12317.02499  
12280.54363  
12180.45405  
12241.1587  
12390.65336  
12406.44696  
12378.58023  
12388.58537  
12398.8484  
12265.52505  
12253.34246  
12272.7035  
12226.31591  
12349.16287  
12285.31507  
12277.45947  
12281.86714  
12301.17201  
12401.44618  
12346.06784  
12388.75268  
12291.66349  
12364.48429  
12423.30514  
12294.9928  
12263.33731  
12368.12946  
12357.29845  
12339.37864  
12424.80908  
12344.21941  
12358.79914  
12316.33424  
12407.79314  
12375.37841  
12384.28266  
12374.48353  
12270.79986  
12418.70191  
12408.01733  
12398.68851  
12312.49706  
12487.60241  
12368.14519  
12304.81869  
12371.21609  
12331.9992  
12262.26699  
12084.0484  
12151.91657  
12068.24758  
12008.90922  
12167.63835  
12156.67129  
12268.81135  
12258.58505  
12280.06909  
12386.39361  
12324.88597  
12354.47988  
12396.84991  
12353.54764  
12395.19507  
12326.85522  
12362.46345  
12416.98839  
12373.13527  
12448.05091  
