11143.07488  
11128.68521  
11183.20789  
11116.53787  
11176.83512  
11151.65398  
11071.27508  
11145.09885  
11153.70415  
11076.86595  
11125.04239  
11132.8477  
11154.89515  
11164.80761  
11189.53188  
11094.01293  
11092.44731  
11171.41068  
11068.68745  
11146.50276  
11153.88683  
11091.61054  
11129.96001  
11182.48607  
11077.67235  
11115.04138  
11263.4405  
11161.48816  
11233.75754  
11120.5051  
11182.2396  
11144.42111  
11097.67488  
11151.87808  
11197.66702  
11076.26831  
11117.21258  
11184.82943  
11116.56147  
11102.63932  
11185.7083  
11228.6781  
11113.3818  
11177.71039  
11161.15245  
11168.28185  
11184.93944  
11111.40755  
11147.10667  
11102.74611  
11180.12656  
11078.22111  
11166.84177  
11117.48202  
11226.75864  
11260.86798  
11143.7154  
11089.19248  
11068.76592  
11093.71993  
11070.85802  
11063.55039  
11060.35206  
11125.24591  
11080.78512  
11187.34616  
11126.91694  
11111.04661  
11086.71282  
11110.55071  
11155.71423  
11099.96651  
11143.58562  
11120.46295  
11073.249  
11133.73783  
11075.05913  
11131.00656  
11199.46635  
11192.15989  
11179.61864  
11094.94112  
11101.89696  
11139.79236  
11221.93638  
11163.93129  
11182.99827  
11115.74815  
11134.39384  
11150.62002  
11156.83602  
11107.40854  
11136.20912  
11208.21629  
11110.90318  
11103.67499  
11189.47391  
11110.08005  
11107.9775  
11090.61562  
11211.2145  
11127.10645  
11156.01574  
11156.70824  
11169.33439  
11179.42309  
11127.86412  
11118.08508  
11166.76156  
11121.19727  
11217.48009  
11148.60187  
11128.12521  
11120.31651  
11212.87957  
11095.84624  
11099.64132  
11152.32324  
11197.50069  
11112.7202  
11164.30291  
11197.18574  
11104.36995  
11124.78084  
11205.26398  
11168.82518  
11169.42548  
11236.79611  
11141.83372  
11120.36968  
11222.51509  
11212.18867  
11193.93147  
11199.44138  
11238.92821  
11180.57215  
11147.36578  
11164.22965  
11204.92087  
11185.28868  
11075.08705  
11062.72609  
11063.30694  
11024.97723  
11066.01332  
11062.99438  
11090.42457  
11117.92803  
11094.60794  
11123.49693  
11107.20471  
11122.62319  
11180.97134  
11127.06234  
11152.80976  
11110.13994  
11165.17508  
11218.42174  
11168.42143  
11187.57518  
