10887.70689  
10932.92744  
10904.08728  
10914.18521  
10919.76095  
10873.60913  
10940.92702  
10887.45494  
10980.43828  
10957.15355  
10929.85514  
10895.57553  
10923.1489  
10860.37105  
10918.28257  
10914.08796  
10977.57238  
10895.61448  
10969.71869  
10939.55187  
10919.00868  
10980.55505  
10930.41042  
10867.78004  
10896.25056  
10947.70515  
10921.30536  
10946.71696  
10840.03294  
10963.44555  
10840.29603  
10868.27131  
10865.38587  
10971.15385  
10901.87983  
11058.8293  
10895.95225  
10924.94936  
10900.54309  
10898.41141  
11025.41003  
10890.34211  
10919.10183  
10893.86608  
10866.77071  
10947.84354  
10887.67676  
10992.90253  
10902.20919  
10976.32307  
10843.99782  
10993.78998  
10847.45743  
10934.26355  
10983.55288  
10911.74898  
10897.72251  
10885.79844  
10890.2812  
10924.3212  
10834.47236  
10938.75491  
10888.98952  
10864.03683  
10932.61049  
10893.59854  
10980.44399  
10942.53297  
10934.45121  
10957.85436  
10891.1065  
10961.27859  
10959.63869  
10876.28998  
11008.21565  
10898.66411  
10939.4771  
10872.08808  
10971.4426  
10888.23698  
10927.71465  
10890.65069  
10931.88456  
10975.46339  
10918.69455  
10935.27956  
10893.84541  
10993.15246  
10917.11581  
10971.22541  
10864.98145  
10965.09891  
10936.69295  
10859.88382  
10925.26178  
10930.50918  
10873.57214  
10940.13472  
10872.04884  
10974.4996  
10860.20948  
10933.0824  
10940.85472  
10912.69839  
10938.68594  
10871.81576  
10947.33154  
10923.82586  
10858.06622  
10912.68617  
10877.37504  
10967.88639  
10867.61483  
10977.09082  
10906.27396  
10924.81556  
10978.47773  
10985.17391  
10872.34451  
10998.13378  
10926.25581  
10878.38844  
10995.68738  
10936.86814  
10964.43292  
10981.14771  
11049.01806  
10975.65396  
10881.45543  
10991.20806  
10890.00444  
10955.92967  
10893.29846  
10897.50092  
10927.54448  
10966.18879  
10970.55114  
10892.0564  
10954.19931  
10854.66562  
10953.77866  
10945.93388  
10743.32745  
10741.35517  
10784.22732  
10873.32327  
10860.82967  
10920.16932  
10907.10373  
10888.8692  
10935.5288  
10957.41306  
10961.22534  
11025.12258  
10904.51379  
10937.69618  
10942.81813  
10904.60426  
11032.70288  
10917.37008  
