10995.03123  
10979.07138  
11105.73891  
11024.16966  
10981.38493  
11062.72951  
10964.46337  
11128.17832  
11030.78995  
10929.73104  
11055.43477  
11055.48157  
11021.98644  
11156.86452  
11067.9598  
11074.75995  
10967.44435  
11167.45185  
11014.82663  
11065.36277  
11056.34603  
10935.05417  
11027.64322  
11113.7163  
11060.73224  
11046.10339  
11170.32879  
11115.92978  
11166.43496  
11034.6262  
11151.94973  
11035.39952  
11013.24154  
11022.27182  
11186.50676  
10962.53219  
11017.09362  
11053.62574  
11015.84825  
11087.79406  
11126.54822  
11205.76406  
11044.77358  
11079.89418  
11042.53073  
11001.18536  
11175.02922  
10943.4654  
11030.68315  
10971.95956  
11144.05736  
10960.25967  
11136.00999  
11020.95075  
11048.21705  
11214.07411  
11021.63707  
10990.92689  
10858.78803  
10909.18089  
10926.71783  
10922.68558  
11013.42296  
11062.88349  
11023.6961  
11149.32615  
10970.46589  
10989.43265  
10985.3427  
11058.11945  
11189.23738  
10956.22111  
11097.35871  
11044.63348  
11036.09202  
11098.66215  
10949.72376  
11112.07905  
11080.58708  
11160.87146  
11005.11503  
11065.26496  
10958.03398  
11102.66596  
11104.06834  
11058.91788  
11105.28554  
11042.42232  
11054.00798  
11011.34183  
11078.10827  
10952.30137  
11049.75706  
11107.71368  
10908.75365  
10976.52458  
11151.22719  
10978.15929  
11047.2914  
10969.48439  
11168.88779  
10945.55541  
11025.91616  
11019.38858  
11065.74101  
11154.99221  
10967.33983  
11041.21757  
11128.07409  
11064.47546  
11191.32956  
11040.95904  
11094.12843  
11012.32796  
11241.57696  
11041.80677  
10953.02856  
11077.0948  
11152.94682  
11031.19096  
11102.83017  
11157.11689  
10988.40465  
11107.65325  
11107.01527  
11117.77543  
11010.84528  
11152.22573  
10993.84882  
11036.81934  
11158.16255  
11093.04337  
11104.15748  
11022.70718  
11129.4653  
11069.27314  
11079.06326  
11100.68768  
11062.0532  
11044.1709  
10937.56541  
10894.10707  
10944.02539  
10826.85941  
10917.159  
10872.59675  
10978.88537  
10964.26013  
11011.06617  
11080.03823  
10971.74412  
11080.38655  
11084.39212  
11063.64753  
11124.57004  
10994.79559  
11111.57402  
11217.08546  
11093.18146  
11190.12662  
