10519.73628  
10435.57985  
10552.55506  
10438.74117  
10541.24443  
10466.02173  
10422.0185  
10506.76183  
10495.81212  
10456.45306  
10497.50595  
10467.69782  
10541.83277  
10540.16163  
10572.69541  
10433.96908  
10481.95488  
10484.0191  
10407.966  
10520.87012  
10486.28487  
10433.84681  
10493.68329  
10580.03226  
10417.5649  
10470.84403  
10655.01288  
10497.84654  
10614.59904  
10435.45563  
10544.6719  
10544.84489  
10417.15171  
10499.92206  
10597.11488  
10413.13177  
10468.12819  
10527.03294  
10518.31821  
10447.58848  
10545.47677  
10620.97959  
10447.4612  
10536.35145  
10490.83652  
10541.79028  
10549.73092  
10483.04865  
10494.99352  
10434.61597  
10516.58924  
10402.02037  
10547.07211  
10444.48193  
10564.99021  
10672.51984  
10527.40354  
10407.88537  
10428.30496  
10391.27269  
10384.98062  
10372.49532  
10364.71757  
10491.69957  
10404.45876  
10517.34709  
10470.08775  
10466.41857  
10466.21073  
10433.27059  
10519.24034  
10433.95723  
10487.11944  
10513.66387  
10429.03419  
10474.48469  
10464.59638  
10490.65435  
10561.4911  
10591.42305  
10566.08852  
10424.60828  
10499.60875  
10477.40171  
10627.35352  
10496.47852  
10559.66159  
10470.18247  
10523.41627  
10477.53994  
10539.69703  
10458.8184  
10460.78487  
10613.2716  
10475.49522  
10442.14208  
10527.0501  
10471.30662  
10441.33541  
10414.56771  
10590.60171  
10525.4479  
10513.49814  
10554.3412  
10531.82219  
10512.98907  
10493.68664  
10453.10211  
10544.46044  
10468.18563  
10581.92038  
10499.94244  
10498.56349  
10467.231  
10566.23226  
10441.62622  
10509.39719  
10490.68833  
10582.26641  
10476.9146  
10535.01725  
10557.45788  
10459.79863  
10484.08696  
10589.69936  
10524.83083  
10546.68029  
10589.90566  
10541.08545  
10468.98043  
10567.71758  
10584.72401  
10594.99947  
10581.59549  
10564.42038  
10540.25125  
10519.60663  
10530.26031  
10548.92115  
10497.12598  
10372.45493  
10385.95039  
10352.69695  
10355.91306  
10351.72212  
10418.76544  
10392.1284  
10496.07754  
10422.40136  
10497.19021  
10475.57894  
10451.43769  
10605.76723  
10480.24813  
10522.1804  
10517.54483  
10508.69626  
10612.58592  
10520.27386  
10554.9861  
