10437.55582  
10382.58325  
10518.61452  
10486.4208  
10402.02407  
10400.94479  
10381.87838  
10537.10608  
10475.4362  
10378.60539  
10446.07627  
10455.01246  
10442.4782  
10576.47153  
10430.19017  
10573.46789  
10448.82257  
10562.68175  
10499.63129  
10472.66779  
10482.4375  
10441.36793  
10429.58233  
10449.45001  
10549.7157  
10441.466  
10492.92408  
10456.62287  
10504.64772  
10497.09824  
10582.87419  
10395.61111  
10442.0569  
10518.63157  
10534.30543  
10492.60105  
10504.26066  
10400.94611  
10408.72268  
10530.58735  
10484.45429  
10539.07368  
10386.59907  
10399.64569  
10370.51355  
10407.39353  
10490.94624  
10443.06453  
10432.19589  
10460.8294  
10546.53346  
10467.99137  
10523.41114  
10416.22311  
10504.36697  
10556.82666  
10385.17497  
10384.13243  
10300.49019  
10338.48564  
10503.57501  
10399.19393  
10411.66094  
10438.7063  
10378.55955  
10574.18326  
10398.48291  
10470.04735  
10441.22405  
10428.47928  
10605.20259  
10454.55544  
10478.28595  
10484.70225  
10507.05059  
10462.45905  
10389.45437  
10587.44272  
10506.32486  
10567.13513  
10432.24463  
10436.56236  
10391.11934  
10450.24531  
10449.07922  
10446.27975  
10453.27506  
10489.45463  
10461.25121  
10430.5861  
10473.11977  
10370.58647  
10461.66628  
10491.69602  
10348.11312  
10421.73519  
10571.07135  
10426.85792  
10566.2243  
10437.89575  
10601.84015  
10422.76176  
10450.59084  
10460.2884  
10405.5795  
10509.49964  
10379.12971  
10394.26442  
10489.87394  
10436.95415  
10575.87802  
10453.46591  
10538.12387  
10451.25992  
10527.99202  
10484.52667  
10433.78201  
10464.24812  
10582.37357  
10462.25312  
10436.86519  
10609.71936  
10454.44991  
10534.57052  
10474.04209  
10582.30365  
10462.48457  
10454.92763  
10462.674  
10428.97774  
10557.3384  
10463.56041  
10527.52998  
10418.95042  
10512.70437  
10477.96657  
10426.09607  
10501.38859  
10404.03663  
10525.08096  
10365.3133  
10370.66687  
10385.63773  
10262.30547  
10434.09071  
10313.60925  
10436.17501  
10404.70233  
10378.46234  
10498.56415  
10382.69663  
10449.26332  
10525.7427  
10517.80688  
10586.64732  
10414.14961  
10492.65379  
10527.26973  
10554.37123  
10603.71232  
