10437.64999  
10494.21536  
10472.22953  
10508.26032  
10428.09642  
10373.48758  
10445.23689  
10557.62147  
10346.84848  
10377.32829  
10509.20923  
10460.83682  
10420.8982  
10384.27082  
10463.50509  
10281.51956  
10334.4546  
10449.2344  
10559.15294  
10403.19554  
10313.68332  
10372.3876  
10340.3102  
10483.10848  
10437.85259  
10543.62802  
10454.9191  
10414.96976  
10511.65254  
10483.49187  
10325.94949  
10406.06157  
10506.80174  
10342.27634  
10269.58813  
10414.17033  
10502.42258  
10606.45772  
10483.51024  
10492.62397  
10463.51896  
10537.60051  
10524.30994  
10364.1145  
10399.7991  
10424.35012  
10375.70485  
10429.986  
10446.9586  
10446.38313  
10556.06403  
10472.07133  
10397.16128  
10507.72942  
10336.49305  
10425.0843  
10546.199  
10355.69626  
10444.6109  
10521.00764  
10372.74116  
10439.09399  
10406.211  
10379.89818  
10581.05826  
10600.49364  
10501.09976  
10389.9711  
10250.92176  
10264.35434  
10193.8459  
10273.6224  
10408.08681  
10377.88871  
10559.84018  
10332.15041  
10473.56764  
10351.4777  
10278.96772  
10420.12277  
10396.21786  
10558.11064  
10417.72886  
10433.96132  
10559.56495  
10507.99552  
10557.87036  
10531.13416  
10656.18462  
10526.9874  
10523.72597  
10471.68324  
10498.2146  
10435.3938  
10358.81191  
10408.66049  
10417.68443  
10449.03839  
10422.38733  
10513.38473  
10415.16681  
10408.03508  
10507.66373  
10437.11448  
10349.97004  
10543.09629  
10478.0424  
10421.81443  
10534.48714  
10384.0999  
10364.22172  
10459.50414  
10319.4946  
10532.42378  
10429.36832  
10309.57898  
10441.10087  
10435.74414  
10525.6262  
10472.01804  
10390.31574  
10414.75165  
10436.37659  
10398.99176  
10372.78499  
10443.01427  
10288.7031  
10421.10662  
10565.51883  
10394.33143  
10576.84518  
10440.68736  
10346.52307  
10437.2383  
10375.30983  
10468.05072  
10366.79065  
10375.84186  
10497.64713  
10309.97274  
10363.21813  
10511.99554  
10331.8334  
10471.03885  
10343.8458  
10542.13827  
10395.24947  
10509.00414  
10371.69711  
10454.7713  
10357.83823  
10487.87527  
10375.87643  
10525.12393  
10563.16247  
10325.87429  
10414.98412  
10555.96024  
10426.21263  
10446.19698  
