10423.4838  
10307.27572  
10324.82133  
10500.38035  
10342.19205  
10404.85512  
10428.20971  
10381.40737  
10285.9343  
10364.74737  
10287.13921  
10303.60171  
10318.99725  
10385.55621  
10234.15101  
10252.1305  
10317.90741  
10287.61967  
10297.77241  
10268.70526  
10306.53507  
10370.86604  
10315.49494  
10424.43602  
10488.07268  
10403.12412  
10319.13803  
10415.06327  
10356.47736  
10453.13398  
10458.2606  
10381.52964  
10342.91827  
10375.14674  
10351.59666  
10307.75562  
10333.95177  
10425.2302  
10347.07418  
10387.96393  
10450.36263  
10373.4272  
10312.56643  
10302.09497  
10359.39181  
10273.21039  
10337.92003  
10390.13799  
10280.98219  
10376.16262  
10449.82855  
10266.56535  
10315.11325  
10304.90202  
10280.59547  
10361.33983  
10260.6955  
10280.33504  
10392.27156  
10294.76179  
10333.85128  
10391.50218  
10312.28022  
10299.14643  
10406.23186  
10549.69672  
10423.67064  
10202.77911  
10301.87999  
10275.80156  
10175.42833  
10299.08548  
10346.8302  
10300.77138  
10204.04028  
10237.84422  
10211.11736  
10271.5159  
10271.25302  
10399.84879  
10376.471  
10404.92143  
10265.91929  
10451.35454  
10397.19308  
10312.7334  
10304.40221  
10334.10414  
10504.36182  
10458.80694  
10495.66923  
10377.06368  
10383.67362  
10402.47821  
10402.23989  
10302.31254  
10355.2903  
10500.29683  
10454.81746  
10308.963  
10326.47253  
10418.94852  
10382.21519  
10319.42587  
10302.25288  
10378.6405  
10340.89943  
10417.80566  
10319.09709  
10341.06813  
10369.74422  
10300.38624  
10329.66145  
10243.5548  
10282.03566  
10341.02303  
10323.8727  
10276.7325  
10563.93454  
10417.48738  
10288.02216  
10401.98335  
10388.72135  
10354.49247  
10432.80794  
10320.00984  
10329.74768  
10364.5238  
10388.03022  
10423.76033  
10420.20054  
10304.13482  
10398.22746  
10311.27953  
10314.88406  
10421.31955  
10323.99014  
10432.50117  
10323.38359  
10293.78572  
10384.86473  
10289.1204  
10346.94092  
10276.08298  
10339.36944  
10327.82208  
10301.93207  
10357.97959  
10261.18467  
10328.8581  
10294.83241  
10385.52367  
10342.95216  
10421.52999  
10357.83266  
10319.74806  
10357.95196  
10372.43369  
10383.86287  
10468.51834  
