11242.87056  
11173.21334  
11148.99038  
11311.99546  
11115.19406  
11171.60829  
11215.73399  
11138.67175  
11076.16205  
11183.34403  
11183.44935  
11063.90644  
11174.15035  
11201.77607  
11130.3373  
11125.03121  
11177.08331  
11118.65551  
11174.93958  
11103.4365  
11086.42436  
11117.26395  
11162.07942  
11208.9424  
11329.0187  
11353.50446  
11134.96291  
11239.25161  
11302.55063  
11149.3595  
11243.77475  
11240.73106  
11170.46179  
11224.51512  
11117.71312  
11141.50845  
11253.68676  
11214.39039  
11191.19754  
11224.03919  
11298.04388  
11250.91332  
11214.63088  
11093.71546  
11178.48626  
11091.23382  
11098.57902  
11259.29195  
11070.45918  
11174.86526  
11328.1847  
11048.33103  
11107.72542  
11212.15971  
11057.81297  
11191.1339  
11110.586  
11124.10783  
11205.19056  
11157.49134  
11176.99043  
11171.06099  
11184.51546  
11107.67829  
11195.66971  
11219.79904  
11251.88661  
11069.96939  
11048.41438  
11104.31946  
11008.60154  
11102.46491  
11252.28649  
11211.06579  
11219.74592  
11090.59583  
11069.48013  
11084.01974  
11130.82016  
11194.52734  
11213.48397  
11202.82978  
11068.39062  
11159.08303  
11297.96646  
11096.27624  
11187.19211  
11131.193  
11256.44414  
11254.97007  
11203.49297  
11195.28418  
11218.76656  
11234.86923  
11170.02484  
11112.64527  
11167.68612  
11283.9047  
11313.90502  
11203.14358  
11159.57483  
11164.06813  
11216.48601  
11164.87638  
11117.84088  
11214.39604  
11095.75728  
11181.37109  
11137.35018  
11092.63854  
11167.89818  
11134.37969  
11067.17867  
11138.57165  
11113.00469  
11106.51206  
11197.32114  
11162.91996  
11393.76917  
11260.42954  
11069.75501  
11241.23215  
11247.64808  
11147.83252  
11217.83666  
11212.1371  
11102.53252  
11216.95482  
11185.98206  
11191.60056  
11244.02255  
11115.72334  
11188.90742  
11142.09258  
11112.14848  
11280.22189  
11088.74741  
11203.00597  
11171.55562  
11115.23522  
11184.10175  
11146.72964  
11164.86027  
11124.87349  
11116.8805  
11231.59783  
11165.28696  
11193.91234  
11045.01607  
11205.78165  
11088.18096  
11183.88341  
11140.29783  
11222.31942  
11141.05101  
11178.04989  
11271.45913  
11259.34819  
11167.94544  
11213.58851  
