10909.9243  
10883.54194  
10868.09434  
10968.00901  
10858.58055  
10898.564  
10902.14246  
10865.13868  
10811.45188  
10874.50005  
10836.05589  
10819.10595  
10867.71001  
10908.65748  
10791.97725  
10815.42777  
10829.97039  
10766.02979  
10828.2258  
10829.66271  
10817.93383  
10849.95523  
10817.85086  
10865.16439  
10944.12299  
10894.58169  
10813.83063  
10896.85504  
10882.00174  
10881.9138  
10924.58096  
10856.82621  
10855.05859  
10916.35991  
10822.69436  
10794.34361  
10881.67431  
10930.19724  
10863.80255  
10924.65511  
10961.64169  
10917.21765  
10874.44201  
10844.45915  
10874.93706  
10843.65634  
10879.21581  
10909.57658  
10832.80577  
10923.33737  
10961.08865  
10823.05118  
10827.89335  
10882.23794  
10833.09807  
10860.95018  
10822.44243  
10839.91461  
10896.81915  
10832.00268  
10879.56584  
10877.34414  
10865.19196  
10859.78835  
10911.14449  
11016.63862  
10916.75835  
10758.44201  
10795.09155  
10798.59642  
10753.30565  
10852.9871  
10888.81342  
10846.64933  
10791.28302  
10793.62699  
10723.40108  
10806.12975  
10781.23868  
10900.37785  
10849.30401  
10882.69414  
10765.49028  
10946.62394  
10876.6759  
10797.72245  
10840.50603  
10833.79226  
10936.94533  
10962.16553  
10964.82706  
10883.35681  
10880.48792  
10931.72612  
10903.08456  
10831.90059  
10880.9824  
10979.30832  
10933.23511  
10837.97147  
10836.98242  
10881.1347  
10871.79894  
10859.52504  
10805.26804  
10869.08817  
10853.37788  
10901.25623  
10844.61123  
10869.28424  
10858.34794  
10852.9365  
10817.16307  
10806.72432  
10826.5592  
10834.48621  
10850.01699  
10847.39412  
11065.29372  
10934.32995  
10805.91387  
10877.26813  
10927.42684  
10873.86357  
10925.76402  
10873.15951  
10834.74045  
10847.21131  
10878.38558  
10906.59677  
10910.27113  
10840.01149  
10865.93413  
10829.26044  
10830.41271  
10917.25  
10837.84275  
10896.13781  
10843.67277  
10823.24923  
10874.40893  
10817.46322  
10846.9516  
10818.58352  
10849.94097  
10854.13285  
10847.4079  
10872.45253  
10794.75628  
10841.95089  
10814.08151  
10871.11925  
10881.83582  
10917.37729  
10848.34454  
10851.15539  
10872.64816  
10911.5527  
10890.12736  
10928.68079  
