10803.48286  
10798.55776  
10847.14381  
10814.20405  
10794.17714  
10928.84786  
10834.04243  
10692.5534  
10873.19602  
10759.91522  
10765.23845  
10687.58569  
10668.15085  
10819.18129  
10986.80619  
10858.04148  
10756.70631  
10778.52684  
10911.01331  
10749.31763  
10676.37897  
10793.77125  
10897.44847  
10786.59756  
10797.40968  
10873.38941  
10894.73663  
10881.96821  
10710.37008  
10938.22228  
10876.19442  
10733.53631  
10799.22896  
10869.47244  
10751.00092  
10661.85478  
10767.72233  
10806.80666  
10673.93978  
10807.38822  
10749.88809  
10709.59537  
10776.89186  
10795.39784  
10858.24681  
10782.00973  
10780.91495  
10787.30807  
10930.40094  
10740.32062  
10645.97739  
10766.24395  
10807.09692  
10777.89362  
10852.15695  
11028.16217  
10747.931  
10774.27076  
10775.52171  
10755.75628  
10738.11588  
10708.65187  
10757.90984  
10795.54097  
10822.52028  
10994.56022  
10703.8378  
10770.96556  
10902.20688  
10886.07541  
10889.73464  
10826.58783  
10735.47367  
10861.57301  
10850.7696  
10858.7976  
10807.84559  
10821.4851  
10765.72357  
10673.65528  
10781.50805  
10792.57556  
10795.36873  
10782.6863  
10848.33736  
10961.85878  
10998.23586  
10888.92281  
10889.76878  
11016.31409  
10852.9335  
10875.6552  
10859.68404  
10675.4185  
10568.12966  
10707.51433  
10721.39481  
10713.3853  
10731.31583  
10718.39747  
10767.32306  
10745.58843  
10857.14031  
10880.19169  
10811.82311  
10690.07719  
10816.17821  
10739.83488  
10810.70833  
10794.72849  
10717.72992  
10919.75285  
10867.42296  
10843.02033  
10883.67458  
10817.51132  
10859.2508  
10736.22149  
10911.79056  
10793.7806  
10681.71152  
10714.37453  
10622.72063  
10653.62321  
10781.49263  
10757.13089  
10693.585  
10700.46282  
10852.46829  
10950.74154  
10778.34234  
10825.9381  
10812.82728  
10790.17166  
10823.31728  
10858.01838  
10868.87989  
10946.3379  
10818.93453  
10772.58469  
10854.40131  
10874.0325  
10855.58322  
10816.86871  
10800.82108  
10835.27417  
10806.17111  
10744.6108  
10759.76055  
10777.09581  
10867.43382  
10694.12535  
10737.39718  
10924.94208  
10738.72733  
10795.82568  
10839.79841  
10858.57803  
10796.98487  
10744.56746  
