10722.89887  
10679.6885  
10750.12725  
10690.39046  
10640.33409  
10788.04549  
10751.67651  
10580.86527  
10757.12481  
10686.8115  
10639.34041  
10602.14111  
10585.1528  
10677.38497  
10763.10708  
10668.558  
10654.29095  
10684.5512  
10759.50161  
10647.80177  
10551.55067  
10669.08629  
10761.88767  
10630.28488  
10709.26081  
10725.18742  
10712.91743  
10719.72227  
10553.60902  
10856.39416  
10789.65754  
10709.54374  
10741.55777  
10702.83384  
10621.94437  
10572.0556  
10625.74246  
10690.22128  
10555.2113  
10677.31878  
10660.33551  
10594.08121  
10677.85286  
10678.09315  
10744.44973  
10678.10929  
10688.80726  
10680.7625  
10790.73232  
10674.3475  
10581.32453  
10664.69919  
10710.16884  
10682.38311  
10690.05501  
10796.92231  
10658.07669  
10689.53395  
10646.11458  
10618.47273  
10588.18764  
10572.7547  
10692.40095  
10739.53812  
10730.53178  
10808.5885  
10612.52016  
10693.00599  
10702.77186  
10706.27264  
10752.22066  
10732.36051  
10658.6402  
10695.96281  
10707.25982  
10734.48433  
10712.98537  
10733.51577  
10691.26485  
10557.44129  
10692.45706  
10712.77317  
10620.52214  
10668.62217  
10683.45606  
10789.39264  
10804.09538  
10776.36022  
10791.38128  
10900.85063  
10711.91298  
10721.83577  
10691.74243  
10591.96695  
10495.58449  
10633.03645  
10633.46451  
10614.2982  
10647.02017  
10631.91173  
10633.60972  
10617.15128  
10683.62887  
10711.81559  
10725.82793  
10614.48292  
10718.17587  
10671.49121  
10715.17715  
10687.36269  
10576.15264  
10769.04857  
10766.69086  
10704.53541  
10706.15312  
10698.14903  
10738.54107  
10630.65253  
10737.83805  
10669.85851  
10615.22082  
10589.88343  
10522.95756  
10628.51448  
10673.92562  
10656.5013  
10616.1083  
10626.95661  
10684.03454  
10742.22778  
10674.87251  
10693.32459  
10689.32495  
10659.00165  
10711.89235  
10691.10713  
10727.46674  
10763.97906  
10679.09283  
10688.06568  
10739.16009  
10762.66468  
10720.75144  
10671.57672  
10689.90024  
10738.8487  
10716.50978  
10658.57049  
10634.38913  
10689.6692  
10752.4622  
10568.55541  
10629.96177  
10779.64795  
10650.12635  
10722.43418  
10716.48547  
10652.28478  
10680.77433  
10626.75426  
