10483.09398  
10420.04136  
10512.33105  
10446.19074  
10338.5296  
10548.34584  
10470.39982  
10272.1704  
10515.88645  
10342.47181  
10317.39049  
10318.07261  
10313.24328  
10482.71358  
10493.11598  
10392.2613  
10458.18702  
10478.21743  
10495.48947  
10389.43306  
10326.60664  
10492.50209  
10519.27104  
10358.18876  
10566.09972  
10502.82273  
10454.89292  
10454.31746  
10294.02296  
10552.62996  
10554.21555  
10517.83264  
10484.79498  
10369.37439  
10293.77978  
10266.71609  
10350.31194  
10382.41343  
10253.24776  
10437.95282  
10396.20751  
10295.59716  
10477.9891  
10410.9199  
10489.74793  
10434.15353  
10470.34404  
10493.72566  
10572.78644  
10358.21705  
10326.2926  
10419.78617  
10494.49033  
10402.95542  
10393.08469  
10512.78491  
10383.43578  
10428.2234  
10419.42798  
10356.53261  
10254.76957  
10303.96703  
10410.76976  
10450.51811  
10428.11715  
10538.83058  
10330.64591  
10450.8183  
10446.68342  
10445.30172  
10550.0575  
10550.72089  
10406.37942  
10408.7991  
10471.88909  
10560.34624  
10520.04303  
10499.70115  
10416.03757  
10282.78537  
10541.79755  
10516.03914  
10367.74094  
10458.04804  
10457.45263  
10530.85053  
10483.90412  
10355.20234  
10460.89566  
10681.84499  
10359.69545  
10325.24113  
10362.6092  
10256.83837  
10233.84653  
10411.92996  
10350.06673  
10372.69901  
10431.29444  
10378.07399  
10386.34923  
10402.65836  
10496.97825  
10537.44041  
10542.63641  
10380.66939  
10527.71923  
10426.99636  
10427.78069  
10411.63276  
10291.90855  
10547.50521  
10553.77769  
10411.11702  
10418.11876  
10415.04105  
10430.2838  
10292.70039  
10496.54636  
10380.22091  
10353.87988  
10340.22321  
10295.11885  
10317.12534  
10423.37647  
10345.80474  
10367.07853  
10403.76639  
10450.91019  
10520.16282  
10430.17318  
10504.47407  
10505.25632  
10438.51113  
10524.45144  
10448.80295  
10463.14993  
10537.38266  
10460.02457  
10406.89647  
10430.06595  
10479.79988  
10439.82881  
10395.2258  
10426.60857  
10476.66839  
10412.2652  
10330.72038  
10357.61749  
10443.23614  
10457.68911  
10276.73662  
10380.3548  
10535.41492  
10438.13325  
10489.15981  
10451.30915  
10355.07985  
10438.51674  
10417.54961  
