12228.5016  
12370.31515  
12341.787  
12263.42769  
12180.01657  
12276.02888  
12109.93247  
12166.29672  
12266.50291  
12183.99986  
12137.22567  
12196.72697  
12174.76348  
12272.7058  
12092.74289  
12007.42322  
12180.73695  
12241.50947  
12176.63966  
12158.49536  
12161.42199  
12240.88056  
12299.62849  
12198.40405  
12252.91143  
12236.9713  
12263.20708  
12331.87547  
12210.10803  
12558.19469  
12418.90263  
12297.78548  
12189.76042  
12131.28248  
12088.28619  
12056.14437  
12112.92935  
12072.82021  
12098.42812  
12191.13682  
12219.0356  
12215.50322  
12191.42963  
12152.55519  
12280.36209  
12266.83948  
12299.58234  
12272.54213  
12222.4884  
12145.3879  
12390.20772  
12288.967  
12306.98075  
12218.16404  
12239.77562  
12209.56712  
12232.72499  
12248.43577  
12244.2917  
12191.67755  
12117.36943  
12192.76706  
12285.09249  
12289.92151  
12318.50825  
12198.94504  
12188.46968  
12218.80793  
12222.22829  
12097.8062  
12297.37132  
12297.16398  
12226.99111  
12167.32252  
12143.99742  
12262.33674  
12194.26318  
12144.24213  
12121.86242  
12102.14723  
12235.59832  
12262.93689  
12116.96444  
12256.98621  
12247.88754  
12271.76617  
12289.63126  
12409.70617  
12542.83805  
12314.50103  
12165.01072  
12093.25777  
12011.06969  
11966.74049  
12050.65757  
12081.1915  
12019.12408  
12180.38024  
12197.87259  
12150.72336  
12155.46352  
12143.73222  
12267.88879  
12313.6615  
12276.12832  
12267.34276  
12391.5568  
12302.18194  
12275.84322  
12289.00128  
12314.13014  
12353.06892  
12265.12659  
12205.00177  
12190.99578  
12203.01128  
12206.86292  
12144.77988  
12175.60629  
12173.40473  
12067.99331  
12014.26599  
11958.55977  
12190.29651  
12171.4058  
12118.18146  
12121.62741  
12149.26272  
12227.44403  
12213.6276  
12267.29582  
12289.59777  
12268.25999  
12180.73331  
12209.85416  
12210.70733  
12270.46374  
12380.75261  
12280.71212  
12320.91189  
12343.34475  
12298.96918  
12282.19131  
12134.6499  
12141.76674  
12210.45317  
12141.92634  
12071.24058  
12235.94986  
12219.55732  
12183.10212  
12176.83539  
12194.12794  
12210.19241  
12194.18274  
12267.48842  
12302.43957  
12180.73744  
12268.87514  
12182.58084  
