10952.73241  
11053.81238  
11082.46802  
11143.12026  
10971.10254  
11120.63007  
10954.08956  
10899.9089  
11075.88042  
10942.07843  
10845.6088  
10990.91127  
10967.1992  
11094.09905  
11002.51609  
10875.90253  
11097.82193  
11092.7124  
11018.41467  
10887.0045  
11024.72135  
11079.65417  
11132.51953  
10978.19765  
11049.58971  
11062.38889  
11000.76056  
11153.91681  
10973.4443  
11133.47617  
11267.20132  
11288.04577  
11125.82308  
10938.52715  
10858.0455  
10839.74933  
10842.77418  
10803.34464  
10868.94537  
10968.95346  
11113.92568  
11033.46312  
11012.99146  
11027.94854  
11047.70269  
11088.74181  
11118.18287  
11060.73826  
10957.21015  
10880.09662  
10940.95697  
10972.71593  
11094.69148  
10970.37349  
10997.79169  
10994.81004  
10989.99781  
11106.37807  
11004.37303  
11063.21443  
11028.40189  
11040.18234  
11050.6581  
11103.90928  
11113.98553  
11025.26073  
10993.32481  
11051.46286  
11024.19768  
10947.88609  
11110.87007  
11139.97373  
11101.61627  
11011.95437  
11028.70202  
11150.7975  
11099.99821  
10997.51015  
10928.16956  
10972.07271  
11140.30298  
11101.10928  
10931.70869  
11048.70986  
11046.94597  
11081.56156  
10946.71115  
11019.81273  
11227.81003  
11169.18548  
10962.78655  
10862.64024  
10750.04238  
10690.83145  
10800.99459  
10875.26304  
10933.6415  
10964.91651  
11030.34665  
11060.52599  
11022.996  
11002.95677  
11154.3025  
11111.70238  
11147.55338  
11084.72912  
11184.82688  
11010.14197  
10943.26441  
10907.87266  
10932.34886  
11055.2819  
11157.7896  
11092.617  
10961.72975  
11064.21631  
11001.25511  
10973.70586  
10762.21078  
10925.73594  
10815.09905  
10899.76578  
10778.19088  
10876.45838  
10992.79292  
11001.48932  
10967.59133  
10966.50933  
11018.57561  
10950.69457  
11067.15277  
11114.65768  
11056.00701  
11073.2883  
11130.01218  
11151.33144  
11086.45695  
11109.72457  
11142.35032  
11044.0937  
11118.59089  
11087.28127  
11050.07592  
10967.01423  
11037.34437  
11012.03997  
10934.00321  
10880.1678  
11012.382  
11041.37789  
10981.82189  
10935.67788  
10969.96601  
10923.83526  
11059.61278  
11141.11785  
11001.55506  
10909.69401  
11102.09219  
10987.96013  
