10816.83569  
10746.8084  
10716.87354  
10784.31224  
10745.42261  
10766.61005  
10843.73979  
10703.25553  
10757.75004  
10737.49833  
10721.56967  
10715.38611  
10677.34268  
10832.86157  
10752.5966  
10678.18835  
10703.24248  
10756.7621  
10826.26457  
10759.52697  
10717.02405  
10810.65838  
10810.49739  
10713.25813  
10758.58256  
10767.66393  
10725.6319  
10766.60932  
10695.21363  
10725.03475  
10847.33971  
10851.202  
10884.2125  
10708.79889  
10671.75551  
10677.17016  
10716.94391  
10761.06232  
10680.26742  
10730.7313  
10770.53881  
10707.17956  
10721.3404  
10746.79432  
10764.15271  
10753.76591  
10781.7  
10830.70131  
10848.04209  
10732.36723  
10773.61234  
10736.96921  
10785.70784  
10815.9933  
10795.5029  
10704.24934  
10684.83048  
10726.2659  
10759.26385  
10784.6559  
10679.77791  
10657.27013  
10764.32552  
10834.37271  
10691.08427  
10770.30205  
10703.10512  
10752.33563  
10723.56421  
10714.83649  
10725.9998  
10761.88903  
10810.32746  
10754.2135  
10753.96373  
10748.75442  
10757.73097  
10865.88096  
10789.82809  
10699.10075  
10771.56004  
10857.34717  
10775.0469  
10788.64304  
10770.37041  
10773.44067  
10749.67552  
10704.64097  
10803.30471  
10851.43343  
10815.87179  
10692.61032  
10667.13067  
10652.74333  
10670.14904  
10753.85026  
10761.05879  
10712.92881  
10735.32327  
10717.76119  
10783.63598  
10788.31622  
10815.36726  
10783.42039  
10873.75367  
10725.57734  
10723.55238  
10806.35866  
10854.10428  
10735.63358  
10707.51392  
10803.43441  
10880.383  
10779.7191  
10849.59214  
10803.28191  
10730.912  
10675.48628  
10697.03514  
10703.18512  
10749.66132  
10722.05848  
10596.21418  
10590.56663  
10717.41481  
10725.03679  
10684.82515  
10714.10453  
10746.93926  
10745.79921  
10739.83919  
10823.67753  
10798.09218  
10719.2335  
10688.5924  
10826.91777  
10779.55377  
10732.03775  
10826.46327  
10713.95195  
10707.50064  
10728.1748  
10775.91227  
10742.17126  
10727.81808  
10695.8358  
10818.79349  
10765.63369  
10734.55648  
10752.79028  
10832.30287  
10719.47947  
10766.9294  
10786.39558  
10718.89427  
10772.28223  
10812.77899  
10726.79669  
10717.25805  
10791.12632  
