10551.55715  
10560.73254  
10587.25783  
10551.72568  
10506.10818  
10624.42342  
10566.27022  
10454.88505  
10590.6795  
10504.53451  
10488.98682  
10489.73678  
10454.16301  
10539.48459  
10597.70112  
10512.38097  
10512.65757  
10522.22881  
10587.45469  
10483.63305  
10472.62301  
10512.23422  
10596.11338  
10499.79398  
10578.38412  
10571.99975  
10545.99168  
10596.65576  
10447.79977  
10681.80687  
10643.30841  
10526.65509  
10544.91696  
10535.86677  
10502.10967  
10477.32556  
10517.24548  
10510.25601  
10462.15102  
10559.70233  
10524.4598  
10474.7122  
10527.9903  
10530.83184  
10586.17466  
10529.40542  
10517.70287  
10536.83481  
10582.85584  
10493.15607  
10458.99597  
10532.16409  
10567.0887  
10539.61215  
10536.90429  
10612.82323  
10512.83351  
10518.74972  
10515.42405  
10498.30602  
10486.9154  
10493.01974  
10532.31399  
10575.26078  
10570.00557  
10623.39777  
10496.77218  
10537.51502  
10547.39838  
10545.80333  
10593.45366  
10554.78499  
10511.86596  
10537.33661  
10552.34178  
10575.64383  
10544.9023  
10546.54301  
10501.08558  
10456.95016  
10537.20423  
10549.48917  
10492.37067  
10537.59058  
10549.80181  
10596.58245  
10611.25969  
10600.73385  
10622.54264  
10718.83531  
10557.67876  
10541.62227  
10519.2028  
10440.78159  
10420.84702  
10517.88229  
10492.74603  
10457.32431  
10504.0503  
10493.18587  
10523.359  
10483.2125  
10572.44475  
10583.44707  
10554.60076  
10465.8351  
10546.21859  
10501.02602  
10538.95993  
10514.5446  
10490.11226  
10609.40447  
10614.11608  
10564.63889  
10531.54045  
10571.42688  
10586.6705  
10498.04787  
10590.72299  
10570.79695  
10455.1161  
10459.65804  
10396.99293  
10505.30115  
10548.71941  
10501.20457  
10470.11835  
10486.59025  
10558.79809  
10583.95109  
10546.70769  
10532.30818  
10516.80852  
10492.26489  
10542.23593  
10549.75799  
10542.66913  
10602.49775  
10524.39772  
10509.05502  
10567.80332  
10606.38359  
10606.8709  
10545.79266  
10527.41242  
10577.86171  
10541.12978  
10512.86992  
10524.67613  
10535.36241  
10590.51822  
10473.55322  
10489.02589  
10609.04901  
10510.88996  
10547.78972  
10558.06021  
10518.70846  
10534.23645  
10489.48025  
