10807.16444  
10810.15777  
10838.35795  
10785.73982  
10742.38685  
10749.1691  
10731.86456  
10701.03892  
10702.02426  
10699.73884  
10766.21742  
10854.11272  
10797.11148  
10833.18685  
10857.29571  
10819.54795  
10725.02486  
10720.13007  
10706.39858  
10745.64215  
10718.32452  
10714.51436  
10753.40096  
10670.0896  
10805.20833  
10767.4693  
10730.61265  
10813.58643  
10796.14381  
10792.1597  
10765.11369  
10721.98616  
10709.10795  
10751.0231  
10752.01555  
10711.64927  
10722.766  
10706.005  
10778.78378  
10777.66358  
10832.42739  
10802.95856  
10734.89502  
10750.46351  
10795.89132  
10791.36453  
10714.3529  
10767.10499  
10818.42563  
10759.20684  
10738.86002  
10650.43917  
10782.93132  
10768.2228  
10785.13526  
10740.79625  
10762.75878  
10735.35693  
10811.72343  
10743.26236  
10749.53325  
10761.41303  
10818.77756  
10755.66214  
10716.13133  
10789.82804  
10837.24585  
10842.94286  
10850.33307  
10733.13507  
10772.09978  
10787.77262  
10746.24347  
10833.54012  
10768.98245  
10786.65634  
10773.69405  
10793.14612  
10772.38527  
10682.44346  
10676.93018  
10682.03995  
10766.84053  
10700.08528  
10727.4715  
10724.30564  
10700.21352  
10689.81008  
10677.58649  
10810.47314  
10829.67161  
10829.2685  
10809.61903  
10796.24041  
10798.25821  
10788.69942  
10796.4783  
10719.68233  
10716.98395  
10839.50106  
10829.61625  
10730.97246  
10729.00476  
10821.06061  
10782.79231  
10756.14254  
10768.44687  
10785.05828  
10735.54491  
10785.2735  
10845.98454  
10833.95712  
10748.50041  
10745.32979  
10729.58185  
10688.57776  
10689.52577  
10751.89272  
10728.63805  
10841.95884  
10747.25032  
10708.13547  
10711.83166  
10707.15946  
10708.33974  
10787.4324  
10833.31375  
10811.49707  
10837.86998  
10838.51688  
10745.447  
10735.22537  
10755.0681  
10809.40956  
10808.15229  
10750.51483  
10745.38072  
10735.24519  
10781.65341  
10762.18696  
10841.17627  
10757.44701  
10681.12006  
10712.87615  
10828.98522  
10877.20087  
10860.35207  
10724.92953  
10708.52641  
10747.02527  
10786.81534  
10764.22331  
10778.79024  
10805.43737  
10745.98837  
10752.99491  
10772.32606  
10804.52946  
10676.40169  
10707.51576  
