10948.7248  
10939.62457  
10966.84245  
10937.02096  
10915.75812  
10902.41418  
10868.38569  
10865.42773  
10871.18332  
10854.16307  
10913.32606  
10976.36623  
10938.92255  
10961.78262  
10987.59678  
10969.67303  
10893.33036  
10863.71659  
10864.15057  
10877.98192  
10867.60057  
10874.35417  
10889.75767  
10848.96398  
10944.10846  
10924.89444  
10890.4666  
10946.34981  
10940.42268  
10952.61198  
10919.80316  
10881.0641  
10872.54095  
10893.83399  
10910.0449  
10888.95183  
10901.62491  
10894.90787  
10910.63114  
10915.76418  
10943.38567  
10930.82732  
10869.64634  
10925.49798  
10946.73963  
10929.625  
10871.30103  
10898.29114  
10949.42261  
10929.68713  
10873.49852  
10857.9596  
10914.59308  
10909.14091  
10913.2065  
10874.93959  
10907.68197  
10884.36752  
10945.33778  
10908.32732  
10914.1463  
10916.2975  
10944.35428  
10904.55805  
10896.49621  
10945.89099  
10969.14449  
10977.97542  
10965.66964  
10881.02803  
10898.10613  
10904.9387  
10890.99748  
10968.91871  
10933.12208  
10902.67672  
10901.93489  
10935.4102  
10932.5922  
10853.2323  
10843.89479  
10848.91187  
10917.21084  
10856.84727  
10887.08823  
10885.06938  
10868.09705  
10861.32719  
10835.32416  
10954.32823  
10972.43333  
10954.29306  
10924.39616  
10946.13135  
10924.40486  
10939.05472  
10942.74772  
10888.05823  
10884.30842  
10973.80066  
10966.6577  
10891.19566  
10886.79889  
10933.49239  
10940.59806  
10924.03477  
10909.58187  
10922.41575  
10895.40738  
10897.16734  
10955.71272  
10946.97238  
10878.73161  
10884.4497  
10898.81098  
10889.43616  
10863.41822  
10900.12216  
10892.95445  
10991.29381  
10901.09346  
10863.82339  
10885.7697  
10862.27988  
10879.99817  
10948.73337  
10972.54888  
10938.82015  
10950.69424  
10985.61052  
10919.95306  
10917.32865  
10908.28254  
10923.3413  
10945.88316  
10874.30663  
10897.81631  
10897.52221  
10949.3334  
10923.28655  
10956.93683  
10885.7527  
10839.36011  
10880.38822  
10966.12243  
10980.09772  
10976.7549  
10883.96367  
10867.73777  
10916.34807  
10914.53618  
10919.03244  
10919.29628  
10944.54761  
10907.26555  
10908.59685  
10911.33046  
10935.8263  
10859.23106  
10871.5635  
