10830.6082  
10833.31036  
10851.79726  
10818.33412  
10807.62337  
10780.67213  
10746.27671  
10750.39406  
10746.16636  
10705.06966  
10791.09701  
10849.3817  
10831.62237  
10848.82787  
10890.46515  
10841.51331  
10784.30137  
10746.81998  
10714.92261  
10753.04029  
10753.99102  
10743.0586  
10785.26547  
10722.75441  
10799.05843  
10810.30537  
10753.21659  
10818.16867  
10850.23106  
10820.33083  
10796.16938  
10758.91465  
10757.48004  
10765.91149  
10808.31171  
10767.66629  
10772.26315  
10749.06427  
10784.38774  
10810.92699  
10792.51162  
10759.39985  
10753.50465  
10787.4036  
10802.94243  
10829.23718  
10763.26287  
10769.59033  
10877.32847  
10839.45456  
10734.67483  
10744.50644  
10805.86205  
10798.78854  
10777.09988  
10761.20716  
10789.29759  
10770.19036  
10859.42116  
10784.14296  
10769.722  
10785.88086  
10855.99642  
10792.12474  
10762.90415  
10781.15596  
10812.93326  
10851.00309  
10881.15777  
10761.14174  
10772.2823  
10776.81042  
10769.57572  
10866.51757  
10790.84319  
10821.70644  
10785.00188  
10819.34013  
10809.32591  
10744.98735  
10739.61404  
10730.37083  
10797.55451  
10754.2926  
10765.24154  
10773.4255  
10744.30387  
10728.49377  
10684.07691  
10797.25085  
10845.98466  
10846.53333  
10825.55825  
10851.86686  
10757.83892  
10789.60702  
10822.93219  
10799.75615  
10790.61026  
10852.51932  
10882.58116  
10795.92322  
10754.63468  
10787.98934  
10784.4685  
10775.85165  
10791.9178  
10829.3843  
10768.58154  
10781.41909  
10855.07828  
10821.49981  
10764.43409  
10764.02974  
10794.83197  
10752.20411  
10740.22283  
10769.12616  
10773.14974  
10881.73453  
10780.10214  
10759.19999  
10758.05712  
10748.64899  
10778.90857  
10855.28206  
10860.64709  
10831.36591  
10811.61644  
10834.44328  
10789.88287  
10797.82715  
10782.35498  
10817.37562  
10865.45203  
10743.15394  
10737.15633  
10774.48282  
10827.92179  
10780.04042  
10857.81634  
10771.13232  
10711.70787  
10741.44127  
10830.74142  
10850.76394  
10897.29372  
10773.5093  
10751.323  
10781.36232  
10802.72175  
10809.95919  
10783.71362  
10830.44815  
10812.13126  
10770.45679  
10765.13572  
10861.52156  
10741.75872  
10724.91454  
