11066.8414  
11045.93878  
11081.88764  
11055.70781  
11023.89288  
11024.15623  
10990.49468  
10980.4614  
10996.20027  
11003.25648  
11035.55511  
11103.35077  
11046.22273  
11074.73737  
11084.72841  
11097.83276  
11002.35934  
10980.61319  
11013.37854  
11002.92356  
10981.21011  
11005.64973  
10994.24987  
10975.17356  
11089.15849  
11039.4835  
11027.71661  
11074.53094  
11030.6143  
11084.89312  
11043.43694  
11003.21355  
10987.60187  
11021.7565  
11011.77809  
11010.23738  
11030.98667  
11040.75146  
11036.87454  
11020.60137  
11094.25972  
11102.2548  
10985.78803  
11063.59236  
11090.53683  
11030.01283  
10979.3392  
11026.99194  
11021.51674  
11019.91971  
11012.3222  
10971.41276  
11023.32411  
11019.49329  
11049.31312  
10988.67203  
11026.06636  
10998.54467  
11031.25439  
11032.51168  
11058.5706  
11046.71414  
11032.71213  
11016.99137  
11030.08828  
11110.62602  
11125.35572  
11104.94774  
11050.18152  
11000.91432  
11023.92996  
11033.06697  
11012.41924  
11071.31985  
11075.40097  
10983.64701  
11018.86791  
11051.48028  
11055.85848  
10961.47725  
10948.17555  
10967.45292  
11036.86717  
10959.40194  
11008.93493  
10996.71326  
10991.89023  
10994.16062  
10986.57141  
11111.40562  
11098.882  
11062.0528  
11023.23407  
11040.39585  
11090.97081  
11088.50241  
11062.56324  
10976.36031  
10978.00658  
11095.08201  
11050.73424  
10986.46811  
11018.96311  
11078.99544  
11096.72763  
11072.2179  
11027.24594  
11015.4472  
11022.23322  
11012.9156  
11056.34716  
11072.44496  
10993.02913  
11004.86966  
11002.78998  
11026.6682  
10986.61362  
11031.11815  
11012.75916  
11100.8531  
11022.08479  
10968.4468  
11013.48228  
10975.91077  
10981.08778  
11042.18469  
11084.45066  
11046.27439  
11089.77204  
11136.77776  
11050.02326  
11036.83014  
11034.21009  
11029.30699  
11026.31429  
11005.45931  
11058.47629  
11020.5616  
11070.74501  
11066.53268  
11056.05732  
11000.37308  
10967.01235  
11019.33516  
11101.50344  
11109.43149  
11056.21607  
10994.41805  
10984.15254  
11051.33382  
11026.3506  
11028.10568  
11054.87893  
11058.64707  
11002.39985  
11046.73692  
11057.5252  
11010.13104  
10976.70339  
11018.21246  
