11531.74678  
11516.30203  
11567.58432  
11549.84084  
11519.64283  
11456.04703  
11495.47465  
11506.00652  
11413.3277  
11376.10873  
11502.72631  
11605.63432  
11581.81738  
11609.26598  
11632.68744  
11529.62361  
11429.46586  
11409.2799  
11360.30578  
11448.71781  
11486.58855  
11375.78957  
11432.96025  
11343.81848  
11473.15129  
11496.03613  
11438.8743  
11472.35863  
11527.34799  
11496.5176  
11453.81514  
11430.87021  
11495.85439  
11511.67832  
11519.88115  
11427.03174  
11429.85773  
11404.86184  
11467.6026  
11582.6532  
11631.87484  
11479.91828  
11504.32012  
11453.14027  
11496.38188  
11533.38943  
11485.99941  
11518.26496  
11530.28619  
11489.82434  
11448.53506  
11352.14309  
11434.49639  
11475.60529  
11534.83635  
11506.41904  
11519.40969  
11524.90846  
11582.98342  
11466.5452  
11457.49943  
11428.87682  
11598.60217  
11465.61752  
11419.6541  
11476.66041  
11535.29053  
11597.53346  
11613.72848  
11532.90482  
11489.43777  
11530.06318  
11489.85354  
11519.89992  
11504.58178  
11577.62602  
11534.92357  
11494.295  
11417.1924  
11384.51949  
11425.04729  
11412.22027  
11500.76564  
11377.59143  
11400.22322  
11386.81473  
11420.45816  
11424.38619  
11440.26627  
11549.65434  
11573.12563  
11573.17768  
11613.4167  
11610.2593  
11540.07279  
11463.69666  
11519.35148  
11522.27523  
11432.9885  
11524.79119  
11558.54111  
11441.26824  
11422.92998  
11575.59666  
11502.67189  
11414.19744  
11492.18436  
11540.75469  
11430.75869  
11478.01357  
11580.69629  
11578.59758  
11548.50344  
11478.05057  
11462.34803  
11420.73902  
11411.42283  
11464.2177  
11450.63117  
11500.96678  
11434.44365  
11369.46508  
11410.55943  
11356.14525  
11434.74438  
11583.53135  
11569.83361  
11545.07607  
11607.18346  
11528.69129  
11465.27035  
11461.07426  
11488.5993  
11590.89547  
11648.90926  
11566.15957  
11429.01119  
11425.22805  
11489.19771  
11551.96664  
11569.56328  
11546.66133  
11445.27412  
11406.06451  
11512.88459  
11577.29199  
11631.38236  
11474.30258  
11382.06924  
11479.7765  
11544.41932  
11540.12209  
11518.63195  
11535.89211  
11424.91949  
11448.09576  
11462.14545  
11555.1092  
11386.45027  
11421.94873  
