10547.04446  
10522.15818  
10581.22251  
10636.24591  
10556.42165  
10576.02257  
10575.94449  
10426.4307  
10611.49045  
10539.72072  
10636.13426  
10506.7586  
10579.52131  
10566.05642  
10646.85974  
10707.64752  
10519.14884  
10688.56055  
10588.64842  
10657.70652  
10512.8449  
10644.91707  
10608.74294  
10571.14905  
10659.2208  
10553.68757  
10683.82713  
10591.64856  
10728.86239  
10629.89417  
10645.07916  
10505.96994  
10618.37498  
10531.73446  
10536.93648  
10622.93164  
10467.35946  
10577.29366  
10509.29572  
10627.00663  
10628.51156  
10573.30974  
10492.44658  
10586.16451  
10640.93738  
10409.08763  
10436.33752  
10588.4284  
10514.975  
10554.36749  
10624.75549  
10622.41048  
10661.78941  
10590.39692  
10697.12665  
10531.60446  
10562.96503  
10577.74477  
10635.09243  
10602.12522  
10633.45426  
10493.78879  
10587.393  
10576.60678  
10552.16762  
10637.66785  
10497.52797  
10513.21763  
10623.67961  
10540.61217  
10614.47607  
10610.59074  
10613.95951  
10528.79012  
10696.31093  
10716.14209  
10669.19478  
10679.13442  
10664.92979  
10509.0438  
10446.62351  
10521.44567  
10533.76897  
10552.29848  
10432.04526  
10495.50331  
10543.13138  
10574.84503  
10548.05744  
10680.27199  
10527.93197  
10621.11144  
10536.60368  
10634.47053  
10490.38975  
10623.32456  
10545.94182  
10514.10857  
10524.54976  
10603.50977  
10490.02368  
10605.22064  
10507.09025  
10578.00137  
10511.1184  
10603.87475  
10491.05376  
10649.50114  
10561.82644  
10635.38271  
10503.06789  
10599.39556  
10653.32975  
10499.09252  
10518.20927  
10572.15237  
10596.63232  
10528.46943  
10575.93209  
10529.72731  
10546.31982  
10614.63399  
10481.49462  
10527.31939  
10732.79993  
10727.46558  
10625.716  
10639.25229  
10683.01463  
10543.43617  
10615.48109  
10547.49913  
10593.11157  
10511.63312  
10746.47758  
10520.19765  
10692.52307  
10684.82395  
10506.98167  
10493.57263  
10476.95709  
10514.87801  
10507.77356  
10657.79022  
10595.76947  
10610.46818  
10534.03421  
10582.03137  
10550.71332  
10568.47831  
10590.16824  
10626.3499  
10552.34368  
10541.27852  
10647.16056  
10662.40773  
10567.22045  
10692.27598  
10505.54541  
10521.7182  
