12819.45435  
12801.93618  
12902.38174  
12889.69147  
12822.58255  
12727.1155  
12759.25058  
12795.4541  
12885.5245  
12878.79525  
12900.99081  
12800.0237  
12794.16619  
12857.14219  
12870.17166  
12963.32967  
12800.48856  
12872.36494  
12860.59355  
12941.41916  
12825.43007  
12809.82399  
12809.63096  
12707.46461  
12845.56686  
12858.56613  
12957.93362  
12912.43745  
12995.70183  
12891.58159  
12880.56892  
12790.49461  
12899.89567  
12820.10079  
12776.97129  
12728.59816  
12724.25321  
12823.05701  
12746.58257  
12775.23542  
12762.46074  
13193.05445  
12956.60032  
12841.36219  
12882.61264  
12721.97382  
13003.66842  
12829.37941  
12778.84998  
12819.8028  
12880.65319  
12803.85159  
12955.15706  
12879.05052  
12879.8061  
12790.65769  
12785.12211  
12822.64288  
12853.56267  
12871.05323  
12885.01211  
12879.42635  
12835.81773  
12842.28879  
12819.58199  
12898.61112  
12845.39323  
12766.99006  
12862.81187  
12840.67754  
12907.52799  
12847.51506  
12986.47145  
12837.27459  
12897.85733  
12934.16701  
12923.93222  
12961.93327  
12931.64874  
12761.04132  
12795.91447  
12919.70634  
12739.86514  
12747.35651  
12721.45783  
12738.14949  
12733.81158  
12761.45209  
12791.47227  
12851.75554  
12841.03913  
12909.13314  
12773.09342  
12829.50464  
12840.66319  
12898.12269  
12937.95852  
12859.55701  
12819.76384  
12913.88616  
12791.78769  
12830.62766  
12786.9763  
12860.65688  
12815.36266  
12859.28981  
12769.0193  
12866.8659  
12912.45136  
12850.0861  
12853.01184  
12714.30647  
12785.02428  
12738.06919  
12761.25969  
12894.94522  
12827.76516  
12885.9807  
12786.84578  
12725.50201  
12689.17719  
13024.59289  
12829.58442  
12812.8057  
13007.27287  
12909.89406  
12954.94594  
12822.86127  
12877.47808  
12663.82013  
12701.69144  
12703.55225  
12787.83669  
12767.4337  
12757.42857  
12890.93496  
12886.47283  
13157.97326  
12827.3538  
12760.38256  
12622.32167  
12882.72406  
12725.29352  
12830.88339  
12842.88802  
12956.51321  
13097.41255  
13064.67227  
12799.89032  
12728.32194  
12816.55655  
12845.33685  
12862.55617  
12818.64286  
12806.72551  
12893.31267  
12802.22141  
12827.15636  
12890.75029  
12744.3974  
