10407.89955  
10337.81906  
10457.43322  
10413.86391  
10406.30286  
10378.1781  
10365.32539  
10344.0393  
10386.7398  
10406.65918  
10424.65609  
10394.01216  
10355.56026  
10418.44116  
10421.50007  
10528.50477  
10371.94687  
10445.86702  
10369.04134  
10425.74772  
10388.19476  
10399.27743  
10456.02456  
10386.42122  
10376.46822  
10396.46179  
10436.56846  
10428.46539  
10457.42694  
10425.04695  
10435.47037  
10399.29771  
10386.21314  
10417.71516  
10371.76382  
10414.42956  
10339.8668  
10411.58352  
10378.63752  
10377.61783  
10465.454  
10436.18292  
10405.03225  
10356.25645  
10415.63813  
10327.22308  
10326.68825  
10398.99016  
10372.3144  
10342.78044  
10472.70976  
10396.09075  
10465.49481  
10409.68577  
10438.62959  
10364.41259  
10373.15018  
10457.95697  
10423.18994  
10436.49322  
10396.12533  
10386.80044  
10374.29525  
10454.82279  
10364.11536  
10426.56845  
10407.29764  
10305.45242  
10392.7196  
10438.59078  
10403.65052  
10449.78631  
10375.3919  
10417.20301  
10525.92471  
10540.25939  
10456.57258  
10516.92465  
10422.60003  
10407.22047  
10308.09568  
10401.02991  
10349.95367  
10316.47236  
10329.61411  
10330.16625  
10397.78441  
10334.19672  
10365.55309  
10393.06911  
10320.48022  
10378.37469  
10351.8126  
10330.27619  
10366.33433  
10409.42723  
10409.5584  
10393.5772  
10387.71965  
10375.40394  
10348.94039  
10376.92493  
10325.93941  
10361.09095  
10347.12716  
10390.7426  
10345.801  
10417.56641  
10438.76776  
10507.4235  
10402.51364  
10402.80062  
10428.87459  
10378.91225  
10342.484  
10438.55791  
10375.55781  
10391.1642  
10390.83586  
10390.01697  
10350.47627  
10469.19658  
10299.36941  
10378.37184  
10537.73994  
10432.61427  
10369.13406  
10514.37159  
10424.3498  
10374.04225  
10425.4096  
10301.64214  
10373.23103  
10358.86826  
10477.81762  
10381.3107  
10559.46377  
10554.91234  
10382.00597  
10369.70654  
10337.99794  
10376.1539  
10309.31819  
10440.07802  
10384.1086  
10407.67802  
10443.38284  
10402.75639  
10398.32071  
10325.31027  
10407.88335  
10392.65451  
10366.32712  
10352.06413  
10428.41248  
10398.08061  
10436.26889  
10531.85021  
10364.04177  
10366.94377  
