11086.13954  
11053.7615  
11091.95381  
11123.71796  
11053.10314  
11073.74273  
11101.86779  
11006.9904  
11124.78563  
11075.60941  
11139.03104  
11045.40967  
11082.22541  
11070.6697  
11114.44659  
11198.92205  
11029.05125  
11150.69264  
11060.40383  
11130.78404  
11056.17928  
11142.71822  
11143.98274  
11060.07633  
11096.0413  
11042.60237  
11185.98993  
11108.79265  
11165.24058  
11107.6085  
11159.62313  
11066.63362  
11135.16101  
11060.69838  
11089.1051  
11129.8764  
11010.06388  
11133.45435  
11044.86899  
11099.97936  
11100.64706  
11148.19158  
11048.22064  
11052.76509  
11127.4676  
11012.70405  
11042.02616  
11126.47661  
10999.23404  
11031.40903  
11095.69412  
11086.3235  
11170.24912  
11103.19408  
11176.38635  
11023.90618  
11053.34322  
11091.3939  
11117.85716  
11071.51009  
11120.34671  
11051.48138  
11089.23937  
11100.62259  
11072.53775  
11143.49851  
11032.52504  
11033.01991  
11098.97026  
11052.1016  
11107.94949  
11101.45082  
11087.76015  
11055.29403  
11182.26163  
11202.09924  
11146.30513  
11168.91273  
11142.48864  
11073.71382  
11032.90106  
11101.3172  
11076.23608  
11060.17118  
11018.78787  
11059.42395  
11072.82777  
11087.55792  
11055.57676  
11138.30364  
11036.99679  
11127.73411  
11025.25179  
11080.6691  
11003.84357  
11117.67705  
11076.85824  
11040.66428  
11027.4419  
11133.33019  
11031.57372  
11090.78173  
11034.95789  
11082.96408  
11031.16495  
11125.4024  
11008.56642  
11158.49686  
11086.40296  
11160.8598  
11050.7655  
11082.70136  
11166.36433  
11016.64401  
11064.241  
11094.43688  
11077.36181  
11078.5772  
11087.9235  
11042.06933  
11043.53367  
11148.76811  
11013.09301  
11037.58752  
11184.06962  
11163.35974  
11104.7612  
11176.09275  
11153.16241  
11038.08027  
11094.52724  
11012.51357  
11109.40223  
11018.62411  
11191.01522  
11057.11669  
11165.02402  
11183.12162  
11065.95423  
11009.70328  
11016.58515  
11060.406  
11004.58348  
11134.02357  
11042.68585  
11119.35731  
11120.7804  
11078.83989  
11073.22706  
11061.70016  
11142.7374  
11136.75423  
11072.31585  
11043.69809  
11134.82443  
11105.46068  
11063.76929  
11192.49231  
11069.76593  
11080.22453  
