10760.11903  
10617.70459  
10837.93219  
10760.69989  
10760.50693  
10678.08714  
10680.37752  
10647.89992  
10644.74427  
10762.74842  
10741.97861  
10758.93789  
10685.34242  
10803.37904  
10739.55744  
10861.09683  
10643.67126  
10720.57697  
10676.29616  
10709.73613  
10699.7992  
10648.9811  
10756.10985  
10669.06777  
10661.85827  
10736.34941  
10722.79531  
10774.30296  
10763.03706  
10770.06156  
10747.9062  
10773.46388  
10678.07284  
10813.79989  
10641.08931  
10680.37116  
10637.12585  
10687.0994  
10674.59951  
10589.61032  
10809.93856  
10749.93818  
10749.97111  
10672.35223  
10754.34544  
10645.63581  
10545.15845  
10687.37508  
10755.81143  
10631.30509  
10866.73773  
10672.50516  
10808.98078  
10726.06185  
10758.69264  
10747.3277  
10677.09604  
10868.92555  
10764.93382  
10809.67345  
10727.63966  
10731.15062  
10677.18524  
10851.12987  
10691.84191  
10714.23229  
10784.48389  
10571.66357  
10680.53726  
10790.26411  
10673.31979  
10765.21514  
10625.57923  
10733.76683  
10865.38122  
10856.02204  
10742.77139  
10923.65288  
10725.35962  
10817.50881  
10560.70018  
10733.47493  
10632.06343  
10575.30999  
10649.3347  
10577.25337  
10721.61852  
10623.13564  
10765.74595  
10760.60687  
10605.24235  
10673.2091  
10727.86201  
10641.91514  
10735.16224  
10744.47433  
10815.71159  
10743.68018  
10751.05981  
10672.34271  
10693.10311  
10678.95763  
10661.66782  
10683.78125  
10692.68167  
10709.48595  
10660.26813  
10735.65369  
10802.78039  
10831.59056  
10731.59956  
10699.89974  
10675.63957  
10740.38218  
10650.13097  
10829.96387  
10658.84919  
10702.50299  
10701.89977  
10752.17327  
10642.27358  
10813.0498  
10593.29383  
10759.9057  
10837.52676  
10751.72625  
10712.19718  
10848.72918  
10699.70565  
10662.44844  
10728.70573  
10596.65845  
10679.97179  
10724.00651  
10672.98953  
10613.56499  
10716.19359  
10825.92368  
10714.46724  
10720.28501  
10659.11242  
10680.87948  
10600.60872  
10754.39836  
10718.85029  
10748.51792  
10747.36118  
10749.21496  
10785.76906  
10653.23197  
10789.44455  
10714.88649  
10734.78118  
10712.58721  
10731.02637  
10682.83641  
10808.41362  
10833.89756  
10625.49805  
10695.68613  
