10680.22702  
10676.66003  
10736.01315  
10687.41298  
10703.1148  
10668.88592  
10625.91486  
10658.48561  
10673.44035  
10743.24731  
10675.75006  
10723.37231  
10626.19519  
10691.49604  
10708.42828  
10743.94207  
10713.71491  
10676.7635  
10674.85271  
10650.07311  
10697.86081  
10653.90202  
10700.30912  
10705.2042  
10638.32871  
10710.36738  
10684.96274  
10719.62506  
10694.64747  
10715.77099  
10681.65007  
10712.31156  
10671.01288  
10699.84728  
10647.38635  
10673.05272  
10685.44473  
10653.77725  
10701.06874  
10657.69935  
10739.09837  
10718.09655  
10692.08381  
10641.30935  
10650.56565  
10634.57123  
10641.16062  
10700.89571  
10656.22007  
10645.34515  
10743.92508  
10681.07389  
10711.38464  
10719.35091  
10664.75131  
10690.50805  
10652.72465  
10740.65696  
10718.80842  
10712.86078  
10660.11308  
10676.31899  
10671.88841  
10695.24449  
10706.41471  
10679.65077  
10714.33716  
10627.46246  
10658.2231  
10764.19107  
10680.04795  
10707.62114  
10678.50113  
10733.26774  
10760.12854  
10798.70764  
10744.87344  
10726.92768  
10701.77872  
10678.75515  
10591.46502  
10671.13248  
10690.39573  
10593.99369  
10634.00061  
10671.77534  
10703.98022  
10642.6673  
10694.23407  
10700.75019  
10635.27917  
10641.93812  
10652.50779  
10612.67095  
10663.14771  
10688.74945  
10755.62988  
10694.77497  
10699.4685  
10644.05424  
10640.7803  
10626.6174  
10652.25013  
10630.66642  
10657.51797  
10651.70322  
10689.08832  
10674.75808  
10769.2126  
10739.78334  
10662.86917  
10711.79347  
10688.23692  
10687.53081  
10635.57282  
10737.18199  
10681.25193  
10638.05266  
10684.66723  
10661.79615  
10652.45658  
10749.40625  
10634.83894  
10674.81981  
10742.87765  
10636.80149  
10624.08685  
10750.79794  
10663.17669  
10616.44256  
10677.02569  
10634.35583  
10635.12927  
10635.84508  
10767.01734  
10611.35686  
10811.56954  
10791.73951  
10710.43845  
10625.67538  
10672.2307  
10628.79301  
10610.04306  
10665.17475  
10721.48211  
10632.57957  
10735.6717  
10686.89178  
10655.8324  
10654.40879  
10694.38012  
10693.31074  
10621.26464  
10687.13154  
10726.91757  
10762.47043  
10720.23942  
10768.94332  
10699.66531  
10624.65862  
