10949.57129  
10935.88047  
10982.07795  
11049.28518  
10937.94208  
10912.87068  
11010.87897  
10894.88411  
11067.11448  
10961.87244  
11100.33793  
10941.16556  
10948.26331  
10972.00696  
10953.58363  
11002.86715  
10939.25464  
11041.76519  
10946.82915  
11038.34868  
10947.01214  
10988.43956  
10951.86405  
10925.15284  
11088.11548  
10968.33719  
11095.5194  
10940.73323  
11091.19272  
10933.19836  
11030.14325  
10885.34346  
10967.04957  
10887.46974  
10887.47036  
10975.07459  
10890.97923  
10996.52315  
10858.36263  
10999.11064  
10874.12609  
11023.24378  
10979.68876  
10963.26032  
11074.48373  
10915.64673  
11078.65951  
11102.54736  
10973.4288  
10967.64554  
10987.89375  
10988.18586  
11045.41184  
10978.0759  
11122.7584  
10947.90416  
10997.56602  
11034.61372  
10984.77628  
10963.30905  
11046.00786  
11012.71625  
10956.02521  
10941.95761  
10960.33444  
11085.76407  
10911.71421  
10911.85793  
11117.88527  
10962.88139  
11051.00383  
10994.36706  
11014.03061  
10995.54259  
11099.71754  
11082.47103  
11008.01491  
10983.15821  
10959.94433  
10827.91436  
10837.97839  
11039.38336  
10851.06184  
11008.69762  
10860.25025  
10882.93081  
10981.15721  
11017.196  
10989.82239  
11081.27096  
10938.82637  
11036.29676  
10857.97801  
11033.39347  
10939.23863  
11070.41409  
10941.83711  
11006.34456  
10908.43633  
11040.34945  
10896.34608  
11026.61702  
10888.8336  
11013.45285  
10924.53011  
11046.16011  
10907.07073  
11001.26332  
10986.63292  
11033.80638  
10906.66454  
10930.79132  
11118.31626  
10901.94729  
10948.75439  
10997.4522  
10947.91072  
10915.863  
10947.40509  
10894.47509  
10887.2209  
11155.01753  
11001.14809  
10975.936  
11107.47761  
11077.36616  
10831.31424  
10905.90769  
10959.64248  
10834.44137  
10883.85477  
10848.83339  
10934.55575  
10789.16977  
10933.50796  
10925.34405  
11030.36473  
11063.67871  
10922.9419  
10835.17482  
10840.40041  
10834.92423  
10817.30568  
10966.29376  
10980.40809  
10962.04942  
11119.00389  
10972.40428  
10900.33847  
10933.85946  
10986.03559  
10993.68512  
10998.83329  
11016.57108  
11129.33809  
11090.3681  
10919.40066  
11141.6319  
11106.79117  
10911.44702  
