11105.53808  
10986.65247  
11155.58777  
11102.00577  
11074.78099  
11032.29336  
11062.23709  
11014.32061  
11033.30306  
11077.17518  
11119.63451  
11074.80439  
11055.24088  
11136.4675  
11113.65033  
11216.72044  
10987.65623  
11101.04264  
11036.42558  
11095.88145  
11040.32973  
11056.76561  
11117.69824  
11023.68155  
11037.25605  
11069.42934  
11119.19427  
11106.7981  
11136.82677  
11112.3162  
11131.56839  
11111.24324  
11075.8767  
11125.64561  
11038.41791  
11074.14031  
10992.1383  
11075.93515  
11020.79056  
11020.49702  
11140.26063  
11116.99594  
11079.84552  
11023.02811  
11101.16872  
10989.85655  
10958.0961  
11074.12364  
11054.70312  
11004.61291  
11171.9077  
11043.73797  
11183.63718  
11086.93421  
11125.8367  
11056.08052  
11043.5717  
11143.01388  
11124.46203  
11116.18202  
11082.71023  
11058.80672  
11034.80062  
11174.24746  
11030.5574  
11093.85198  
11069.61146  
10949.17441  
11030.73731  
11089.48363  
11042.83397  
11090.93687  
11003.21651  
11052.62761  
11209.45527  
11206.34947  
11135.02566  
11258.06595  
11107.09084  
11142.62849  
10965.59944  
11089.66191  
11002.9854  
10990.65258  
11001.3091  
10966.35997  
11067.41075  
11016.22619  
11079.30515  
11126.90142  
10981.89261  
11055.3905  
11047.27284  
11007.13075  
11044.67598  
11107.43989  
11102.55112  
11058.54126  
11048.97093  
11057.98965  
11022.83597  
11059.45985  
11004.99879  
11046.65959  
11040.87798  
11074.43711  
11007.40372  
11130.7376  
11140.35645  
11186.50402  
11081.57072  
11046.76477  
11075.57326  
11047.19267  
11013.42522  
11156.96561  
11039.83953  
11077.47116  
11065.71658  
11072.7305  
11010.30207  
11166.87147  
10934.3121  
11066.09619  
11202.69784  
11112.28982  
11053.58706  
11217.03802  
11125.98171  
11017.2131  
11082.65453  
10953.22593  
11056.75301  
11045.03401  
11074.2778  
10986.83548  
11120.29801  
11187.68936  
11046.31577  
11023.34785  
10991.58667  
11042.57044  
10952.24211  
11111.57049  
11056.98731  
11128.07965  
11097.77517  
11101.74324  
11115.59361  
11008.53509  
11134.8564  
11097.94279  
11087.05163  
11022.32727  
11119.43864  
11049.69426  
11118.98823  
11213.42672  
11022.93101  
11044.49332  
