11419.8294  
11296.10373  
11337.79436  
11260.94721  
11273.30921  
11274.80618  
11373.47302  
11336.07716  
11347.5571  
11350.83327  
11343.25796  
11270.8336  
11297.6066  
11426.41963  
11352.1299  
11324.10649  
11422.78527  
11330.53886  
11390.30248  
11352.69541  
11321.74134  
11321.93824  
11302.23156  
11405.62646  
11315.97783  
11312.92313  
11314.77577  
11297.11611  
11318.45966  
11308.45388  
11246.8771  
11330.6709  
11356.92536  
11343.72625  
11351.83809  
11351.02743  
11392.6674  
11326.68498  
11329.21041  
11335.24119  
11436.74968  
11388.41876  
11371.01594  
11352.72898  
11330.40644  
11400.47884  
11340.12828  
11362.84011  
11339.67845  
11339.58997  
11362.86017  
11350.24568  
11266.41055  
11324.26544  
11268.54055  
11371.62763  
11326.13662  
11356.15764  
11302.6777  
11362.83102  
11330.19565  
11406.26454  
11292.57167  
11338.09605  
11315.07745  
11333.3461  
11420.96547  
11266.265  
11311.88864  
11350.42004  
11263.56576  
11282.75489  
11365.32108  
11323.15184  
11303.52226  
11288.28412  
11328.40359  
11342.51973  
11335.39229  
11342.50892  
11340.02399  
11328.23788  
11327.04833  
11320.28249  
11296.62757  
11335.135  
11377.96183  
11366.1101  
11337.4587  
11373.09198  
11347.7908  
11278.19407  
11305.84553  
11297.6127  
11323.56176  
11399.54229  
11379.33587  
11314.29354  
11362.43331  
11371.45245  
11349.07212  
11278.13026  
11276.9747  
11260.28414  
11356.21623  
11259.92779  
11311.35371  
11308.24083  
11296.58798  
11296.29813  
11338.66563  
11334.60487  
11338.4648  
11289.36822  
11315.1336  
11299.6444  
11334.10477  
11305.82748  
11326.2476  
11381.66284  
11363.84328  
11366.95032  
11408.21972  
11483.87174  
11366.21004  
11309.59172  
11335.00418  
11319.33917  
11302.42266  
11493.18684  
11331.31864  
11369.10476  
11506.19497  
11377.21259  
11345.43148  
11322.4781  
11365.41505  
11502.85218  
11253.82353  
11394.40163  
11358.43114  
11227.18724  
11240.58213  
11253.13956  
11222.80282  
11255.87  
11256.85264  
11343.42741  
11343.65005  
11331.23246  
11312.86516  
11313.36842  
11387.0565  
11313.24152  
11341.3439  
11316.08427  
11298.32044  
11378.71977  
11398.23568  
11390.5463  
