11528.37997  
11394.97087  
11432.34356  
11366.18438  
11380.61619  
11365.116  
11498.05918  
11459.72013  
11482.09774  
11465.40121  
11475.88215  
11388.54967  
11422.72683  
11479.50053  
11452.87867  
11445.71678  
11583.66542  
11465.01883  
11559.06711  
11478.67434  
11464.85988  
11414.36307  
11405.0282  
11546.66867  
11442.46566  
11441.87145  
11461.65615  
11406.87535  
11421.92354  
11436.40175  
11390.72044  
11427.89223  
11466.17604  
11445.51534  
11473.40333  
11461.07275  
11534.82666  
11451.78043  
11462.53317  
11463.69113  
11553.74402  
11523.59445  
11497.96491  
11487.62177  
11438.58054  
11520.20081  
11462.71538  
11423.20367  
11461.79858  
11455.64034  
11465.21788  
11507.79659  
11389.80623  
11444.15938  
11354.49572  
11451.86884  
11428.63037  
11472.348  
11419.40335  
11463.49781  
11475.21557  
11564.54775  
11413.39076  
11465.37828  
11416.19637  
11431.51727  
11528.6854  
11399.50883  
11449.85814  
11462.40637  
11373.98852  
11384.49838  
11464.46426  
11406.92082  
11420.22561  
11400.03976  
11437.27984  
11486.88686  
11436.5752  
11474.80776  
11449.45142  
11440.33685  
11440.1808  
11419.0622  
11415.35069  
11483.03342  
11512.68251  
11473.54376  
11482.42137  
11451.1655  
11464.10553  
11369.37969  
11436.92753  
11423.32263  
11434.9876  
11513.63323  
11506.03684  
11436.5057  
11457.63605  
11492.41992  
11464.68145  
11376.1685  
11386.47375  
11374.22344  
11467.90649  
11385.73479  
11467.09978  
11412.39268  
11374.30465  
11436.66938  
11467.42336  
11436.08812  
11457.92992  
11420.1943  
11458.69524  
11423.57937  
11446.03791  
11427.27338  
11443.36628  
11476.41391  
11484.83228  
11487.41986  
11535.53889  
11590.08329  
11527.05207  
11399.35466  
11452.13074  
11453.92547  
11421.58451  
11519.21324  
11473.90469  
11471.75899  
11675.44862  
11471.77733  
11436.91518  
11450.378  
11465.57593  
11620.70876  
11363.33714  
11528.85315  
11483.70378  
11343.88974  
11349.18495  
11371.45637  
11330.6067  
11356.15381  
11353.47971  
11438.71621  
11475.63734  
11454.41811  
11414.87643  
11419.47758  
11466.00647  
11432.81971  
11497.04046  
11452.79399  
11424.30088  
11503.33534  
11530.80834  
11508.34908  
