10891.67312  
10868.56362  
10908.51258  
10862.81086  
10847.04563  
10889.15479  
10934.91391  
10980.64774  
10913.81484  
11042.70426  
10943.74602  
10915.67556  
10853.6167  
11018.84035  
10926.42276  
10981.45555  
10943.90659  
10894.1697  
10934.58609  
10921.77015  
10973.28335  
10999.87544  
10962.89695  
10865.10468  
11018.06609  
10914.71391  
10929.85377  
10907.03199  
10965.30679  
10941.07768  
10830.78017  
10908.36879  
10842.99773  
11143.45787  
10956.92468  
10962.91832  
10882.61274  
10945.00169  
10830.66263  
11112.28993  
10931.51935  
10892.72347  
10871.38608  
10970.71442  
10921.84903  
10888.61327  
10923.09659  
10925.06911  
10840.06839  
10826.12427  
10871.8153  
10904.29955  
10912.89935  
10841.58886  
10858.32475  
10921.95359  
10943.04868  
10895.4083  
10982.5401  
10907.87386  
10953.44488  
11044.12163  
10973.90611  
11109.23143  
10924.67709  
11071.64717  
10948.79569  
10972.10293  
10893.14234  
10975.63342  
10901.2989  
10900.08161  
10883.76773  
10952.88374  
10876.50328  
10925.42055  
10930.80962  
10931.06741  
10997.67048  
10874.09148  
10905.19589  
10860.15494  
10937.26709  
10877.02561  
10913.90291  
10911.02039  
10968.46993  
11001.2672  
10986.73595  
10904.93268  
10860.70066  
10865.43743  
10871.00768  
10868.33478  
10998.16035  
10905.35024  
10960.65151  
10858.01077  
10829.32753  
10985.58875  
10934.95674  
10959.62783  
10939.41927  
10936.39876  
10966.96919  
10998.31209  
10886.34965  
10944.50008  
10853.26108  
10975.82388  
10869.22441  
10877.49297  
10904.73083  
10968.46775  
10873.38287  
10842.75844  
10905.52914  
10832.57201  
10831.71448  
10941.63754  
10907.8729  
10934.88927  
10967.0739  
11097.96087  
11057.08107  
10912.14704  
10925.23603  
10845.21333  
10996.45069  
10957.8482  
10874.70761  
10886.01073  
10985.74989  
11011.26958  
10966.7932  
10858.77615  
10896.06266  
10972.66371  
10943.48655  
10938.51859  
10801.01957  
10819.48496  
10761.99697  
10856.00543  
10832.23088  
10902.11131  
10929.86906  
11010.759  
10937.32981  
10936.40233  
11015.51894  
10941.4803  
10931.80125  
10960.88067  
10918.77714  
10880.29006  
11108.7514  
10960.53414  
10866.24116  
10895.75277  
