11511.91042  
11417.501  
11652.98261  
11402.38729  
11403.28686  
11398.79669  
11347.75234  
11400.53077  
11487.05023  
11563.13049  
11506.67866  
11547.59576  
11443.90583  
11477.15989  
11547.58509  
11593.81666  
11575.73526  
11573.42116  
11582.37739  
11559.08088  
11405.25713  
11441.64322  
11444.57032  
11557.36844  
11422.5003  
11506.05504  
11695.74574  
11515.11794  
11687.83799  
11539.54404  
11386.4474  
11449.35508  
11521.56345  
11491.84901  
11548.33621  
11506.38185  
11662.26039  
11506.93921  
11458.08595  
11601.36693  
11592.699  
11468.93193  
11530.76012  
11546.56616  
11542.1221  
11566.85489  
11401.78512  
11620.74305  
11440.9175  
11456.19224  
11430.70883  
11561.91985  
11509.778  
11453.90349  
11289.79636  
11312.10103  
11329.06885  
11417.08033  
11454.14439  
11493.41744  
11638.33348  
11779.80801  
11563.69999  
11656.43957  
11487.59795  
11676.02392  
11625.24977  
11484.61424  
11463.60934  
11526.21706  
11378.26684  
11418.12971  
11425.7219  
11461.93445  
11451.13216  
11433.30556  
11445.00531  
11376.37642  
11372.17267  
11391.18507  
11347.63931  
11305.40548  
11326.34041  
11315.23895  
11321.89973  
11427.8108  
11752.38549  
11595.53505  
11514.05024  
11536.45321  
11574.43683  
11462.34616  
11545.49264  
11519.59551  
11568.42147  
11636.79025  
11427.13496  
11474.08435  
11583.08281  
11607.65952  
11514.84549  
11468.45896  
11373.14266  
11470.5848  
11732.5002  
11606.62186  
11487.18403  
11484.72854  
11537.94142  
11532.75654  
11514.33226  
11583.53518  
11644.9012  
11617.84417  
11497.19693  
11343.16737  
11311.32073  
11239.256  
11208.63248  
11412.57123  
11466.12647  
11438.99521  
11553.39188  
11698.1323  
11692.09246  
11486.76279  
11504.32639  
11538.94397  
11583.2744  
11607.31129  
11620.12981  
11746.25943  
11826.07694  
11897.9226  
11575.25174  
11490.79926  
11496.06943  
11523.89795  
11287.51344  
11531.72519  
11273.98196  
11190.1869  
11311.21016  
11277.3194  
11270.45429  
11272.91322  
11423.67476  
11541.61807  
11530.79264  
11499.37339  
11518.57558  
11511.81901  
11489.25085  
11551.70381  
11564.96164  
11508.63473  
11531.66622  
11526.55963  
11624.016  
11606.60264  
