11632.46478  
11559.93478  
11574.45355  
11453.09441  
11564.71252  
11493.10587  
11592.18091  
11546.18108  
11584.2193  
11605.73666  
11581.64395  
11462.85452  
11552.36052  
11612.78786  
11579.2429  
11532.84549  
11735.60599  
11555.84531  
11735.50723  
11573.62886  
11600.36174  
11489.39146  
11477.89906  
11716.8147  
11575.2869  
11556.25627  
11529.92456  
11601.8871  
11638.05759  
11651.86296  
11634.78783  
11625.62196  
11645.24985  
11680.72198  
11615.34755  
11542.60371  
11727.19518  
11557.68095  
11560.39294  
11556.18976  
11560.59827  
11632.75768  
11559.72365  
11603.26303  
11661.09109  
11685.87404  
11568.73387  
11477.27533  
11560.66478  
11510.05319  
11556.40225  
11570.7912  
11455.45155  
11568.0498  
11462.94263  
11583.62141  
11526.77541  
11585.26089  
11527.18851  
11576.98161  
11501.15236  
11743.47478  
11495.58542  
11661.9019  
11537.42404  
11575.31709  
11762.13968  
11513.42514  
11598.33159  
11499.15402  
11495.15981  
11446.74814  
11637.39833  
11609.75766  
11594.18729  
11493.55786  
11487.5135  
11615.76158  
11509.53316  
11600.11414  
11528.18152  
11569.4126  
11503.84387  
11542.43112  
11482.98581  
11648.9577  
11590.80368  
11561.97585  
11640.10216  
11654.25798  
11664.8488  
11477.27373  
11448.88391  
11466.84962  
11541.83778  
11653.56532  
11632.5078  
11638.06738  
11698.01328  
11738.11443  
11686.72418  
11516.42375  
11536.55966  
11395.59216  
11551.24342  
11494.5659  
11672.00603  
11527.62015  
11563.23856  
11466.91397  
11585.45819  
11564.11536  
11660.83723  
11557.85632  
11571.51151  
11543.11658  
11576.55956  
11513.24033  
11537.42072  
11559.41057  
11611.88197  
11644.58691  
11594.08044  
11780.05887  
11715.30026  
11620.55133  
11607.81267  
11650.71977  
11568.12308  
11788.4174  
11585.39946  
11649.05148  
11913.5816  
11620.93002  
11619.88229  
11534.2834  
11584.02567  
11792.48318  
11474.36781  
11671.53879  
11568.82524  
11423.90669  
11468.17595  
11457.36131  
11400.10806  
11413.02438  
11457.68599  
11533.16728  
11578.91022  
11558.61818  
11520.57919  
11526.50223  
11614.43861  
11525.38594  
11557.38184  
11569.03622  
11527.61246  
11643.85249  
11763.867  
11728.58788  
