10672.33212  
10558.72132  
10772.44424  
10490.9978  
10576.91932  
10550.22568  
10636.7813  
10661.13275  
10660.13009  
10680.75186  
10591.63691  
10566.70721  
10566.3709  
10735.76132  
10670.47542  
10611.85835  
10668.52914  
10630.35663  
10611.74062  
10631.88436  
10645.62854  
10598.62085  
10573.16335  
10601.25032  
10689.91715  
10629.10595  
10724.354  
10625.7701  
10669.31311  
10676.64514  
10566.1525  
10637.21367  
10607.18095  
10745.24943  
10691.02719  
10642.33776  
10713.96609  
10631.17797  
10595.24672  
10625.27477  
10570.26946  
10604.60963  
10629.84373  
10772.96312  
10621.95233  
10781.63319  
10636.06396  
10779.39705  
10565.27496  
10562.28304  
10550.39662  
10625.94078  
10591.62675  
10651.14264  
10507.60099  
10561.20637  
10573.12954  
10695.67524  
10664.7992  
10728.05938  
10669.60285  
10774.81561  
10623.62841  
10669.79322  
10601.48325  
10730.9873  
10777.48216  
10565.38795  
10639.68584  
10599.51432  
10485.5607  
10466.55143  
10632.78278  
10567.24339  
10623.58272  
10553.95315  
10595.94005  
10607.16568  
10580.78365  
10682.47133  
10517.07124  
10615.8388  
10572.63417  
10629.27837  
10599.24178  
10684.90585  
10733.46882  
10792.87197  
10648.56594  
10610.63489  
10637.01726  
10563.2419  
10571.28206  
10511.22169  
10598.54536  
10620.20805  
10634.93516  
10653.70773  
10604.97535  
10691.94117  
10620.25897  
10604.78547  
10638.3539  
10542.48269  
10716.9712  
10631.50338  
10568.88172  
10580.01136  
10615.23088  
10648.98587  
10694.10897  
10598.3334  
10626.68489  
10652.5534  
10624.60909  
10526.0718  
10571.6465  
10584.72844  
10476.3657  
10597.41075  
10662.23182  
10701.71417  
10696.23995  
10825.38279  
10747.98176  
10639.1932  
10630.03221  
10629.16027  
10679.86315  
10791.10231  
10702.59652  
10690.60011  
10874.98646  
10777.24233  
10668.18645  
10555.83227  
10650.88131  
10684.08445  
10599.12062  
10686.20621  
10493.59498  
10544.37332  
10481.34005  
10510.77839  
10518.84462  
10540.91058  
10586.93631  
10633.52419  
10661.66729  
10610.4382  
10607.35031  
10597.84368  
10603.28119  
10646.48587  
10625.97495  
10585.57364  
10707.98141  
10608.48349  
10761.17705  
10692.77055  
