9737.141318  
9696.749126  
9778.650414  
9830.300435  
9888.442162  
9851.847444  
9863.816406  
9830.486982  
9744.689894  
9804.058168  
9758.504662  
9683.66463  
9774.175285  
9887.339411  
9939.494353  
9901.006482  
9864.446533  
9854.940123  
9835.118188  
9735.329716  
9826.526911  
9749.194619  
9752.882049  
9683.089403  
9672.508049  
9706.407998  
9684.680703  
9698.544182  
9746.293378  
9760.039779  
9881.401052  
9879.94358  
9808.953637  
9771.526918  
9769.469041  
9854.645492  
9835.522138  
9897.534652  
9815.733249  
9708.267043  
9748.955346  
9750.939587  
9770.171993  
9839.352728  
9841.501032  
9769.003749  
9709.652769  
9836.173702  
9940.659983  
9880.450172  
9840.950762  
9742.809956  
9708.855193  
9808.740297  
9834.835181  
9801.070706  
9788.971514  
9847.384545  
9882.413495  
9878.158487  
9911.515704  
9853.413149  
9786.976815  
9806.425183  
9721.891161  
9745.958362  
9732.538023  
9701.966757  
9737.08348  
9701.54756  
9723.055782  
9848.589229  
9774.569462  
9800.179648  
9756.970845  
9841.059775  
9806.030077  
9714.638443  
9721.79278  
9740.934271  
9793.053018  
9914.976878  
9857.359367  
9776.864848  
9754.100003  
9700.45207  
9768.315997  
9922.723271  
9897.198045  
9877.523374  
9746.504741  
9747.040015  
9817.909046  
9880.482548  
9858.04352  
9872.888286  
9827.994085  
9873.451684  
9936.483509  
9881.185421  
9827.929806  
9818.631726  
9854.301585  
9797.255639  
9720.630796  
9652.132742  
9675.969482  
9706.971908  
9758.045733  
9811.057286  
9749.903856  
9749.468364  
9758.252835  
9791.736115  
9797.13156  
9839.66967  
9859.038267  
9890.596821  
9864.8254  
9853.386427  
9860.628363  
9784.616699  
9772.315532  
9711.392499  
9747.597467  
9730.815453  
9699.410676  
9756.749764  
9758.123031  
9843.060161  
9846.071439  
9832.53314  
9757.071754  
9923.691225  
9797.675947  
9764.135506  
9838.060634  
9850.634663  
9916.898343  
9793.014507  
9768.035007  
9818.508765  
9741.168874  
9791.639302  
9733.796788  
9734.852846  
9739.604295  
9830.563618  
9835.74555  
9805.358454  
9697.758135  
9706.352602  
9766.021941  
9732.235863  
9860.529565  
9828.743022  
9880.035243  
9874.619991  
9823.252032  
9782.279919  
