11171.3681  
11187.60767  
11170.88558  
11130.89277  
11107.38012  
11111.106  
11090.08818  
11129.11533  
11176.58693  
11161.03492  
11169.15618  
11174.60765  
11107.3617  
11140.09093  
11140.39171  
11125.43911  
11093.54825  
11077.00657  
11098.06763  
11170.54402  
11114.46462  
11195.13705  
11218.06664  
11214.25543  
11201.85882  
11177.4512  
11196.51817  
11206.57102  
11147.0574  
11111.03645  
11143.81529  
11096.31686  
11102.95528  
11073.95988  
11068.18805  
11097.79284  
11125.61109  
11108.03564  
11154.55859  
11220.1443  
11222.24691  
11255.2344  
11117.22529  
11190.72009  
11149.90581  
11144.35316  
11123.37992  
11141.13641  
11154.87823  
11163.45678  
11154.72254  
11161.75801  
11095.77447  
11087.09912  
11117.21351  
11140.15146  
11096.44221  
11142.91671  
11096.77534  
11135.52863  
11106.57646  
11145.51784  
11166.98576  
11132.62298  
11186.38231  
11176.51693  
11164.94834  
11171.70809  
11169.19042  
11185.84486  
11125.63135  
11105.35587  
11192.46029  
11173.4569  
11150.68522  
11123.6502  
11081.8619  
11143.30474  
11168.28885  
11167.72698  
11098.102  
11099.7886  
11165.38435  
11177.99134  
11169.57372  
11167.40467  
11110.18818  
11102.69509  
11148.5854  
11136.58388  
11202.9099  
11179.0459  
11136.20155  
11124.70036  
11169.05476  
11137.8207  
11156.08096  
11127.87334  
11093.93983  
11120.75719  
11110.8072  
11145.64868  
11122.10515  
11135.90838  
11192.58556  
11157.18124  
11181.70251  
11154.62439  
11163.50639  
11117.452  
11158.72334  
11188.11606  
11146.42794  
11103.17455  
11089.04545  
11090.27434  
11117.76488  
11127.45394  
11127.00418  
11155.19097  
11108.61299  
11176.2669  
11142.6928  
11200.1909  
11189.87155  
11138.17674  
11182.48308  
11140.79876  
11094.46781  
11149.97096  
11094.92178  
11110.46936  
11196.9321  
11159.33286  
11168.94645  
11150.85706  
11085.6014  
11165.56924  
11109.67932  
11138.0585  
11208.92271  
11165.0359  
11185.13083  
11173.31069  
11156.11701  
11130.01443  
11136.24486  
11143.13867  
11184.8852  
11186.30294  
11204.96928  
11149.98845  
11089.88021  
11088.27028  
11073.17949  
11118.62368  
11138.71966  
11127.37505  
11145.02613  
11184.23233  
