10259.51237  
10225.06837  
10272.07141  
10312.15517  
10353.23295  
10290.66182  
10332.53054  
10275.28916  
10244.82522  
10291.98223  
10267.13126  
10214.92404  
10280.67473  
10325.67082  
10384.42133  
10342.12164  
10299.74334  
10298.58527  
10272.84741  
10224.22281  
10288.47414  
10238.75944  
10264.54332  
10217.30766  
10187.06615  
10249.29159  
10201.07513  
10205.63258  
10251.56764  
10244.75441  
10290.27212  
10341.45813  
10275.77354  
10241.57595  
10255.42368  
10279.79061  
10281.88195  
10316.12863  
10240.83811  
10239.46612  
10269.73601  
10260.34697  
10262.75048  
10335.41047  
10298.21342  
10282.3353  
10235.5273  
10313.03899  
10386.85387  
10309.08288  
10287.95516  
10252.85605  
10233.63049  
10323.51368  
10309.47314  
10268.13109  
10275.09734  
10301.10477  
10363.94643  
10318.44268  
10369.29819  
10303.832  
10267.03774  
10299.28829  
10228.70436  
10253.5093  
10257.86603  
10208.59868  
10245.6136  
10228.60311  
10218.246  
10328.11594  
10261.88381  
10269.59555  
10264.05149  
10289.26968  
10253.13018  
10221.36655  
10230.00795  
10247.40299  
10276.9416  
10352.2356  
10287.20972  
10250.53032  
10276.44854  
10219.9442  
10257.55612  
10369.01074  
10320.36438  
10325.68896  
10252.45372  
10248.57503  
10336.06813  
10316.81718  
10301.22492  
10336.04827  
10284.89484  
10332.9551  
10353.1267  
10318.40155  
10311.04866  
10275.85007  
10352.98096  
10267.15143  
10251.14848  
10182.74745  
10202.18903  
10233.49538  
10239.86988  
10291.73129  
10242.59519  
10278.53358  
10276.46192  
10258.25427  
10297.21037  
10288.88046  
10287.27474  
10358.69374  
10293.89562  
10288.44197  
10315.06522  
10275.71056  
10269.42356  
10222.95698  
10264.58233  
10239.86974  
10218.24803  
10279.30954  
10239.69757  
10302.89337  
10326.65608  
10279.9774  
10243.09046  
10339.63525  
10243.7468  
10232.26938  
10279.1336  
10293.15713  
10370.40509  
10284.70909  
10283.73511  
10305.36332  
10252.19374  
10307.93013  
10250.64972  
10241.03607  
10272.99831  
10271.17296  
10271.21734  
10324.80374  
10228.15929  
10238.83855  
10251.89382  
10234.48945  
10334.04969  
10278.42489  
10329.60114  
10295.79484  
10264.30632  
10294.07799  
