10468.8629  
10432.86919  
10502.66225  
10575.68414  
10600.33134  
10602.95381  
10621.50842  
10512.45408  
10450.39153  
10514.8368  
10434.85151  
10398.47802  
10504.79546  
10623.68662  
10718.43761  
10690.02669  
10603.37041  
10600.50359  
10541.22443  
10470.98885  
10549.44261  
10443.95582  
10469.32682  
10418.35159  
10383.07449  
10415.6772  
10392.6208  
10394.09193  
10442.96053  
10475.96465  
10594.85699  
10652.55092  
10567.54734  
10533.65086  
10508.65759  
10599.20676  
10608.81945  
10638.08376  
10532.60648  
10422.69154  
10502.60437  
10518.56646  
10517.92236  
10556.79272  
10570.70271  
10467.93979  
10449.13297  
10624.46791  
10712.33001  
10591.95548  
10549.18559  
10390.17009  
10440.55201  
10547.87347  
10559.62292  
10523.92252  
10525.65612  
10606.23741  
10654.41818  
10563.45935  
10651.35037  
10546.66425  
10499.23803  
10546.66451  
10412.49216  
10453.17264  
10451.23943  
10405.96419  
10417.58757  
10444.51368  
10429.39191  
10560.88545  
10469.1021  
10516.76395  
10441.33035  
10561.76185  
10536.19205  
10435.33549  
10426.55827  
10452.96921  
10519.38882  
10667.73532  
10568.84614  
10481.55061  
10458.76665  
10462.6705  
10521.50968  
10687.07826  
10639.64429  
10594.42792  
10456.50387  
10463.74111  
10563.8204  
10606.80732  
10599.08146  
10633.72581  
10550.11942  
10625.64681  
10642.09554  
10658.72012  
10612.95425  
10593.18611  
10653.17239  
10536.88417  
10465.00723  
10372.70406  
10410.01704  
10435.71133  
10485.90768  
10553.87209  
10459.51544  
10499.39518  
10499.99729  
10476.9315  
10529.01439  
10582.99517  
10598.20145  
10641.53326  
10562.21337  
10572.11242  
10585.45337  
10490.56144  
10487.88805  
10401.44594  
10431.74372  
10417.20067  
10425.99133  
10450.90105  
10481.65932  
10586.39774  
10607.85593  
10555.20871  
10489.34683  
10682.26605  
10498.81522  
10466.38678  
10548.15607  
10571.26432  
10666.49123  
10479.59064  
10505.72478  
10535.70113  
10433.83511  
10513.77188  
10481.02552  
10473.2787  
10476.47752  
10531.44536  
10563.70753  
10547.02814  
10420.01167  
10458.55766  
10483.46333  
10467.54039  
10621.14149  
10548.84289  
10643.23573  
10576.64312  
10516.73547  
10552.00772  
