10789.91613  
10753.95142  
10865.43655  
10927.75514  
10876.35466  
10842.92136  
10824.64025  
10843.32247  
10812.39061  
10903.86112  
10864.09403  
10760.43214  
10800.68064  
10922.60678  
10968.2861  
10873.93715  
10776.24578  
10804.95842  
10783.53016  
10851.18435  
10845.0059  
10748.09224  
10797.42255  
10786.72386  
10722.99691  
10750.34079  
10699.59255  
10710.79065  
10762.90846  
10844.78874  
10964.01839  
10899.06632  
10808.78466  
10826.71836  
10860.0216  
10832.39434  
10892.44542  
10828.85465  
10820.8766  
10750.19518  
10828.56983  
10811.34016  
10823.44604  
10913.44753  
10893.83829  
10824.51363  
10806.27101  
10831.70449  
10906.5468  
10895.89079  
10895.99375  
10811.82194  
10835.12322  
10889.64681  
10865.96643  
10850.46914  
10823.2497  
10964.43839  
10874.71493  
10851.71878  
10900.01259  
10847.47669  
10871.03548  
10921.15127  
10824.59748  
10750.16591  
10740.7147  
10661.81639  
10675.68843  
10696.13729  
10752.73449  
10837.4458  
10897.94078  
10916.32483  
10858.13363  
10842.84896  
10818.57141  
10775.58068  
10815.43755  
10744.07998  
10841.36231  
10952.70824  
10867.65779  
10822.43818  
10790.08294  
10723.59777  
10807.9776  
10839.87193  
10856.58929  
10850.03507  
10873.15493  
10774.1435  
10888.88177  
10874.75885  
10847.33216  
10818.27474  
10826.57851  
10914.87708  
10867.29338  
10881.74948  
10842.24522  
10889.26095  
10902.14266  
10903.69089  
10865.80962  
10680.62173  
10736.66303  
10753.25536  
10887.92729  
10888.05543  
10748.03287  
10846.84144  
10796.3965  
10839.25807  
10875.99356  
10825.68017  
10874.44546  
10901.58984  
10825.02895  
10823.17319  
10810.02585  
10834.5602  
10867.91875  
10757.70067  
10740.08246  
10747.59865  
10738.87578  
10751.31553  
10826.77667  
10891.59224  
10832.14619  
10833.81178  
10956.99926  
10923.30625  
10821.26875  
10833.35364  
10794.5212  
10869.32575  
10913.45686  
10867.03553  
10932.71241  
10857.64407  
10738.66618  
10820.24564  
10760.49856  
10818.04642  
10786.49309  
10837.82291  
10920.45973  
10920.29204  
10773.98775  
10818.02934  
10797.04493  
10820.71116  
10767.89275  
10791.99226  
10878.61196  
10835.54808  
10822.55769  
10844.48813  
