11763.21014  
11784.07116  
11876.67779  
11825.1282  
11824.37935  
11763.45827  
11725.93676  
11646.40942  
11545.73935  
11558.67612  
11563.86456  
11555.25121  
11738.62321  
11718.54778  
11797.18142  
11811.62314  
11765.05511  
11810.76307  
11714.28505  
11699.60126  
11681.55604  
11685.10664  
11666.08719  
11770.49961  
11772.52768  
11705.31785  
11641.71724  
11574.88528  
11600.11958  
11754.38491  
11750.1677  
11810.20854  
11817.55985  
11731.9054  
11753.42328  
11737.42217  
11700.32  
11742.89924  
11706.79193  
11682.59214  
11744.44712  
11750.2694  
11760.424  
11724.12629  
11616.49262  
11654.73044  
11817.5464  
11776.61594  
11773.49013  
11705.71195  
11704.11304  
11681.13146  
11794.60291  
11833.46226  
11768.68402  
11820.11652  
11804.24682  
11845.65359  
11782.1772  
11616.00782  
11619.99425  
11653.71926  
11624.32204  
11703.26287  
11683.2639  
11729.58239  
11711.15169  
11700.36434  
11707.52751  
11763.69495  
11714.50005  
11625.66646  
11621.23467  
11710.48485  
11717.61785  
11708.33199  
11724.33484  
11673.24526  
11728.18487  
11732.41055  
11832.18411  
11838.18335  
11753.70209  
11625.70684  
11633.65842  
11773.48248  
11778.71158  
11752.19069  
11719.10643  
11730.96813  
11738.67323  
11793.34709  
11855.96261  
11718.45023  
11696.60804  
11766.81582  
11692.3283  
11769.59656  
11766.73154  
11717.06935  
11792.7239  
11828.61556  
11787.23759  
11703.1239  
11653.57519  
11632.3025  
11667.37348  
11651.14832  
11679.56784  
11716.01081  
11706.43847  
11754.64107  
11816.53647  
11819.31057  
11851.42705  
11852.52376  
11744.10508  
11707.6448  
11609.86512  
11639.56897  
11666.68032  
11589.99098  
11620.0792  
11620.18856  
11606.70534  
11643.17167  
11674.04653  
11685.13053  
11785.26717  
11754.40976  
11833.44662  
11784.75204  
11740.94969  
11739.74783  
11633.86761  
11638.5967  
11689.34345  
11636.38579  
11653.71108  
11600.85562  
11654.34056  
11713.65333  
11747.60343  
11746.8439  
11828.23533  
11823.2004  
11798.63316  
11791.34465  
11732.20985  
11744.83105  
11800.83713  
11766.45066  
11737.20801  
11739.46268  
11746.90955  
11699.25548  
11730.92422  
11683.32204  
11589.23936  
11695.41514  
