10257.92504  
10253.82191  
10517.7687  
10412.37366  
10424.0167  
10314.26575  
10301.40707  
10199.66782  
10207.79225  
10244.39757  
10254.95239  
10238.75345  
10386.8825  
10326.47134  
10362.5856  
10359.27243  
10267.23013  
10282.35204  
10155.70881  
10188.58019  
10197.18384  
10281.30229  
10373.2216  
10262.25672  
10235.18848  
10237.92973  
10241.4192  
10271.11547  
10288.38052  
10435.49229  
10263.95827  
10383.9529  
10373.51643  
10330.37207  
10346.48999  
10309.55689  
10279.02501  
10282.2058  
10193.58628  
10329.4828  
10317.11344  
10296.32099  
10324.93446  
10305.42126  
10199.70858  
10260.47947  
10359.17794  
10402.58338  
10317.03449  
10225.90658  
10227.70041  
10293.49599  
10368.88898  
10427.26489  
10453.38416  
10376.00825  
10399.02004  
10309.00143  
10394.40259  
10246.79366  
10332.94287  
10261.57343  
10235.71441  
10266.31594  
10289.2185  
10289.19684  
10290.61008  
10251.06186  
10265.84246  
10257.25279  
10366.7333  
10403.90474  
10275.03488  
10233.13498  
10268.22354  
10160.95468  
10172.88586  
10200.98443  
10339.42431  
10294.96534  
10449.77661  
10292.32383  
10239.15635  
10193.3436  
10271.31471  
10232.92229  
10387.68268  
10317.80846  
10247.02122  
10242.93133  
10293.61652  
10300.49166  
10443.32698  
10323.65634  
10271.04277  
10336.17129  
10205.15604  
10225.21153  
10323.74786  
10263.63312  
10453.69507  
10357.93101  
10492.12059  
10466.62614  
10272.12907  
10217.37053  
10281.53191  
10308.59015  
10282.98813  
10293.24339  
10304.79906  
10317.16356  
10280.56947  
10399.61683  
10423.82865  
10376.80549  
10288.89756  
10283.02574  
10230.95792  
10234.84528  
10262.64155  
10217.43176  
10266.42436  
10290.3334  
10314.10079  
10281.71973  
10285.44588  
10316.43099  
10466.55351  
10374.34783  
10462.45751  
10356.52564  
10313.56184  
10314.67821  
10189.26876  
10151.4154  
10184.41079  
10168.5334  
10247.07399  
10188.9567  
10259.32181  
10260.87444  
10254.25344  
10309.07288  
10284.23508  
10395.34187  
10266.5161  
10313.39869  
10264.27856  
10309.75815  
10325.73724  
10278.20522  
10384.87205  
10398.91807  
10456.18854  
10298.54414  
10311.11065  
10251.47792  
10209.84346  
10344.21207  
