10616.67252  
10615.59987  
10677.94922  
10711.64523  
10765.79912  
10674.38314  
10725.54312  
10575.9453  
10551.75777  
10604.63906  
10566.37571  
10570.52907  
10699.08945  
10687.74264  
10768.85761  
10721.45006  
10672.83425  
10688.61571  
10551.38052  
10553.19744  
10585.7077  
10567.83246  
10609.5988  
10623.58321  
10561.90577  
10627.65779  
10565.44686  
10574.67301  
10585.64451  
10641.28115  
10650.77138  
10768.0176  
10671.62117  
10633.46142  
10674.36274  
10663.44375  
10681.80597  
10688.14516  
10543.75561  
10593.28589  
10678.52684  
10669.23365  
10646.22279  
10626.54612  
10614.36353  
10604.24038  
10627.07161  
10710.8689  
10751.73288  
10603.37286  
10599.99051  
10571.29485  
10627.87505  
10751.23171  
10725.47676  
10661.22196  
10678.8713  
10672.81626  
10790.96044  
10643.19765  
10763.04153  
10584.52992  
10571.0926  
10598.29986  
10567.41052  
10611.51292  
10628.01763  
10573.57962  
10594.16125  
10648.47409  
10624.30584  
10747.73287  
10556.41678  
10584.57438  
10580.28396  
10589.70192  
10542.98492  
10538.90279  
10573.87194  
10607.42929  
10697.117  
10755.22528  
10600.74908  
10560.46252  
10617.31604  
10622.3768  
10675.9966  
10786.27323  
10688.14055  
10692.15313  
10565.58119  
10637.37914  
10773.09935  
10698.10315  
10662.8371  
10717.73411  
10574.89519  
10683.91402  
10688.81103  
10694.60815  
10731.26586  
10668.73866  
10798.30862  
10677.51829  
10657.28643  
10575.30847  
10568.99024  
10581.15081  
10571.85892  
10587.1635  
10570.01945  
10666.6121  
10693.97248  
10653.41501  
10719.43332  
10688.53337  
10648.97135  
10767.91515  
10650.48721  
10654.94576  
10675.34139  
10562.134  
10591.35767  
10567.27166  
10591.5159  
10593.33425  
10596.14448  
10636.2657  
10653.54773  
10703.23626  
10769.0208  
10677.24356  
10569.69499  
10682.83384  
10548.88105  
10556.05603  
10571.9593  
10614.65958  
10732.65475  
10585.03833  
10626.93071  
10601.17433  
10609.8853  
10669.5615  
10689.85248  
10661.62684  
10691.96013  
10601.2514  
10594.75827  
10658.28799  
10612.27578  
10657.43968  
10667.31377  
10639.56529  
10773.85317  
10658.51893  
10721.24209  
10606.66314  
10567.05207  
10625.80217  
