10195.70614  
10305.63501  
10260.67704  
10323.52179  
10180.46155  
10273.65414  
10290.38342  
10289.99155  
10271.61045  
10236.28825  
10312.80306  
10306.79285  
10248.73248  
10398.6893  
10413.07202  
10317.2066  
10414.44101  
10511.32614  
10445.53858  
10391.47669  
10271.78427  
10385.0651  
10316.98817  
10399.22337  
10345.06247  
10395.04508  
10320.85166  
10348.41108  
10363.32015  
10390.86466  
10415.91744  
10303.01263  
10274.6158  
10245.22053  
10190.70674  
10358.90721  
10300.83718  
10200.39907  
10215.42609  
10329.2019  
10226.52724  
10276.13707  
10192.35091  
10299.64414  
10273.12727  
10269.9101  
10300.97923  
10353.43417  
10248.90981  
10320.99942  
10353.37212  
10313.10826  
10323.52413  
10356.67203  
10288.08013  
10365.98283  
10249.12304  
10305.18339  
10249.03448  
10397.7005  
10234.33973  
10300.29435  
10354.64799  
10369.34603  
10201.5607  
10285.78098  
10320.02328  
10429.88164  
10305.25995  
10402.52029  
10280.2883  
10288.25571  
10315.76173  
10267.15319  
10238.0401  
10294.25093  
10282.46965  
10379.73231  
10275.92645  
10367.57173  
10323.30979  
10293.98339  
10292.62025  
10311.45288  
10345.09659  
10361.82846  
10338.88652  
10370.20365  
10356.35724  
10381.72913  
10344.17449  
10357.89852  
10327.47201  
10215.69053  
10254.4762  
10314.6814  
10262.04043  
10287.5659  
10188.97512  
10242.21246  
10242.27145  
10322.28148  
10273.25177  
10322.05848  
10292.54229  
10346.89873  
10291.04139  
10362.53446  
10313.63356  
10345.63324  
10281.16269  
10344.93111  
10289.53871  
10385.56317  
10274.08475  
10311.41495  
10268.28924  
10302.85862  
10365.76346  
10376.66559  
10409.95764  
10344.44792  
10314.55686  
10263.75317  
10395.36019  
10256.12174  
10357.57695  
10386.50525  
10314.62507  
10313.39187  
10337.05336  
10297.16707  
10288.46934  
10232.51507  
10258.47984  
10246.98406  
10331.4487  
10277.16601  
10363.13774  
10265.43736  
10284.28936  
10289.62348  
10306.9872  
10392.64237  
10272.98365  
10255.965  
10328.98105  
10224.06891  
10331.75442  
10290.28893  
10341.20253  
10253.58493  
10352.18188  
10334.31562  
10307.80021  
10358.69592  
10271.86483  
10349.9188  
10369.23603  
10341.44843  
