10619.25647  
10761.7207  
10683.97128  
10762.50795  
10616.70894  
10712.62109  
10718.42541  
10734.07116  
10668.00967  
10667.99187  
10757.3211  
10736.19674  
10680.00961  
10828.9907  
10841.67282  
10740.52683  
10830.25816  
10951.56954  
10843.18577  
10803.51941  
10652.2578  
10816.11352  
10732.99191  
10829.81464  
10759.48139  
10859.20198  
10734.73259  
10738.67388  
10720.47781  
10806.98045  
10845.88681  
10777.8256  
10723.0446  
10689.13424  
10654.18649  
10783.12353  
10708.60118  
10619.29158  
10677.14531  
10752.89268  
10660.05528  
10707.26054  
10623.30609  
10756.42482  
10648.30163  
10713.04921  
10733.6512  
10802.0369  
10672.64271  
10771.85478  
10761.22047  
10772.185  
10744.51798  
10799.9433  
10704.89261  
10804.6887  
10698.83501  
10708.86437  
10656.17512  
10817.22316  
10647.99458  
10710.67734  
10767.1121  
10822.74539  
10596.62052  
10737.26363  
10700.21015  
10885.63419  
10720.97356  
10853.79758  
10684.35537  
10748.26688  
10747.238  
10687.04591  
10628.00603  
10761.46584  
10701.10667  
10805.6658  
10693.0695  
10785.5164  
10723.72239  
10684.01087  
10667.98715  
10681.89022  
10723.70824  
10757.888  
10759.43367  
10764.78167  
10761.72041  
10837.19935  
10842.36363  
10847.37135  
10807.24495  
10685.71809  
10742.52657  
10783.04587  
10719.8197  
10745.85092  
10625.86963  
10676.89471  
10668.57854  
10763.03661  
10698.17992  
10762.78631  
10698.961  
10804.00638  
10734.36904  
10831.81679  
10738.81635  
10782.48638  
10712.6699  
10734.6481  
10678.08981  
10828.80186  
10677.525  
10748.77465  
10688.02281  
10766.90733  
10820.10561  
10805.8778  
10861.89715  
10776.55326  
10767.03004  
10718.9142  
10823.19454  
10647.82072  
10753.39067  
10785.93951  
10684.42571  
10750.83352  
10786.91673  
10742.67152  
10728.21598  
10647.86275  
10684.28622  
10630.07697  
10751.40703  
10674.31601  
10818.42956  
10682.06899  
10719.0522  
10687.69231  
10782.64739  
10791.81063  
10724.10585  
10621.3598  
10742.46708  
10639.18216  
10745.83111  
10673.4713  
10748.88985  
10654.05511  
10774.52588  
10772.42123  
10749.56576  
10784.84691  
10736.74557  
10799.1598  
10845.42901  
10817.05337  
