10233.37199  
10418.93952  
10290.4822  
10437.91019  
10239.34096  
10375.50729  
10350.29991  
10379.02078  
10337.95677  
10319.41146  
10438.45216  
10405.31834  
10326.75593  
10424.91422  
10444.32395  
10446.31155  
10549.91023  
10641.07985  
10544.77005  
10490.55144  
10296.30408  
10527.79733  
10361.21177  
10518.24174  
10357.03164  
10514.09563  
10398.29054  
10421.03183  
10371.07635  
10453.62144  
10549.53406  
10424.96248  
10379.58455  
10325.97808  
10277.74056  
10454.72594  
10308.79635  
10249.96443  
10336.28806  
10438.16537  
10325.62875  
10397.46939  
10260.15839  
10434.77773  
10321.72497  
10361.21158  
10368.10223  
10491.68937  
10298.74669  
10466.7529  
10402.61798  
10440.58802  
10370.89717  
10479.86509  
10336.64332  
10493.76018  
10323.77706  
10379.22736  
10285.17771  
10505.20374  
10288.20497  
10342.5673  
10444.73928  
10491.34048  
10232.45807  
10372.90429  
10318.19724  
10542.18949  
10331.41695  
10503.13161  
10322.39936  
10372.36641  
10429.43355  
10347.09742  
10281.39351  
10420.45377  
10330.46934  
10491.31885  
10344.556  
10491.26667  
10366.8214  
10355.20209  
10318.46531  
10354.66734  
10374.78932  
10432.34851  
10397.78581  
10430.89139  
10372.87605  
10515.33318  
10458.35654  
10489.95094  
10480.46763  
10319.39348  
10451.8495  
10445.25218  
10392.17176  
10398.46098  
10255.13054  
10353.18853  
10302.18134  
10399.40704  
10341.88752  
10443.09512  
10326.41337  
10467.70326  
10353.02442  
10512.45857  
10365.73794  
10463.64074  
10310.65926  
10394.30045  
10304.97961  
10501.99533  
10299.88686  
10399.60311  
10334.14067  
10412.7741  
10463.06656  
10445.80579  
10545.78571  
10423.46556  
10442.64168  
10352.27491  
10486.27242  
10265.468  
10410.79251  
10449.91552  
10346.47663  
10413.04661  
10469.14481  
10376.25789  
10407.37864  
10281.00573  
10363.1149  
10276.47666  
10432.64941  
10281.36956  
10494.30715  
10315.22661  
10382.80928  
10305.29455  
10432.55116  
10427.61219  
10378.00119  
10261.75973  
10406.44852  
10267.6537  
10433.10312  
10321.28993  
10432.80416  
10290.35068  
10471.48089  
10413.44417  
10422.27858  
10427.06872  
10393.8685  
10477.30867  
10456.81015  
10481.27559  
