10980.16341  
10993.41095  
10956.39036  
10981.07268  
10911.94841  
10987.74671  
10971.59995  
11001.46314  
10959.87748  
10994.57829  
10961.35197  
11020.64405  
10995.11967  
11061.83257  
10985.90563  
11015.5543  
11057.21544  
11065.78365  
11037.12668  
11002.31959  
11009.4837  
11009.77375  
11021.6414  
11003.60745  
11025.13303  
11010.00009  
11017.80668  
10989.50327  
10993.16594  
11027.45642  
11020.58673  
10957.85282  
11042.74696  
11023.54628  
11000.82991  
11000.92325  
11016.21878  
10970.5314  
10969.85375  
10977.21522  
10971.80017  
10968.84746  
10959.25321  
10970.5321  
10951.59533  
11025.58085  
10937.56215  
11001.16815  
10968.13083  
11055.16344  
10986.59312  
11049.6602  
10988.91495  
10990.84873  
10958.2048  
10997.96825  
10958.94947  
10965.0945  
10967.06719  
10977.55918  
11027.56443  
11061.17736  
10999.98566  
11032.86182  
10990.72149  
10980.4381  
10993.45356  
10998.99825  
10993.74795  
11062.46292  
10987.14159  
11008.2536  
10959.41875  
10985.90117  
10928.17658  
11037.10074  
11009.18384  
10999.92287  
11010.49868  
10976.94334  
11017.24251  
10974.37485  
10984.81357  
10970.10966  
11027.13629  
10972.09704  
10973.70014  
10966.54435  
10963.0393  
11036.32278  
11098.16193  
11006.7351  
10974.04318  
10983.63084  
10994.02079  
11067.14779  
11012.08804  
10992.19254  
10979.09656  
10976.72617  
10996.49904  
10980.68667  
11009.9983  
10993.55709  
11025.71709  
10993.98723  
11048.61715  
10973.70708  
11007.34187  
10980.81776  
10983.24577  
11002.74434  
10983.21602  
11006.14929  
10964.83437  
10972.05772  
10944.87326  
10997.91178  
10970.67453  
11042.34864  
11004.89447  
11016.43029  
10992.90099  
10972.83715  
11016.787  
10951.70742  
11008.02397  
11030.06194  
11030.87253  
11043.22473  
10979.39015  
10982.41893  
10985.93655  
10998.29298  
11006.73235  
11014.41805  
11009.016  
10997.78093  
11019.08484  
10982.76114  
10995.78053  
10973.64398  
11057.76068  
11011.11064  
11044.64752  
10976.22693  
11011.26466  
10959.7278  
10986.48299  
10950.09773  
10985.11366  
10981.55419  
11035.62167  
10978.31612  
10991.10157  
10950.27521  
11016.50306  
10971.14513  
11041.64373  
10980.35341  
