10997.47568  
10967.16707  
10902.2391  
10885.67213  
10907.52544  
10861.585  
10943.83224  
10834.58777  
10880.78007  
10820.95199  
11035.52794  
10887.05358  
11055.50587  
10970.2564  
11036.77592  
10826.96142  
11075.05174  
10979.88499  
10883.21543  
10931.73798  
10840.75538  
10927.03584  
10825.16935  
11003.32868  
11023.56583  
11010.3758  
10886.13018  
10859.56354  
10971.92277  
10862.55905  
10969.90518  
11048.66575  
11006.30934  
10895.7827  
10866.91907  
10897.40706  
10999.92899  
10972.62038  
10888.68406  
10926.12889  
10914.5275  
10864.98227  
10885.48983  
10820.42351  
10961.13325  
10930.9243  
10942.43199  
10917.67861  
10877.57454  
10948.20357  
11025.32347  
11018.78234  
11039.96107  
10983.33194  
10859.4082  
10928.65369  
10945.19406  
10909.97505  
10857.9846  
10909.47565  
10987.03248  
10936.95233  
11052.70806  
10949.77037  
10906.80732  
10811.10214  
10900.18101  
10850.13281  
10859.84281  
10918.45128  
10988.20043  
10976.44829  
10985.99763  
10822.33296  
10859.79989  
10917.36801  
11007.35691  
10988.89746  
10860.10266  
10952.61158  
10840.82571  
10956.49038  
10836.65783  
10960.56515  
10848.11876  
10932.66473  
10826.77074  
10989.74717  
10870.18009  
11065.95261  
11195.11921  
11046.37152  
11025.42917  
10916.46884  
11014.00536  
11209.16474  
10992.98466  
11040.75422  
10927.13517  
10912.96428  
10831.38064  
10920.04685  
10857.03531  
10937.23055  
10829.76768  
10888.85577  
10875.61862  
10897.38172  
10793.26751  
10859.04369  
10871.73926  
10957.47361  
10984.10519  
10960.73121  
10960.12638  
10855.95046  
10900.6819  
10939.38554  
10952.08516  
10852.62115  
10889.92959  
10940.23452  
10913.38767  
10910.10716  
10864.96919  
10979.05029  
10925.48539  
10987.33717  
10922.0624  
10877.50275  
10950.38983  
10916.36778  
10916.61147  
10870.01217  
10925.27693  
10891.56671  
10904.03472  
10935.23157  
10900.93461  
10906.81713  
10912.67387  
10972.3165  
10977.38886  
10968.69987  
10913.91811  
10932.30186  
10949.19798  
10891.4283  
10882.5685  
10874.21202  
10918.92662  
10952.67697  
10930.75668  
10965.00358  
10896.62799  
11006.64145  
10909.2515  
10917.59428  
11015.35231  
10932.8572  
