11919.66818  
11931.58382  
12034.67397  
11959.49146  
11976.92188  
11945.89707  
12051.5655  
11934.50779  
11980.03284  
11927.35841  
12021.29912  
11961.45598  
12011.57832  
12018.96468  
12032.71401  
11849.40815  
12206.24789  
12066.74484  
11998.81276  
11971.84052  
11920.39518  
12034.38757  
11875.61518  
11998.85368  
12047.37904  
12062.84349  
11975.42276  
11981.79401  
12036.56373  
12027.52945  
12185.872  
12066.99287  
12106.88261  
11884.26197  
11949.29644  
11927.80849  
12118.87231  
11978.67911  
11883.77334  
11908.68018  
11893.10616  
11851.85486  
11892.01394  
11917.01551  
11980.82203  
11930.80717  
11983.3184  
11924.16588  
12050.64006  
12011.1118  
12016.36635  
11907.94793  
11990.76128  
11994.07234  
12040.83237  
11971.86973  
11969.49324  
11893.04746  
11926.41945  
11988.19743  
12039.77957  
12079.07632  
12091.85969  
11996.61961  
11887.22206  
12011.90526  
11998.41283  
12051.25684  
12166.82475  
12115.72717  
11973.01668  
11902.20438  
11956.76914  
11890.17167  
11954.56516  
11938.68004  
11958.26014  
12006.50288  
11942.6953  
11958.66054  
11872.0962  
11906.91722  
11882.8  
11957.57938  
11889.17845  
11918.28474  
11880.95364  
11931.70195  
11949.86815  
12169.97767  
12188.05396  
12083.18999  
12151.9022  
11924.9213  
12016.97041  
12110.99601  
11962.10884  
11921.79382  
11836.97508  
11927.43266  
11911.56733  
11962.2677  
11963.98122  
12054.65877  
11992.98579  
12090.7361  
12025.31714  
12116.00493  
12072.93644  
12094.44072  
12068.03503  
11944.5239  
11923.64707  
11965.68466  
11978.85503  
11924.36274  
12014.54106  
12001.92341  
12105.64938  
12033.85768  
12083.08367  
11994.50547  
12046.60906  
11992.22822  
12022.15262  
12018.47062  
11977.29106  
11990.32029  
12035.42778  
11957.7806  
12039.15378  
11910.57793  
11913.54213  
11884.92712  
11893.18623  
11874.22409  
11952.70729  
11943.82285  
11968.32661  
12060.35906  
12020.56881  
12067.24882  
12017.05345  
12082.20433  
11942.52871  
11909.23067  
11886.37455  
11931.47734  
11872.03525  
11907.94278  
11873.42603  
11897.96203  
11910.57809  
11969.69674  
11909.05716  
12077.72258  
12027.7949  
12113.66064  
12286.0651  
12097.54689  
