11226.9516  
11097.82625  
10991.85997  
11043.85043  
11032.90731  
11072.05579  
11062.68107  
11079.43758  
11211.0911  
11005.95943  
11063.00132  
11247.08058  
11179.06282  
11171.67825  
11206.24405  
11265.50814  
11208.79283  
11061.25572  
11062.26632  
11155.6843  
11215.64094  
11118.0137  
11185.57836  
11073.36004  
10966.10901  
11051.94358  
11121.53609  
11229.66299  
11185.7319  
11134.53528  
10975.11894  
11003.00654  
11185.5557  
11200.40617  
11155.68066  
11045.29434  
10967.72428  
11068.25115  
11122.5118  
11047.48431  
11053.59707  
11201.36872  
11132.75639  
11139.52254  
11136.96442  
11109.36585  
11027.78207  
11036.50474  
11189.25903  
11187.22214  
10973.18424  
11075.41488  
11185.60685  
11282.07954  
11232.70785  
11159.92813  
11131.74576  
10919.10898  
11052.98913  
11141.42395  
11217.09402  
11239.80338  
11157.57211  
10992.51499  
11150.6545  
11022.65611  
11145.13577  
11187.06672  
11195.75567  
11059.29702  
11047.86459  
11044.41493  
10982.34551  
10960.15784  
11192.51403  
11196.81853  
11099.30681  
11044.98639  
11102.74756  
10957.53136  
10920.35051  
11041.03119  
11222.40345  
11018.26211  
11059.5249  
11009.49384  
11043.82548  
11027.48009  
11165.09616  
11277.5763  
11126.695  
11187.60956  
11229.36668  
11198.84762  
11183.74392  
11153.69651  
11071.52106  
11015.21603  
11033.31157  
11281.64951  
11222.07937  
11076.20344  
11104.5597  
11282.96409  
11245.77386  
11162.29667  
11152.70273  
11137.83129  
11243.48505  
11214.0792  
11183.93726  
11122.63357  
11503.21648  
11198.25668  
10972.99442  
11040.6236  
11078.5478  
10917.55626  
11039.8057  
11088.39823  
11098.29435  
10903.34418  
11110.02385  
11172.46355  
11083.05718  
10925.69476  
10979.47009  
11153.8603  
11207.95283  
11051.267  
10957.57414  
11028.21532  
11182.94333  
11004.38051  
11069.74189  
10991.7647  
11059.10778  
11054.98759  
11115.64771  
11227.16931  
11149.6033  
11090.33789  
11058.50816  
10979.04009  
11025.43405  
10999.41124  
11144.95898  
11211.25765  
11146.01093  
11212.55585  
11148.90449  
11107.96533  
11182.95895  
11178.87566  
11109.92725  
11181.80297  
11123.86816  
11120.92455  
11192.75529  
11108.35224  
