10946.68026  
10862.28121  
10755.30808  
10774.42335  
10724.67518  
10767.38112  
10769.89811  
10811.34333  
10864.33826  
10718.54152  
10770.04624  
10823.51885  
10818.46649  
10837.12021  
10827.71249  
10871.10955  
10853.18123  
10809.84633  
10818.85932  
10867.45778  
10861.86917  
10806.89638  
10849.32848  
10753.6245  
10739.64982  
10807.74681  
10835.9058  
10876.53941  
10840.18189  
10811.35965  
10746.1857  
10764.96229  
10869.23756  
10897.76747  
10850.10732  
10735.96777  
10717.60789  
10763.81647  
10836.49025  
10765.07554  
10764.04587  
10957.09587  
10892.75543  
10838.31461  
10792.63883  
10777.03833  
10771.25894  
10754.0275  
10811.11721  
10836.09103  
10765.27069  
10817.67594  
10880.66665  
10955.6596  
10857.34957  
10807.58655  
10754.68967  
10687.70214  
10742.91594  
10803.07427  
10858.6996  
10892.22016  
10781.27862  
10718.69949  
10846.83109  
10777.44413  
10816.85932  
10855.98581  
10875.57609  
10786.9564  
10752.94774  
10823.44569  
10733.90577  
10757.33397  
10857.72921  
10853.37635  
10779.09742  
10730.84976  
10800.57397  
10703.0139  
10729.78939  
10801.45215  
10879.00778  
10719.62476  
10755.67485  
10691.59379  
10779.5139  
10797.21215  
10808.81714  
10934.86977  
10806.13458  
10916.9861  
10895.90921  
10834.15221  
10840.31074  
10838.21241  
10762.34621  
10788.49379  
10803.63057  
10911.55838  
10902.01751  
10803.74273  
10828.90842  
10921.33778  
10913.77674  
10830.44083  
10817.87792  
10855.86207  
10911.36718  
10854.34764  
10821.84087  
10845.00308  
11080.86282  
10925.28244  
10737.89454  
10679.4316  
10729.73087  
10704.77237  
10770.64109  
10758.34938  
10776.19537  
10634.16997  
10689.0395  
10835.88505  
10752.06067  
10667.96502  
10697.18076  
10798.50824  
10890.02607  
10731.52142  
10721.64256  
10767.32676  
10842.78799  
10746.31932  
10778.321  
10728.4329  
10813.77028  
10793.75769  
10860.41136  
10873.76871  
10827.95095  
10801.30413  
10735.38178  
10744.3904  
10777.9956  
10734.87695  
10888.94348  
10822.84962  
10829.91216  
10895.55215  
10833.42421  
10815.63871  
10852.69103  
10823.17247  
10779.31768  
10850.16  
10849.49253  
10822.06707  
10883.06009  
10790.93592  
