11038.46546  
10983.60841  
10902.6514  
10919.28017  
10871.11009  
10971.24649  
10879.99175  
10990.76555  
10901.12601  
10880.95206  
10953.6613  
10954.85758  
11001.39648  
10934.43071  
10903.89747  
10886.54413  
10873.77789  
11083.65932  
11069.16797  
11096.18395  
10997.19009  
10966.9065  
10982.7476  
10923.45405  
11013.52047  
11029.83472  
11035.94965  
10951.26596  
10909.26629  
10910.2561  
10895.87581  
11037.22472  
11030.314  
10998.81601  
10926.92651  
10837.45658  
10922.57703  
10877.70098  
10856.52684  
10923.27607  
10923.37634  
11024.77746  
11030.82845  
10917.73004  
11001.28268  
10875.84295  
10867.48078  
11082.62779  
10853.87339  
10947.66441  
10982.5312  
10992.55373  
10954.84225  
11108.0594  
10933.72135  
10900.43629  
10833.75091  
10832.71725  
10982.33171  
10957.19798  
10890.6927  
10922.03382  
10857.01235  
10856.01579  
10883.37314  
11056.08771  
10903.17077  
10959.86079  
10913.05439  
10888.86105  
10956.80848  
11079.86405  
11015.67816  
10994.72761  
10948.014  
10944.40281  
10879.80774  
10837.74094  
10913.00703  
10888.24063  
10958.01362  
11095.73976  
10955.44877  
10933.79293  
11007.00772  
10895.55728  
11031.07846  
11124.48001  
10970.59019  
10980.99176  
11016.00475  
11091.03526  
10960.76494  
11009.25163  
10873.93918  
10866.10326  
10894.26559  
10962.07153  
11057.97936  
11043.50665  
10962.04745  
10939.03517  
11073.30784  
11002.1682  
10967.35879  
10901.33721  
10913.65903  
10982.2757  
10945.54711  
10917.87743  
10907.57661  
11023.9294  
11255.46278  
11142.25189  
10880.40805  
10772.68682  
10812.74519  
10829.63362  
10909.29147  
10937.70887  
10747.28943  
10740.74682  
10888.52131  
10925.73394  
10863.60358  
10782.19532  
10903.02979  
10867.92644  
10953.52168  
10925.28852  
10884.12672  
11047.54717  
10995.21174  
10968.60834  
10958.62722  
10858.67849  
11013.03274  
10964.37377  
11081.55607  
11020.31514  
10985.39257  
10990.46921  
10918.65352  
10862.19749  
10818.81777  
10972.33369  
11126.22002  
10987.85969  
10976.19722  
10918.19929  
10909.09797  
10996.0789  
10953.74303  
10968.47871  
10970.68326  
11054.86475  
10965.91497  
10908.07783  
10917.62651  
10907.31795  
