11001.76658  
10925.53483  
10877.12195  
10891.79541  
10847.90759  
10873.97195  
10914.49602  
10888.55863  
10918.59263  
10848.48227  
10894.25212  
10932.06395  
10912.62755  
10893.79468  
10912.79074  
10974.84317  
10996.76888  
10904.7461  
10879.20962  
10925.98222  
10935.40411  
10896.40554  
10942.85284  
10922.7206  
10825.86426  
10874.0859  
10907.37636  
10927.68132  
10911.14727  
10941.30888  
10865.2807  
10852.75444  
10931.24852  
10964.25488  
10964.77701  
10882.97695  
10814.14445  
10878.28554  
10929.60525  
10875.48487  
10876.54268  
11043.67589  
10977.15445  
10915.16311  
10867.64353  
10880.20041  
10930.67829  
10856.38225  
10891.77852  
10957.72091  
10865.57688  
10891.50444  
10934.89045  
10999.82174  
10963.43017  
10896.00907  
10880.49648  
10790.70186  
10864.51853  
10869.99323  
10927.89749  
10947.23664  
10858.41662  
10884.35674  
10979.88586  
10863.98305  
10895.49351  
10912.21366  
11014.38668  
10905.37847  
10864.45637  
10895.56181  
10833.73991  
10874.12034  
10943.35517  
10911.38647  
10852.47348  
10834.18434  
10982.73638  
10814.99218  
10828.42011  
10920.73531  
10958.20487  
10843.1979  
10873.78409  
10822.73352  
10880.13118  
10841.81277  
10876.56962  
11023.45693  
10890.36784  
10954.43612  
10939.26634  
10873.47331  
10921.6532  
10961.2238  
10903.61389  
10887.28034  
10906.76577  
10974.71695  
11015.5789  
10893.78367  
10900.28273  
10974.02344  
11013.42748  
10969.08064  
10894.57485  
10922.46891  
10951.94988  
10930.47141  
10970.12011  
10943.00146  
11153.96538  
10985.47847  
10856.24973  
10804.4277  
10829.1326  
10823.44164  
10943.10303  
10860.05991  
10926.86541  
10816.56875  
10834.07973  
10973.56141  
10915.85221  
10814.90345  
10797.42838  
10877.1964  
11026.26134  
10869.38275  
10850.25276  
10936.73138  
10894.80524  
10860.07508  
10868.30031  
10832.85642  
10913.72436  
10865.55777  
10942.87453  
10934.96229  
10906.44457  
10943.76265  
10822.24732  
10826.40301  
10849.53948  
10851.93726  
10926.42799  
10899.33128  
10915.55282  
11003.87434  
10954.0658  
10953.53888  
10910.34105  
10899.64828  
10873.4003  
10928.36138  
10937.39581  
10924.43391  
10992.67304  
10894.08908  
