10777.29269  
10656.84614  
10574.56285  
10641.13832  
10664.85347  
10723.93659  
10716.52746  
10645.40784  
10698.35159  
10612.91235  
10649.92236  
10667.4538  
10678.36564  
10675.71138  
10704.5332  
10786.76405  
10832.28501  
10680.11327  
10687.19207  
10692.05394  
10679.02821  
10750.02666  
10731.47611  
10713.82921  
10642.34768  
10659.93722  
10641.41726  
10679.75248  
10714.44282  
10717.43533  
10641.16476  
10682.33271  
10675.47644  
10714.02665  
10778.88986  
10692.33837  
10583.64324  
10649.11771  
10720.26223  
10651.87561  
10681.57565  
10800.80193  
10704.44436  
10814.43086  
10723.95164  
10629.09175  
10684.40312  
10622.00838  
10609.55956  
10703.25473  
10628.37499  
10642.71708  
10693.35258  
10771.11167  
10707.73331  
10700.35008  
10693.42128  
10572.96363  
10671.79362  
10665.85466  
10648.58492  
10723.87477  
10702.76408  
10652.17175  
10709.54646  
10612.02678  
10694.4007  
10720.63294  
10782.20961  
10677.50429  
10612.68797  
10687.26196  
10631.27563  
10665.93102  
10684.86443  
10667.59146  
10615.2549  
10641.05983  
10730.82269  
10562.26531  
10618.30176  
10676.63485  
10735.48605  
10593.87407  
10659.54271  
10609.96845  
10671.75517  
10617.02818  
10583.68252  
10815.9226  
10710.02942  
10760.86931  
10730.94455  
10678.38368  
10712.23098  
10766.97707  
10698.524  
10662.80939  
10660.90622  
10758.95321  
10810.46875  
10691.59621  
10662.43378  
10730.58039  
10757.17146  
10702.94368  
10661.33386  
10703.04331  
10699.33414  
10660.50142  
10737.75804  
10700.60378  
10973.65445  
10777.70797  
10642.64545  
10624.58062  
10556.49067  
10521.25129  
10671.78146  
10610.90942  
10656.16185  
10576.30189  
10662.88387  
10768.46985  
10682.90294  
10586.19204  
10574.18621  
10628.69329  
10819.82282  
10720.46203  
10652.60298  
10664.85967  
10689.03603  
10683.10775  
10692.46609  
10630.2031  
10717.31846  
10674.03855  
10728.4344  
10713.94121  
10691.1282  
10711.51812  
10653.21472  
10581.9745  
10629.95352  
10655.29879  
10640.90989  
10676.49582  
10692.23466  
10767.08864  
10747.32934  
10724.39745  
10700.01561  
10696.92865  
10611.08727  
10748.22849  
10683.73532  
10676.74379  
10760.44527  
10659.1908  
