12041.15338  
12107.38584  
11971.77702  
11927.03535  
11870.02925  
11875.28244  
11918.6271  
11901.45525  
11884.52661  
11907.46654  
11952.69046  
11946.37588  
11953.80268  
11911.71973  
11880.11167  
11926.16036  
11943.70611  
12000.09722  
12059.27892  
12113.52252  
12030.61639  
11945.48378  
11924.88502  
11913.93684  
11942.49173  
11988.17982  
12017.10196  
11973.4652  
11989.35112  
12026.62106  
11960.35455  
11916.9261  
11957.3636  
12020.10941  
11977.05061  
11882.36484  
11946.11877  
11911.01222  
11903.26219  
12041.22834  
11946.23528  
12124.37044  
12001.51132  
11913.30257  
11919.6765  
11771.93619  
11937.04767  
11951.20699  
11918.6571  
12012.49513  
11992.73196  
11945.71777  
11973.95307  
12158.90832  
11978.61985  
11942.38948  
11898.70681  
11867.63328  
11885.3516  
11931.21561  
11951.30235  
11881.36499  
11881.32084  
11860.24085  
11843.07707  
11994.27138  
11954.78158  
12006.9039  
11993.97451  
11967.00032  
12014.47704  
12014.68379  
11934.28651  
11861.28809  
11931.49865  
11982.46987  
11844.65117  
11837.83841  
11870.05863  
11903.78138  
11908.1569  
11964.37149  
12008.38174  
11981.20451  
11967.54035  
11928.03161  
11954.00068  
12027.68308  
12067.55401  
12030.39419  
12210.64894  
12191.39284  
12080.37468  
11949.68625  
11846.13719  
11818.78676  
11877.30581  
11954.10211  
11924.25268  
11944.90331  
11926.58622  
11930.98168  
12000.36142  
12015.08409  
12079.70039  
12015.3269  
12018.98148  
11906.5908  
11979.75331  
11975.90407  
11956.60742  
12136.40384  
12291.78421  
12059.39508  
11769.04031  
11773.76889  
11760.93307  
11781.42949  
11863.69327  
11867.20347  
11806.86235  
11745.21366  
11795.40482  
11859.94096  
11797.86619  
11796.56806  
11900.17528  
11917.91853  
11938.34995  
11938.24033  
11946.14354  
12009.3317  
11986.98148  
12005.02753  
11990.82836  
11969.13004  
11995.88843  
11987.23481  
12016.09666  
12028.06113  
11988.07761  
11983.30837  
11954.83873  
11900.82113  
11828.34327  
11935.52894  
11993.63817  
11947.65066  
11978.48082  
11888.83533  
11945.70287  
11970.21269  
11935.43794  
11990.12645  
11963.20882  
12012.09387  
11940.7889  
11930.74442  
11995.56197  
11993.08509  
