11225.38067  
11278.9867  
11199.33169  
11275.12377  
11156.27318  
11202.05445  
11185.40858  
11170.5147  
11198.61727  
11178.65854  
11214.84259  
11159.83945  
11295.41902  
11241.45785  
11206.08555  
11185.79235  
11185.25418  
11190.7248  
11181.84175  
11214.2086  
11233.1221  
11255.28628  
11255.45946  
11211.27378  
11168.96412  
11214.51402  
11170.41687  
11181.34595  
11222.87861  
11239.79215  
11200.14426  
11192.58217  
11191.50897  
11297.50162  
11250.94429  
11144.32588  
11125.63577  
11181.07623  
11216.18834  
11202.49094  
11285.99864  
11236.84894  
11245.93595  
11226.41631  
11186.0136  
11176.63213  
11161.92483  
11127.61964  
11141.07673  
11231.00208  
11162.15698  
11196.34712  
11262.64113  
11227.77444  
11245.63761  
11224.39887  
11194.44168  
11146.19536  
11133.17872  
11134.27407  
11242.19377  
11209.64172  
11184.19503  
11202.9149  
11190.55044  
11156.16306  
11327.67767  
11259.49285  
11217.40351  
11180.99235  
11160.53485  
11184.22031  
11254.59674  
11194.85702  
11193.09568  
11236.7173  
11147.15173  
11200.75738  
11193.20859  
11208.44981  
11218.34495  
11171.11906  
11219.64478  
11234.54471  
11264.77113  
11206.17923  
11188.69707  
11180.05594  
11251.08754  
11246.16179  
11279.55174  
11275.05548  
11238.63423  
11320.33243  
11226.33423  
11185.00363  
11172.518  
11206.44059  
11225.42378  
11276.25602  
11239.88913  
11212.59025  
11172.79693  
11271.49024  
11307.36231  
11229.36498  
11224.82883  
11196.28199  
11203.40953  
11279.04908  
11230.28522  
11171.70077  
11369.04346  
11245.08602  
11163.24388  
11090.38785  
11178.19027  
11161.26661  
11177.04925  
11146.68308  
11122.52035  
11098.73115  
11136.52724  
11232.39437  
11203.94734  
11164.09464  
11131.41957  
11252.50882  
11262.62584  
11244.53439  
11211.74236  
11203.08314  
11256.53622  
11238.58066  
11230.49902  
11185.59561  
11217.25736  
11167.90998  
11198.2713  
11227.74561  
11301.51875  
11287.23906  
11215.92643  
11178.94355  
11146.68228  
11154.30769  
11179.85621  
11181.47326  
11158.35553  
11183.76455  
11222.43886  
11297.54102  
11215.02319  
11191.15303  
11164.27397  
11202.46135  
11189.54744  
11254.25518  
11258.28897  
11247.83387  
