11602.45864  
11638.13909  
11456.62326  
11376.48005  
11408.10857  
11496.77745  
11446.57783  
11549.98054  
11419.37069  
11474.72536  
11483.14851  
11457.25888  
11462.66931  
11460.06294  
11410.72852  
11435.77234  
11445.15039  
11513.58287  
11538.71538  
11627.27947  
11475.21931  
11432.54168  
11454.09907  
11438.33522  
11484.19455  
11532.32779  
11591.47897  
11437.54245  
11392.33489  
11483.09856  
11443.16677  
11491.99568  
11531.4583  
11502.49618  
11488.13497  
11408.3358  
11449.72405  
11537.59626  
11431.79665  
11426.06986  
11498.31203  
11667.39716  
11620.85843  
11510.46575  
11488.38182  
11398.09966  
11464.91643  
11435.71242  
11415.7847  
11399.92655  
11508.93783  
11562.98587  
11458.25277  
11688.73207  
11367.45204  
11441.74227  
11484.59084  
11426.45053  
11479.9668  
11492.35526  
11483.42866  
11437.33201  
11410.37122  
11439.6633  
11480.13028  
11475.2486  
11523.0945  
11442.7496  
11472.85207  
11445.54365  
11444.23964  
11580.59464  
11477.94958  
11538.80636  
11489.55584  
11481.5821  
11390.97597  
11348.7217  
11459.56981  
11426.87134  
11454.27761  
11565.03158  
11470.5271  
11459.05804  
11466.93164  
11371.71521  
11506.76266  
11585.73509  
11507.87793  
11486.81344  
11500.88255  
11626.43429  
11469.89357  
11486.2862  
11430.40274  
11454.40981  
11463.6818  
11470.51718  
11459.86278  
11627.88068  
11528.75778  
11520.18816  
11528.6744  
11553.65421  
11397.49264  
11477.49946  
11536.25002  
11579.79736  
11439.72759  
11448.76172  
11420.1005  
11540.92998  
11787.86759  
11707.37505  
11442.82835  
11439.3502  
11434.93865  
11262.95354  
11420.91636  
11443.76655  
11364.84528  
11361.07254  
11375.15098  
11369.18115  
11415.71734  
11432.0275  
11436.76599  
11360.26207  
11494.04778  
11456.12537  
11429.97695  
11422.3272  
11444.4903  
11486.99543  
11483.72367  
11460.875  
11576.73744  
11538.89458  
11593.96286  
11537.38743  
11411.45389  
11469.97226  
11470.22972  
11414.46146  
11454.01301  
11480.87716  
11491.65765  
11562.00684  
11599.28474  
11474.05908  
11422.88904  
11413.22229  
11442.64371  
11540.56212  
11491.66888  
11551.1442  
11606.88923  
11454.42719  
11448.15376  
11416.92948  
