12018.07685  
12001.74612  
12056.27888  
12021.5802  
11960.60592  
12002.4861  
11992.22035  
11920.00668  
11937.28028  
12020.001  
12079.48333  
12026.40701  
11976.87046  
12037.53611  
12057.30678  
12068.74535  
12041.5173  
11992.1416  
11923.59535  
11941.44152  
12027.41008  
12005.31417  
11929.31524  
12026.17801  
12053.17337  
11985.27493  
12044.74578  
12270.27036  
12018.79643  
11962.87978  
11932.16791  
11962.2524  
12050.24602  
11999.33188  
11957.07327  
11934.03161  
11936.08644  
11912.32887  
11913.78613  
12005.00023  
12078.14061  
11956.73602  
11970.53148  
12005.64831  
12012.56884  
11966.27466  
11952.99334  
11945.05012  
12015.2943  
12012.16611  
12021.64548  
12033.66139  
11994.50607  
11948.8765  
12031.51677  
12043.14776  
12013.42824  
11976.58858  
12206.5213  
12136.84723  
12102.61642  
12090.6731  
12041.05317  
11948.74553  
11967.68339  
11956.69901  
11995.69897  
11980.23286  
11928.289  
11990.90105  
11961.01219  
11979.03254  
11981.66238  
11935.45034  
11961.26227  
11935.04631  
11952.9529  
11977.26684  
12030.06998  
12176.65584  
11987.36224  
11923.09796  
11928.44439  
11986.89098  
12058.08342  
12022.01035  
11988.59134  
11939.43737  
11944.06214  
12018.98792  
12054.29766  
12066.70212  
12047.82067  
11940.20896  
12030.74784  
11998.32386  
12045.24357  
12037.62449  
12004.61772  
12074.14244  
12099.24251  
12037.96599  
12049.86606  
12062.04389  
12022.22309  
11991.92161  
12025.66515  
11946.75226  
12074.04109  
12021.5274  
11984.02033  
12258.93743  
12079.63684  
11950.64157  
11837.47065  
11931.66006  
11945.27194  
11931.55601  
11926.20899  
12031.6118  
11948.68209  
12009.97078  
12042.93843  
12026.17008  
11909.51074  
11991.65479  
12062.3836  
12045.92085  
12005.73625  
12012.14545  
12013.21613  
11971.63375  
12002.76585  
11940.6887  
11908.08196  
11945.4749  
12019.67417  
11989.57758  
11989.19675  
11913.39519  
11916.46119  
11957.73098  
11950.56848  
11921.81172  
12066.02697  
12082.75167  
12089.74636  
12070.11215  
11973.23629  
11982.15028  
11987.64721  
12015.73797  
12022.01808  
12018.8179  
12050.87027  
12061.90842  
12056.19071  
12007.42343  
12000.70414  
11994.19501  
