10253.80913  
10264.39624  
10225.78902  
10283.26038  
10315.99692  
10267.39738  
10253.34628  
10269.1694  
10326.0725  
10255.48493  
10252.74274  
10242.51656  
10230.07177  
10275.3596  
10260.05189  
10299.41355  
10229.20646  
10197.06761  
10215.99479  
10225.17358  
10228.2712  
10227.43532  
10220.07464  
10180.84951  
10201.32225  
10212.05078  
10208.03169  
10232.09791  
10269.40631  
10280.76164  
10281.10566  
10251.78138  
10284.26842  
10262.7815  
10277.67628  
10263.55509  
10274.83203  
10247.69296  
10250.15815  
10271.80124  
10265.44872  
10208.6732  
10278.12803  
10236.57399  
10227.04777  
10270.28278  
10223.66582  
10219.2221  
10232.51474  
10212.86202  
10233.13618  
10245.41123  
10228.52179  
10273.14175  
10310.67316  
10238.82634  
10288.2239  
10213.28184  
10276.83676  
10301.8346  
10243.28119  
10227.69118  
10217.65832  
10198.28066  
10170.62594  
10163.37864  
10215.47689  
10299.16946  
10262.37083  
10286.21559  
10234.29772  
10202.31658  
10280.11889  
10257.88695  
10242.62466  
10215.11112  
10197.74923  
10308.10892  
10284.18218  
10330.40007  
10302.89717  
10261.13482  
10228.02457  
10209.05003  
10299.51222  
10251.35047  
10277.18334  
10225.33144  
10223.23235  
10325.09218  
10351.7459  
10297.50492  
10329.66603  
10259.78837  
10304.43662  
10270.92264  
10259.48194  
10282.92316  
10264.47712  
10260.1766  
10248.06846  
10231.56949  
10260.71461  
10345.96467  
10262.15522  
10241.92009  
10302.14972  
10275.14197  
10237.21109  
10277.28031  
10291.8767  
10264.45234  
10233.88442  
10244.22698  
10211.27166  
10075.59582  
10265.00304  
10192.6159  
10136.70657  
10194.5885  
10265.54075  
10254.36175  
10225.7357  
10160.85344  
10116.89143  
10185.63274  
10201.01233  
10250.92634  
10302.0949  
10249.73321  
10277.67814  
10304.01327  
10275.83801  
10261.00869  
10192.70579  
10220.75917  
10222.61391  
10251.05982  
10324.5957  
10274.60899  
10293.40887  
10246.59034  
10202.75793  
10245.89869  
10244.4954  
10298.82788  
10321.27432  
10286.16764  
10279.95263  
10286.37224  
10302.30057  
10287.13848  
10243.0145  
10238.57142  
10295.15192  
10249.91209  
10210.93752  
10197.71823  
10223.25911  
10219.17967  
