10774.15763  
10736.65267  
10710.16208  
10736.75975  
10764.58002  
10758.68291  
10750.04741  
10733.29231  
10699.2321  
10671.77944  
10746.05472  
10709.60857  
10677.16577  
10659.8796  
10655.17573  
10700.6308  
10663.87827  
10649.0861  
10671.94996  
10660.34085  
10665.63043  
10679.32694  
10663.64593  
10680.26238  
10673.53187  
10656.84802  
10671.79349  
10686.29741  
10727.82397  
10717.51798  
10722.99753  
10739.02526  
10730.56509  
10732.85401  
10738.30186  
10734.67086  
10732.07448  
10697.69108  
10681.16508  
10695.19688  
10724.22808  
10702.64601  
10767.91878  
10696.07008  
10675.4221  
10712.87152  
10666.45916  
10662.49598  
10722.76944  
10705.22477  
10704.78412  
10706.55721  
10680.96024  
10731.22089  
10722.99049  
10735.88822  
10751.86382  
10721.38349  
10726.11583  
10724.19717  
10705.24849  
10676.4993  
10643.18251  
10619.31257  
10622.24354  
10641.79844  
10706.81094  
10761.79595  
10705.20464  
10750.19563  
10740.05836  
10690.00619  
10716.55738  
10726.51133  
10686.82452  
10722.09681  
10696.23597  
10733.17341  
10724.10836  
10841.53961  
10705.58996  
10668.74939  
10661.39127  
10648.54144  
10768.5576  
10758.60219  
10750.97258  
10729.16165  
10673.49073  
10732.60504  
10778.0485  
10724.44467  
10752.03799  
10710.1432  
10722.30144  
10721.24232  
10704.50438  
10692.69541  
10676.43748  
10675.74618  
10681.57336  
10671.72561  
10743.50238  
10747.79012  
10702.26881  
10706.40093  
10729.48641  
10730.01917  
10673.78523  
10726.17948  
10706.8586  
10800.20585  
10666.93152  
10740.90967  
10738.90504  
10616.80768  
10711.30654  
10673.23983  
10608.3577  
10642.74526  
10724.83836  
10670.47194  
10687.13045  
10641.12251  
10602.37229  
10651.9239  
10664.98877  
10745.74507  
10753.8582  
10715.67995  
10733.11287  
10742.81991  
10698.04372  
10684.09633  
10658.15156  
10674.92545  
10657.11503  
10743.55831  
10779.479  
10711.24963  
10705.49426  
10686.9314  
10655.15804  
10704.84601  
10728.71628  
10800.25457  
10789.66576  
10737.38891  
10695.15872  
10726.40678  
10715.37506  
10702.16816  
10684.40314  
10681.75818  
10743.32686  
10710.96704  
10682.43225  
10667.01255  
10721.29568  
10680.66629  
