11546.3135  
11573.42312  
11540.72023  
11524.89614  
11549.48194  
11553.08751  
11549.5218  
11505.25323  
11490.73254  
11457.05571  
11601.74495  
11537.3984  
11473.63167  
11460.99347  
11468.08085  
11479.90441  
11450.06035  
11440.98661  
11423.32619  
11418.12703  
11425.32963  
11433.69284  
11411.17618  
11441.73543  
11422.61115  
11397.49442  
11473.24078  
11556.21341  
11543.03227  
11506.50124  
11490.04266  
11556.35822  
11531.81183  
11497.71374  
11503.97328  
11556.04582  
11513.75814  
11444.35934  
11478.53485  
11470.95394  
11536.22252  
11532.03196  
11586.27431  
11517.11377  
11471.99595  
11501.36013  
11480.20914  
11475.29233  
11515.35274  
11475.88906  
11511.53466  
11509.40906  
11439.41938  
11496.43976  
11525.28014  
11493.93787  
11543.11397  
11520.0113  
11555.18443  
11549.39732  
11519.72123  
11486.97035  
11446.754  
11361.77981  
11393.54666  
11409.71216  
11502.92946  
11552.74561  
11518.16006  
11596.28975  
11543.85854  
11520.66167  
11516.44009  
11524.85521  
11470.13247  
11494.97783  
11503.49938  
11515.90679  
11516.29899  
11680.43693  
11504.97032  
11429.18195  
11400.85239  
11406.01972  
11566.58957  
11567.64921  
11551.45243  
11547.1137  
11485.19573  
11504.11818  
11558.26825  
11562.49916  
11552.656  
11513.18997  
11491.06725  
11469.58683  
11450.72873  
11450.51246  
11470.56222  
11485.48263  
11455.34023  
11453.04166  
11610.00613  
11583.07962  
11496.50123  
11501.96043  
11556.82342  
11571.31354  
11463.47901  
11575.63441  
11508.89546  
11612.54904  
11506.10281  
11624.68208  
11499.76662  
11368.86734  
11475.84335  
11425.56686  
11367.03443  
11441.63745  
11499.27103  
11463.76993  
11471.99552  
11444.85635  
11346.06658  
11412.73228  
11437.07352  
11503.28316  
11531.46866  
11503.6078  
11512.07398  
11501.5516  
11503.42257  
11465.73222  
11416.5764  
11435.94594  
11474.29053  
11574.29265  
11613.24507  
11492.87256  
11504.81473  
11498.54774  
11447.46314  
11441.36816  
11534.45404  
11605.6305  
11609.80738  
11506.02231  
11519.03445  
11525.23288  
11470.67487  
11471.85767  
11441.87822  
11416.77254  
11501.36392  
11542.72542  
11516.33176  
11484.10559  
11530.34724  
11522.77058  
