10788.14118  
10765.00224  
10751.18288  
10764.10128  
10783.0102  
10782.19232  
10778.75119  
10760.36108  
10735.14778  
10765.14414  
10802.87223  
10777.04473  
10762.81546  
10744.42288  
10743.35599  
10786.55969  
10755.02974  
10748.61196  
10744.37051  
10740.45645  
10758.10624  
10759.94528  
10751.91341  
10758.59536  
10741.86752  
10727.69227  
10759.3587  
10753.2023  
10762.30692  
10738.29666  
10743.60025  
10761.29663  
10760.09189  
10767.98564  
10761.08255  
10761.98074  
10745.62026  
10740.04793  
10743.47964  
10784.70951  
10789.54163  
10755.90354  
10779.54519  
10728.55451  
10706.69942  
10758.7012  
10752.28458  
10764.83728  
10798.28503  
10766.9536  
10768.88794  
10791.53533  
10755.89482  
10760.80267  
10795.95557  
10768.04897  
10773.55715  
10741.04992  
10781.90322  
10796.07123  
10800.83197  
10767.09138  
10727.50634  
10711.2191  
10737.17111  
10722.5105  
10780.86169  
10780.91724  
10742.38795  
10780.33171  
10746.40388  
10732.85343  
10757.06753  
10779.85605  
10764.80917  
10769.95388  
10738.56634  
10773.52419  
10804.68719  
10872.53866  
10786.72426  
10720.88619  
10705.26398  
10701.3901  
10795.23311  
10775.23468  
10781.18557  
10764.47608  
10737.79172  
10754.71055  
10787.21845  
10763.69648  
10785.08388  
10755.77882  
10787.11326  
10754.325  
10741.64308  
10742.54608  
10738.59347  
10774.70573  
10779.2867  
10762.87455  
10802.8306  
10779.53282  
10753.68935  
10755.81912  
10787.82933  
10766.75407  
10721.54021  
10785.46946  
10790.936  
10833.76363  
10757.71425  
10785.8922  
10739.00957  
10649.32781  
10750.49661  
10706.62326  
10664.69645  
10747.91557  
10759.99212  
10780.92985  
10787.95371  
10743.49446  
10685.90547  
10724.99421  
10723.92004  
10758.28445  
10789.48674  
10759.50187  
10770.99961  
10784.50549  
10760.06044  
10743.21663  
10737.39816  
10759.4047  
10747.75767  
10776.79022  
10797.05936  
10741.23652  
10751.28255  
10756.12388  
10736.62945  
10764.03836  
10796.10706  
10808.57252  
10822.76614  
10774.90406  
10734.46828  
10749.47714  
10749.43724  
10738.23971  
10747.41572  
10746.68319  
10812.14486  
10776.03601  
10773.26732  
10747.25377  
10756.90061  
10754.49078  
