10802.82391  
10794.7693  
10794.25473  
10792.80988  
10802.36189  
10806.87719  
10808.89015  
10788.78328  
10772.85925  
10863.17707  
10862.53062  
10847.8527  
10852.74764  
10833.19332  
10835.94527  
10876.78503  
10850.73879  
10853.11411  
10820.41209  
10824.57784  
10855.20583  
10844.59453  
10844.59427  
10840.84499  
10813.61994  
10802.07873  
10851.30218  
10823.45243  
10798.51402  
10760.11428  
10765.23312  
10784.68157  
10791.09504  
10804.87385  
10785.00228  
10790.65611  
10759.84332  
10784.52263  
10808.90993  
10878.69777  
10858.12085  
10811.82396  
10791.75293  
10762.66316  
10739.54061  
10806.82236  
10842.40128  
10872.29564  
10877.57641  
10831.76887  
10836.19695  
10880.76235  
10834.57612  
10791.86354  
10872.56892  
10801.81776  
10796.33515  
10761.69968  
10840.47997  
10871.53898  
10901.19463  
10862.21306  
10816.04637  
10807.72096  
10857.84507  
10807.25816  
10858.61499  
10800.9946  
10781.43042  
10811.9746  
10753.06667  
10777.84303  
10799.60318  
10835.86802  
10846.69307  
10820.20381  
10783.01324  
10815.89251  
10889.29496  
10905.08767  
10871.91527  
10775.62983  
10751.33033  
10756.88118  
10823.24239  
10792.6988  
10812.9092  
10801.55623  
10805.30775  
10777.92133  
10796.84689  
10804.91088  
10819.78206  
10803.69622  
10855.16566  
10789.06183  
10780.63871  
10794.88929  
10803.85727  
10878.61325  
10881.8857  
10858.58093  
10865.12522  
10812.86265  
10807.68093  
10807.70822  
10849.0894  
10805.32571  
10771.68293  
10847.72394  
10879.21727  
10868.99931  
10853.03612  
10833.12385  
10739.11932  
10683.47395  
10791.64618  
10741.67585  
10723.85214  
10858.34439  
10796.90356  
10896.91066  
10893.81812  
10850.985  
10773.61531  
10801.71804  
10785.79787  
10771.45079  
10826.8967  
10805.51488  
10810.78069  
10828.27534  
10825.17799  
10805.29294  
10820.60709  
10848.10792  
10842.93244  
10811.68372  
10815.51874  
10772.72276  
10799.36024  
10828.77598  
10822.17443  
10826.19033  
10866.86737  
10817.30637  
10857.52154  
10814.29497  
10775.74332  
10773.70102  
10785.20254  
10776.11483  
10813.57893  
10814.85446  
10884.40375  
10844.35844  
10868.64413  
10831.50705  
10794.28578  
10832.00649  
