10438.72168  
10461.02004  
10455.74278  
10445.07821  
10433.90487  
10438.68776  
10444.23012  
10436.01644  
10472.20044  
10537.59066  
10528.89195  
10510.87762  
10532.00657  
10536.1436  
10538.40521  
10576.85893  
10541.26676  
10556.244  
10536.07343  
10523.7196  
10539.12148  
10524.98486  
10539.53662  
10499.32627  
10487.14834  
10478.30796  
10514.40503  
10450.29641  
10436.34145  
10434.2806  
10406.04903  
10431.82452  
10448.49028  
10434.74597  
10435.79091  
10451.9637  
10425.59408  
10436.04246  
10473.48637  
10577.49261  
10533.92446  
10487.81683  
10457.25092  
10424.44391  
10422.67041  
10454.66933  
10497.409  
10564.04966  
10545.21269  
10500.98027  
10514.75867  
10566.96464  
10528.14834  
10450.37821  
10528.25197  
10435.00987  
10429.55188  
10417.8997  
10501.98108  
10577.15456  
10598.64209  
10538.59139  
10494.17737  
10491.46533  
10528.11684  
10479.40226  
10530.68713  
10462.36292  
10431.17348  
10478.41783  
10416.79224  
10456.40112  
10471.04144  
10484.03265  
10521.68058  
10459.4472  
10406.49646  
10493.37887  
10566.72052  
10552.2549  
10512.41701  
10456.38857  
10431.48842  
10459.13875  
10467.89054  
10429.30884  
10467.40515  
10455.84176  
10482.41738  
10469.25773  
10471.87986  
10482.98621  
10467.15794  
10466.33134  
10484.71977  
10443.61395  
10451.68579  
10447.96413  
10474.72133  
10531.60455  
10579.46562  
10529.59491  
10511.01756  
10493.27901  
10485.31846  
10448.36257  
10516.66361  
10478.44794  
10435.69722  
10515.45162  
10560.37118  
10511.40641  
10533.3123  
10463.36062  
10371.52122  
10342.64899  
10478.86078  
10417.00468  
10385.2678  
10548.9352  
10449.10079  
10582.19279  
10569.40422  
10540.61092  
10464.61497  
10494.82078  
10497.24925  
10394.30623  
10432.52169  
10439.70756  
10473.16311  
10489.17662  
10533.75903  
10520.21592  
10494.84363  
10543.80585  
10540.12891  
10453.01971  
10469.24239  
10466.11987  
10469.69655  
10503.50183  
10508.57981  
10506.25574  
10546.45003  
10456.75785  
10500.87795  
10465.94539  
10440.31643  
10463.26184  
10454.61481  
10443.13609  
10504.4552  
10473.11493  
10512.4895  
10473.06014  
10558.20015  
10527.70492  
10452.04801  
10490.66364  
