11695.28906  
11705.55319  
11691.05341  
11699.108  
11679.66364  
11674.24601  
11666.06417  
11613.81839  
11585.90742  
11501.06564  
11699.01545  
11619.20939  
11524.78584  
11521.67393  
11520.93122  
11533.92691  
11512.83608  
11525.3743  
11481.42503  
11452.87102  
11473.28123  
11517.99304  
11469.84635  
11489.23063  
11477.79569  
11470.78165  
11504.05362  
11630.47815  
11699.74163  
11662.00211  
11611.30279  
11725.70267  
11683.46469  
11634.40599  
11648.25809  
11696.77926  
11675.07879  
11553.67418  
11564.28319  
11524.83747  
11612.79778  
11657.3427  
11741.00687  
11620.47663  
11572.54818  
11612.81051  
11543.45994  
11528.0127  
11620.26283  
11553.19836  
11577.43588  
11565.33796  
11519.81165  
11648.10904  
11559.23947  
11601.10524  
11669.51658  
11649.22703  
11630.86103  
11585.14736  
11578.47729  
11514.36377  
11502.63682  
11408.46645  
11441.82132  
11474.53573  
11566.78183  
11709.25788  
11644.05249  
11751.1065  
11702.80054  
11651.1861  
11682.21776  
11666.38288  
11567.83458  
11671.86436  
11687.72546  
11637.52497  
11570.37207  
11787.18748  
11518.16882  
11498.67074  
11483.2131  
11481.51343  
11718.86292  
11709.18176  
11670.1021  
11688.20276  
11590.09258  
11644.48483  
11730.70244  
11681.53078  
11668.63468  
11622.94847  
11550.5882  
11540.48354  
11518.27246  
11524.70597  
11522.67236  
11503.20337  
11489.24466  
11494.14633  
11698.14209  
11707.40784  
11571.05439  
11570.81212  
11661.71664  
11705.48099  
11575.19524  
11687.00985  
11558.13935  
11733.48711  
11542.28132  
11776.37889  
11698.33651  
11544.75888  
11614.71252  
11562.97266  
11421.66609  
11492.65222  
11675.12415  
11520.33121  
11524.98003  
11497.44946  
11421.14676  
11478.76603  
11529.37483  
11677.41551  
11667.21005  
11622.24984  
11598.61558  
11587.48272  
11589.11539  
11541.06498  
11488.89926  
11510.78291  
11551.41024  
11702.84215  
11771.67925  
11622.0513  
11609.74894  
11560.287  
11521.58126  
11501.36787  
11605.16262  
11767.43677  
11738.70961  
11618.322  
11638.82265  
11655.00058  
11577.22552  
11558.44479  
11502.0629  
11474.75399  
11576.00619  
11640.79871  
11586.28439  
11557.32146  
11662.59246  
11643.23523  
