12285.93123  
12312.36208  
12266.45047  
12246.26622  
12308.38005  
12252.17298  
12209.84449  
12225.85109  
12250.32863  
12219.26692  
12260.72195  
12231.88107  
12300.7585  
12372.53661  
12280.83514  
12254.00345  
12229.66998  
12204.40708  
12151.63206  
12203.20809  
12256.4895  
12329.42123  
12281.96821  
12244.8046  
12182.35549  
12200.13084  
12208.60687  
12208.75654  
12242.50678  
12224.38989  
12215.78086  
12261.54237  
12295.13606  
12262.14453  
12204.67509  
12242.2989  
12261.27744  
12263.63336  
12216.64067  
12259.07781  
12248.30454  
12258.68126  
12234.02625  
12299.4849  
12273.86704  
12235.76745  
12194.38296  
12233.07594  
12199.18033  
12249.29012  
12210.41591  
12263.03105  
12308.75716  
12272.55481  
12259.61249  
12243.07622  
12239.06973  
12231.70657  
12243.59423  
12244.55344  
12242.4416  
12303.45306  
12299.42188  
12301.63335  
12262.6496  
12286.89345  
12282.57821  
12279.73797  
12252.68293  
12226.13758  
12223.70096  
12268.53983  
12252.6424  
12231.42952  
12231.38536  
12244.52934  
12310.79339  
12212.56277  
12220.31818  
12220.25587  
12256.36616  
12262.75748  
12336.08172  
12300.83415  
12244.66078  
12226.27452  
12209.30093  
12206.27154  
12246.6041  
12320.8993  
12263.18741  
12239.17548  
12219.99742  
12218.56743  
12216.75512  
12214.85137  
12220.09833  
12230.47326  
12281.9845  
12271.42546  
12229.52364  
12241.22488  
12284.90463  
12250.18386  
12223.14408  
12237.22147  
12248.29545  
12197.89182  
12257.43479  
12309.08871  
12302.07258  
12236.59537  
12270.1467  
12269.80692  
12416.16402  
12240.00374  
12206.2637  
12218.72443  
12240.58092  
12310.62913  
12349.33981  
12238.12153  
12223.2507  
12280.62268  
12253.44027  
12260.3306  
12301.81963  
12280.97933  
12340.23624  
12301.02539  
12231.81837  
12246.8914  
12254.37811  
12211.46625  
12270.46013  
12208.68625  
12265.71398  
12252.55095  
12236.28903  
12252.55168  
12268.34474  
12248.11203  
12251.65692  
12274.53784  
12326.5052  
12231.8013  
12219.59883  
12202.43333  
12229.2174  
12225.19712  
12184.38085  
12209.15313  
12288.85563  
12260.05602  
12232.71667  
12303.68896  
12304.26394  
12266.03549  
12269.28564  
12247.99612  
