10876.15011  
10932.26227  
10933.5142  
10939.94604  
10916.26518  
11048.25099  
11013.92443  
10943.2185  
10929.10376  
10855.49517  
10868.1374  
10902.86465  
10950.65749  
11018.87189  
10968.85927  
10898.19068  
10958.54904  
10968.29278  
11059.81014  
10880.50262  
10883.34676  
10904.46009  
10907.12314  
10928.1855  
10924.40619  
10995.97476  
11027.63651  
10966.85054  
10985.81644  
10935.96732  
10909.68086  
10860.71613  
10899.14507  
10956.89594  
10947.52073  
10872.23302  
10957.23064  
10985.8461  
10943.55144  
11027.14997  
10908.24984  
10984.94181  
10927.59818  
10827.55539  
10969.41613  
10984.75172  
10964.8557  
10985.15472  
11031.92439  
10953.41772  
10932.36254  
10977.55285  
10974.62977  
10969.94205  
10938.69474  
10967.76521  
10946.67457  
10948.13573  
11021.28137  
11002.61383  
10942.47282  
10871.06293  
10854.64233  
10887.77803  
10875.59639  
10846.51278  
10927.14883  
10998.67647  
10976.1738  
10909.69646  
10926.96523  
11007.4248  
10954.39312  
10919.80923  
10963.201  
10937.71225  
10885.22608  
11116.00827  
10959.34881  
11012.29141  
10944.50574  
10841.87911  
10900.2715  
10871.68112  
10871.16018  
10932.14081  
11005.85099  
10944.31127  
10875.38057  
10959.34962  
11001.62759  
11018.45209  
10953.58406  
10902.95617  
10864.00032  
10900.08477  
10961.01826  
10922.08751  
10885.50695  
10936.63936  
10949.96795  
10912.9024  
10889.83983  
10847.25338  
10942.21157  
10962.27276  
10956.01423  
10940.3059  
10867.28596  
10833.10932  
10932.05532  
10952.0231  
10879.85438  
10868.17825  
10946.66981  
11040.89445  
11042.46761  
10947.86811  
10937.89163  
11037.28468  
10967.82447  
10999.83064  
10930.52939  
10868.42397  
10853.14727  
11039.14509  
10936.19843  
11032.67845  
11066.98532  
11032.28564  
10994.46684  
11033.72787  
10950.57462  
11050.54864  
10908.9984  
10992.59714  
10969.73261  
10888.50792  
10845.6343  
10816.53467  
10923.20043  
10849.88927  
10940.4496  
10925.4989  
10871.7603  
10865.39868  
10900.57312  
10887.33095  
11051.83036  
11003.54872  
10913.89312  
10878.95458  
10868.1841  
10886.37217  
11010.59269  
10893.07472  
11064.66674  
10928.85496  
10980.81467  
10996.60551  
