9885.458418  
9935.072604  
9988.544248  
10013.2525  
9914.479282  
9870.993389  
9904.562732  
9972.375371  
9984.660727  
9963.664879  
9940.484047  
9873.335681  
9927.730105  
10026.44752  
9937.468846  
10001.27193  
10021.77089  
10004.06934  
9858.96855  
9838.064161  
9942.915969  
9991.767339  
10027.88429  
9998.672869  
9956.717941  
9923.119622  
9960.278766  
9858.391249  
9894.247929  
9860.510311  
9867.732604  
9876.004238  
9895.1078  
9891.112237  
9876.278135  
9878.534757  
9882.110077  
9942.457869  
9885.37763  
9982.105508  
10020.36249  
9951.187332  
9885.931858  
9979.701325  
9993.16804  
9942.000292  
9927.264812  
9942.780737  
9924.278752  
9891.447344  
9882.405551  
9898.185729  
9930.746935  
9940.680892  
9917.970069  
9902.50612  
9912.821638  
9899.44461  
9924.889192  
9904.665053  
9965.911332  
10014.04321  
10027.67391  
10005.81555  
10026.00568  
9999.11686  
9977.756087  
9945.208421  
9918.464416  
9914.835913  
9906.561766  
9916.434235  
9924.012631  
9891.353537  
9913.796144  
9922.373143  
9918.194888  
9934.556209  
9950.564631  
9974.220557  
10002.99088  
10049.32003  
10049.8366  
9991.962705  
9957.614725  
9917.279532  
9911.161354  
9862.271463  
9873.315341  
9920.354574  
9932.363488  
9945.269578  
9932.315305  
9874.661058  
9839.934503  
9831.666016  
9859.912904  
9924.8939  
9971.943388  
9938.789893  
9929.783267  
9957.333664  
9943.427378  
9943.502481  
9899.752416  
9923.817486  
9931.484535  
9940.255343  
9960.173825  
9968.817935  
9953.087563  
9892.171508  
9952.515835  
9979.53645  
9976.055921  
9875.846427  
9971.81044  
10017.90235  
10012.57728  
10112.44874  
10029.25409  
9941.632884  
9954.284319  
10008.39774  
9846.086543  
9887.126493  
9962.667808  
9907.64255  
9935.687739  
9929.551729  
9822.937714  
9892.118941  
9991.094716  
9955.260856  
10029.25107  
9944.604563  
10007.0096  
9994.360811  
9900.891117  
9904.1075  
9948.444999  
9932.412808  
9913.960022  
9951.535923  
10011.38611  
9923.671864  
9864.807403  
9850.683416  
9895.993506  
9887.61635  
9925.190629  
9929.169854  
9986.125613  
9981.806922  
9966.295613  
9944.345582  
10003.72594  
10011.94715  
9926.336419  
9889.028017  
