10076.80395  
10142.13028  
10198.02429  
10209.60591  
10187.18837  
10086.98595  
10162.3616  
10155.53325  
10142.73485  
10115.00074  
10143.10429  
10159.68767  
10144.71495  
10249.63951  
10210.27364  
10228.26866  
10197.76407  
10206.55987  
10096.57027  
10091.64346  
10161.81368  
10182.63563  
10167.20179  
10199.75098  
10125.78942  
10125.22086  
10144.0702  
10113.60172  
10149.65589  
10162.2363  
10162.55642  
10062.15516  
10090.15669  
10138.29873  
10137.68194  
10089.7343  
10114.24006  
10144.33165  
10103.95996  
10168.52701  
10205.73311  
10148.3044  
10107.42876  
10181.14623  
10176.18122  
10194.15357  
10171.01016  
10145.84933  
10149.15433  
10125.58309  
10125.48033  
10112.95273  
10108.48496  
10155.15716  
10145.99283  
10158.64037  
10137.26353  
10146.62593  
10126.98225  
10113.09468  
10117.53525  
10134.59458  
10156.72522  
10221.48064  
10209.06965  
10220.76096  
10246.8976  
10173.16498  
10158.08159  
10135.63592  
10101.94175  
10153.48341  
10163.23904  
10146.91299  
10183.2846  
10180.84137  
10160.71432  
10190.05532  
10183.96272  
10181.55037  
10171.03998  
10145.04109  
10134.42005  
10184.8761  
10129.81384  
10111.82039  
10115.29368  
10109.95716  
10096.28798  
10151.95382  
10199.37568  
10144.76591  
10121.61736  
10076.82097  
10086.04631  
10048.11169  
10057.20612  
10148.75879  
10180.55393  
10142.15008  
10146.2234  
10122.9094  
10160.53397  
10193.90893  
10125.24551  
10154.88273  
10130.55289  
10149.06675  
10119.78114  
10149.46736  
10175.00441  
10160.22266  
10183.27153  
10225.63146  
10242.69189  
10071.61219  
10225.71957  
10228.64044  
10176.65053  
10311.99329  
10186.34644  
10166.83762  
10162.59274  
10148.09194  
10113.16861  
10137.79854  
10187.76183  
10143.18789  
10140.83025  
10230.71173  
10092.67266  
10107.60262  
10310.66397  
10284.68358  
10209.02616  
10171.10152  
10157.26607  
10167.45342  
10084.93723  
10110.12106  
10115.69464  
10125.69119  
10212.85873  
10086.51955  
10131.99964  
10127.42389  
10133.96568  
10127.95733  
10147.06719  
10131.74001  
10124.36738  
10114.97217  
10171.22566  
10220.59718  
10139.02117  
10130.37771  
10254.32721  
10201.85279  
10135.92813  
10140.19298  
