11857.40091  
11883.58803  
11862.55403  
11853.69758  
11839.35909  
11832.79514  
11851.06825  
11763.59198  
11775.10205  
11776.19428  
11903.4891  
11784.86135  
11827.72209  
11997.51745  
11819.10993  
11835.85801  
11841.10801  
11705.8031  
11741.16765  
11637.46246  
11728.77463  
11866.35623  
11918.64604  
11842.10737  
11773.47848  
11865.24093  
11852.78178  
11782.20234  
11834.72567  
11824.88876  
11780.66026  
11766.66099  
11887.94293  
11865.92676  
11821.87854  
11787.42962  
11835.18426  
11890.91805  
11855.10308  
11845.87992  
11836.17363  
11832.65223  
11831.29548  
11893.59684  
11905.54133  
11848.73805  
11843.03711  
11838.60353  
11844.63281  
11867.23024  
11808.76434  
11824.09543  
11912.9016  
11851.96939  
11861.20705  
11783.07322  
11773.36717  
11807.11783  
11874.76056  
11841.67058  
11762.81966  
11797.16789  
11828.25058  
11852.71334  
11805.54669  
11824.99972  
11793.26929  
11723.82412  
11765.31295  
11739.66787  
11687.81531  
11794.77484  
11821.46503  
11756.29816  
11758.80336  
11836.60036  
11781.79311  
11852.02937  
11873.99615  
11886.97319  
11872.70976  
11884.38966  
11967.59461  
11888.17793  
11813.50653  
11843.16414  
11876.85435  
11800.78049  
11763.23972  
11867.54053  
11870.85694  
11826.19807  
11826.12486  
11793.38047  
11771.58774  
11791.84526  
11827.5978  
11815.04795  
11795.80021  
11850.38203  
11843.79348  
11837.06754  
11793.47122  
11779.85337  
11802.3282  
11813.0978  
11814.01648  
11739.6546  
11741.99273  
11798.32754  
11868.66473  
11870.89428  
11813.706  
11806.83334  
11785.04931  
11740.7649  
11787.69298  
11828.72727  
11822.10338  
12013.81349  
11969.99348  
11840.13623  
11817.53984  
11806.50352  
11811.81469  
11899.87205  
11904.1218  
11833.41522  
12045.09061  
11887.24088  
11777.77147  
11864.99311  
11983.57067  
11899.66666  
11838.99487  
11756.99137  
11795.81352  
11787.61945  
11763.96827  
11828.28623  
11907.12353  
11843.58206  
11856.99317  
11801.36964  
11832.61598  
11855.35393  
11807.62769  
11807.92561  
11867.07481  
11865.86313  
11857.56935  
11850.29479  
11864.433  
11793.62279  
11803.95081  
11808.75174  
11795.85356  
11741.37051  
11801.62914  
11765.14545  
