10108.16631  
10165.45863  
10266.26628  
10257.06263  
10138.40578  
10056.06983  
10120.01125  
10183.16694  
10226.7034  
10211.61509  
10185.73727  
10101.34609  
10136.76559  
10271.66945  
10153.34011  
10267.23218  
10326.82227  
10266.70598  
10087.80602  
9970.009112  
10200.65883  
10256.56681  
10295.17179  
10280.47064  
10211.90538  
10135.17554  
10155.75787  
10064.2112  
10059.43474  
10035.49781  
10063.04779  
10067.25692  
10062.54764  
10072.61692  
10080.31747  
10085.07617  
10100.15495  
10152.02662  
10063.4428  
10234.53096  
10305.46412  
10193.48417  
10104.66679  
10202.74583  
10194.13059  
10123.73991  
10131.87951  
10170.6027  
10176.01952  
10103.15657  
10083.92608  
10115.92815  
10145.05944  
10174.21899  
10145.59938  
10155.16682  
10175.57029  
10134.15091  
10145.83244  
10122.13745  
10242.93249  
10310.74243  
10292.84953  
10259.41018  
10347.80325  
10281.04977  
10226.18434  
10148.0111  
10094.39229  
10083.36117  
10093.75865  
10127.98151  
10121.57873  
10088.30568  
10119.84843  
10163.35898  
10127.65165  
10167.44039  
10193.73534  
10207.02882  
10251.44615  
10335.71306  
10371.0547  
10287.81018  
10257.04573  
10181.46164  
10135.88876  
10087.61212  
10129.22622  
10155.96751  
10135.09164  
10173.04401  
10152.30835  
10101.59327  
10019.86084  
10038.3328  
10072.22332  
10146.80777  
10216.04437  
10133.25513  
10148.47389  
10204.17702  
10227.17556  
10188.13226  
10127.2976  
10142.57441  
10165.50625  
10176.05649  
10212.47692  
10253.55753  
10186.43824  
10117.05361  
10226.20829  
10216.76905  
10184.63933  
10014.09935  
10214.88538  
10307.64398  
10331.65313  
10393.31214  
10285.96681  
10129.04815  
10212.08869  
10275.46706  
10051.51312  
10120.30336  
10206.7053  
10075.67564  
10082.50261  
10051.16247  
9938.386073  
10007.1332  
10173.72793  
10175.69033  
10267.86873  
10145.12025  
10246.19205  
10233.02942  
10115.79014  
10154.19492  
10197.28786  
10129.52712  
10212.04722  
10171.73434  
10275.20947  
10209.62322  
10100.35645  
10086.69333  
10116.41182  
10104.70279  
10151.16248  
10174.47963  
10238.4046  
10256.23256  
10164.97537  
10129.58229  
10269.35625  
10261.63555  
10130.82  
10133.6098  
