10621.80289  
10654.53673  
10695.7195  
10693.72628  
10666.87104  
10638.19515  
10650.63923  
10679.2686  
10663.71935  
10643.23551  
10642.15691  
10626.19255  
10667.91749  
10735.0882  
10688.76855  
10696.94892  
10713.48166  
10701.60186  
10611.86026  
10592.87412  
10669.21122  
10683.28659  
10719.5964  
10703.2877  
10654.13817  
10641.25211  
10669.09278  
10587.43587  
10628.12882  
10613.35585  
10607.94286  
10622.67457  
10635.12624  
10632.66707  
10620.09678  
10607.82139  
10625.95131  
10671.09654  
10629.23221  
10685.49214  
10714.84022  
10673.64082  
10626.62503  
10676.02791  
10699.10562  
10683.91297  
10661.67342  
10664.93535  
10652.79421  
10636.89886  
10622.85689  
10623.01109  
10645.90162  
10664.1345  
10653.25167  
10642.43415  
10638.08264  
10636.33699  
10649.09782  
10642.67239  
10671.29364  
10701.80282  
10703.86959  
10695.48427  
10696.34465  
10693.07029  
10699.10261  
10673.23912  
10664.1827  
10659.56429  
10645.63398  
10648.32807  
10646.06327  
10638.00192  
10657.04004  
10654.64092  
10650.07306  
10669.17841  
10669.37532  
10690.61911  
10686.62677  
10717.16047  
10718.91853  
10677.89362  
10651.52803  
10641.64583  
10637.821  
10612.15888  
10616.11249  
10649.38183  
10671.08887  
10658.77282  
10642.72011  
10604.91019  
10588.6127  
10574.41153  
10608.45447  
10657.76194  
10673.37249  
10664.96221  
10654.20628  
10663.16433  
10660.4778  
10690.75756  
10634.61805  
10665.90477  
10658.52457  
10656.0105  
10660.40516  
10666.43712  
10665.02748  
10646.78751  
10679.33818  
10695.98416  
10703.39708  
10635.70351  
10682.54372  
10696.83353  
10694.46004  
10807.63849  
10710.06208  
10672.57605  
10663.02833  
10663.91428  
10587.93598  
10621.39203  
10670.62743  
10640.88189  
10642.30842  
10676.03937  
10568.38301  
10610.21602  
10708.73723  
10693.8926  
10724.19858  
10685.54506  
10712.19485  
10698.27046  
10622.12946  
10633.46396  
10659.57789  
10658.53473  
10655.64951  
10676.22318  
10693.08379  
10642.05797  
10623.67857  
10604.10611  
10638.29945  
10639.08095  
10647.90658  
10641.36001  
10685.04671  
10684.13698  
10678.26131  
10683.77327  
10687.86789  
10702.06464  
10652.62381  
10628.21471  
