10239.84756  
10269.36246  
10309.92176  
10333.69029  
10285.6845  
10253.41068  
10250.20884  
10259.91808  
10274.24951  
10270.41097  
10278.30238  
10288.17618  
10275.99494  
10380.67257  
10335.40257  
10343.38876  
10316.10172  
10308.88608  
10223.4037  
10207.23191  
10319.04439  
10329.60275  
10329.21321  
10290.37431  
10260.21885  
10228.10467  
10246.81862  
10187.63721  
10257.96173  
10235.16321  
10242.16892  
10237.81835  
10256.95791  
10254.19442  
10227.96099  
10218.28188  
10212.77501  
10274.43579  
10229.72606  
10273.96016  
10332.55623  
10275.15905  
10213.1475  
10291.2075  
10334.17667  
10301.47499  
10278.20446  
10267.7505  
10270.75083  
10257.89339  
10256.26868  
10219.50944  
10251.35369  
10298.57576  
10297.79756  
10257.09044  
10244.98492  
10256.19498  
10261.19802  
10237.43589  
10264.87606  
10316.93328  
10342.43253  
10358.47361  
10351.98687  
10361.81617  
10356.50573  
10288.67383  
10279.14144  
10270.29519  
10239.59497  
10258.25235  
10289.11931  
10260.34145  
10277.33681  
10299.21357  
10298.28226  
10303.18706  
10262.88384  
10291.3823  
10293.3602  
10337.94559  
10343.29795  
10341.44018  
10262.21365  
10243.26901  
10240.61357  
10228.10075  
10250.90125  
10302.17256  
10307.03536  
10247.98391  
10259.30124  
10214.87681  
10207.83302  
10184.10677  
10203.62807  
10255.22123  
10317.44256  
10271.43852  
10271.4097  
10258.5421  
10300.3653  
10342.06064  
10246.77513  
10274.42004  
10253.07168  
10244.29737  
10268.79404  
10296.27479  
10323.75716  
10284.24233  
10287.54077  
10335.95013  
10326.85125  
10239.97758  
10298.18686  
10315.88301  
10329.14771  
10463.81993  
10325.76599  
10266.26295  
10267.71545  
10305.54464  
10215.21756  
10223.73138  
10315.38831  
10258.50143  
10230.35761  
10273.9131  
10162.0025  
10214.9729  
10348.57711  
10326.90181  
10335.26305  
10288.49829  
10291.5989  
10303.23047  
10241.45916  
10255.65769  
10266.83239  
10285.22634  
10271.44306  
10278.80868  
10301.27445  
10295.46487  
10271.07836  
10221.19976  
10258.30362  
10253.84862  
10235.23714  
10246.93167  
10316.01073  
10320.80089  
10293.84085  
10294.61976  
10340.90199  
10340.87462  
10262.17577  
10235.45922  
