10874.00289  
10923.9831  
10984.78624  
10926.17869  
10953.86433  
10900.41811  
10946.72121  
10988.76521  
10923.99789  
10907.60416  
10880.6307  
10864.54262  
10966.87603  
10992.47393  
10896.70714  
10961.03324  
11017.31199  
10987.48697  
10915.37542  
10844.82795  
10905.25677  
10928.13142  
11007.05416  
10997.96289  
10942.7424  
10955.97477  
10975.8208  
10895.78123  
10908.83618  
10860.94904  
10875.83601  
10826.11839  
10850.09715  
10902.99611  
10896.3894  
10866.49377  
10916.04496  
10935.55906  
10895.76702  
10977.56117  
10998.73856  
10952.71641  
10931.11865  
10970.89786  
10931.29306  
10960.75507  
10959.34211  
10964.98567  
10949.56383  
10907.37615  
10911.74951  
10893.83597  
10884.88681  
10903.99611  
10864.20595  
10915.66675  
10889.53713  
10879.2797  
10917.34399  
10920.87158  
10970.27298  
10976.81742  
10902.62558  
10937.70639  
10938.57261  
10920.49479  
10950.36844  
10927.03885  
10947.97867  
10905.95421  
10924.19043  
10924.50337  
10868.46076  
10883.98111  
10919.61665  
10894.33838  
10903.66153  
10933.03688  
10992.14104  
11004.42685  
10963.94449  
10967.26733  
10935.54386  
10887.94231  
10915.5919  
10927.27497  
10934.09204  
10896.90198  
10843.99683  
10889.42226  
10951.66586  
10967.57708  
10926.83991  
10866.88381  
10816.30669  
10825.538  
10899.20717  
10953.31471  
10885.17538  
10910.05751  
10952.04531  
10952.58562  
10928.97515  
10939.63759  
10901.44514  
10964.34987  
10920.97232  
10941.97569  
10909.30615  
10971.78137  
10904.36128  
10884.90144  
10962.13007  
10950.74768  
10941.77328  
11000.57054  
11004.44268  
11008.37528  
10928.43113  
11044.87458  
10974.25652  
10954.31335  
10965.4412  
10860.41481  
10835.6679  
10913.47522  
10951.84117  
10859.49409  
10947.80572  
11049.61243  
10923.92578  
10949.04403  
11028.70878  
11005.49233  
10999.61966  
10962.15852  
10986.50595  
10974.38695  
10864.13674  
10907.98125  
10940.24789  
10875.94702  
10862.49717  
10956.5722  
10955.46268  
10869.72818  
10872.53957  
10903.3995  
10937.36921  
10910.87793  
10939.83379  
10903.91935  
10936.7809  
10895.65869  
10957.99311  
11021.1392  
10918.00734  
10962.1687  
10920.79506  
10895.38557  
