10809.75374  
10770.31252  
10868.52915  
10870.21846  
10836.09257  
10791.83242  
10808.50728  
10782.6981  
10804.98107  
10782.82442  
10690.30454  
10858.6057  
10932.89087  
10865.82719  
10768.12302  
10788.58232  
10757.23191  
10792.9519  
10749.70154  
10770.39679  
10835.09701  
10874.45476  
10895.81737  
10820.46949  
10859.4488  
10786.14416  
10725.7794  
10770.90611  
10804.88856  
10872.69437  
10819.1427  
10757.52423  
10850.49201  
10839.79257  
10843.01511  
10928.61147  
10844.62962  
10770.35757  
10781.09403  
10894.05349  
10857.96269  
10751.96931  
10719.03521  
10727.83924  
10843.56537  
10812.55077  
10837.62492  
10833.63945  
10723.16109  
10717.05825  
10756.74712  
10741.56389  
10765.46052  
10866.29507  
10937.66944  
10899.09297  
10913.48195  
10903.10458  
10880.94129  
10913.79515  
10857.47572  
10839.1259  
10897.2664  
10860.97627  
10757.93991  
10755.84968  
10755.00834  
10832.80458  
10887.88024  
10900.00605  
10881.82318  
10774.31962  
10859.56548  
10845.91818  
10823.98698  
10797.69146  
10818.1972  
10880.01726  
10856.60729  
10759.22109  
10696.22385  
10713.31535  
10818.60877  
10970.38645  
10816.5885  
10837.36716  
10764.1568  
10630.67109  
10633.51114  
10720.62792  
10778.61704  
10789.428  
10757.0412  
10742.57264  
10773.72598  
10740.47944  
10828.53103  
10801.42602  
10779.79046  
10766.57189  
10772.48694  
10772.46533  
10860.9417  
10913.37552  
10830.51584  
10717.12075  
10794.43751  
10869.57465  
10877.8641  
10861.94929  
10784.11741  
10801.46613  
10836.40801  
10752.37843  
10759.37687  
10811.56975  
10788.72506  
10820.12758  
10823.8466  
10779.69452  
10798.19791  
10836.51351  
10852.94055  
10837.81678  
10801.49113  
10742.1798  
10810.6598  
10822.98753  
10863.16298  
10817.63397  
10801.25193  
10777.98341  
10811.44422  
10829.8232  
10761.56698  
10796.85373  
10839.79021  
10896.09955  
10754.67424  
10833.93364  
10874.54338  
10739.87929  
10819.13424  
10899.06806  
10848.85683  
10802.56313  
10761.90652  
10791.06106  
10815.58843  
10804.36437  
10783.35183  
10805.28129  
10778.99439  
10726.79704  
10897.87918  
10855.42156  
10728.70795  
10832.24325  
10851.7583  
10827.54393  
