10648.16489  
10542.90189  
10560.74417  
10576.30469  
10644.29627  
10528.71364  
10501.52712  
10555.27629  
10504.89536  
10527.28951  
10391.12921  
10447.75195  
10609.53844  
10608.99482  
10485.73798  
10583.90755  
10493.18369  
10704.08479  
10577.98796  
10582.60872  
10629.42468  
10575.6732  
10509.72684  
10533.49507  
10535.69792  
10632.32585  
10474.56726  
10516.71885  
10617.64335  
10592.12012  
10509.44454  
10451.03794  
10577.21026  
10622.27885  
10643.95338  
10677.38992  
10643.02852  
10475.70247  
10504.01377  
10607.34856  
10697.06225  
10492.23117  
10465.07081  
10474.32407  
10607.40705  
10574.0765  
10593.22566  
10663.05071  
10576.26222  
10434.67771  
10637.64458  
10420.33423  
10477.04793  
10585.44201  
10624.01467  
10547.36476  
10556.6082  
10552.0017  
10556.23215  
10649.62277  
10526.01077  
10487.89005  
10559.86771  
10481.83899  
10489.2202  
10652.20202  
10508.49775  
10649.87713  
10576.38502  
10598.44371  
10716.8269  
10507.89663  
10589.83173  
10596.48417  
10534.32715  
10586.49176  
10691.79036  
10609.77151  
10620.82958  
10509.08146  
10475.27524  
10473.55879  
10531.71968  
10615.00205  
10650.88224  
10506.66702  
10632.06616  
10490.16176  
10391.07807  
10492.04883  
10549.23443  
10557.12157  
10561.12856  
10519.0777  
10462.2814  
10523.85126  
10616.90938  
10526.52048  
10517.44358  
10481.00816  
10546.94429  
10567.21885  
10526.82695  
10694.75816  
10578.82797  
10418.68452  
10536.06475  
10626.47015  
10619.88394  
10603.28441  
10458.10404  
10606.63421  
10645.60464  
10474.37044  
10512.96176  
10574.04733  
10468.64563  
10462.12305  
10621.73147  
10522.3891  
10452.97669  
10529.94864  
10666.48152  
10596.26575  
10531.95287  
10471.42874  
10509.43364  
10534.34723  
10573.51127  
10593.71968  
10510.61256  
10616.41915  
10461.56899  
10629.91822  
10500.0779  
10448.43084  
10634.52366  
10592.2061  
10566.06175  
10620.42245  
10597.01833  
10540.69136  
10499.3624  
10549.52031  
10581.91536  
10495.65069  
10457.06668  
10512.27168  
10679.83767  
10574.63795  
10568.21497  
10480.61879  
10464.70903  
10521.74762  
10565.96554  
10657.23137  
10421.0964  
10662.46938  
10660.79132  
10556.5967  
