12549.83426  
12666.34603  
12736.02127  
12629.23205  
12636.55405  
12615.27622  
12512.23007  
12525.30716  
12597.45475  
12589.62207  
12423.52353  
12594.86711  
12654.21661  
12736.78405  
12609.47449  
12664.88195  
12602.05227  
12681.92496  
12621.59658  
12712.35851  
12695.34717  
12686.87299  
12630.77734  
12544.95776  
12574.67644  
12644.21541  
12613.09627  
12699.51925  
12673.64058  
12577.7952  
12514.1613  
12470.85959  
12535.94096  
12638.81926  
12667.67163  
12738.09009  
12737.35386  
12650.7667  
12646.90462  
12723.57169  
12736.2873  
12533.36947  
12509.07596  
12663.91518  
12601.4963  
12673.2069  
12631.27801  
12638.18003  
12529.23524  
12513.84938  
12636.70115  
12588.23484  
12628.29039  
12735.82321  
12751.93183  
12626.45552  
12584.50828  
12624.20228  
12609.93756  
12619.88739  
12523.68509  
12552.59032  
12656.15409  
12547.16453  
12454.00162  
12577.44489  
12536.74428  
12624.47256  
12835.5086  
12749.91913  
12738.27193  
12570.58805  
12620.87238  
12771.47469  
12670.47955  
12710.74033  
12648.34048  
12643.32955  
12550.48947  
12373.04872  
12470.15138  
12581.02573  
12650.8178  
12749.32197  
12595.19685  
12584.75645  
12697.09763  
12464.32959  
12449.51973  
12538.87847  
12615.47119  
12565.18377  
12503.57024  
12563.54706  
12588.4949  
12580.96158  
12662.12981  
12698.18479  
12581.61812  
12617.60588  
12663.61189  
12605.8641  
12608.27483  
12682.97135  
12565.8403  
12521.26176  
12552.55313  
12664.51969  
12722.10897  
12745.59327  
12706.41935  
12807.86839  
12871.11219  
12693.24212  
12679.20078  
12717.86523  
12635.33101  
12655.27935  
12760.71327  
12638.02558  
12560.67042  
12574.26535  
12650.66067  
12571.60267  
12548.79168  
12621.75435  
12645.1391  
12580.86607  
12574.82476  
12636.64528  
12635.60997  
12573.16544  
12443.04756  
12541.35336  
12490.20228  
12523.19557  
12630.41049  
12758.04352  
12595.09149  
12528.76722  
12585.59537  
12549.3407  
12584.77363  
12660.98111  
12675.2914  
12630.13061  
12551.62646  
12683.50009  
12756.25431  
12734.99302  
12733.60369  
12665.41266  
12616.28861  
12521.99268  
12603.96368  
12634.16897  
12519.00844  
12650.18017  
12543.98315  
12654.49829  
