10782.64054  
10773.12962  
10662.84117  
10595.13467  
10674.83202  
10737.24785  
10648.14275  
10705.71986  
10680.95407  
10587.88596  
10560.89092  
10689.52702  
10738.9394  
10697.13155  
10603.91932  
10606.31711  
10621.27809  
10693.33273  
10657.53972  
10818.32918  
10631.6241  
10623.28894  
10576.29401  
10641.17158  
10787.53736  
10605.16077  
10689.24936  
10769.2361  
10780.00496  
10727.79173  
10562.44695  
10640.79268  
10758.48337  
10840.20488  
10724.68221  
10672.41347  
10639.04877  
10630.5144  
10693.29993  
10838.84218  
10811.78516  
10597.86924  
10581.59251  
10687.42359  
10770.41988  
10712.53638  
10632.96955  
10697.98735  
10645.53243  
10673.25829  
10663.27051  
10650.2523  
10674.84596  
10725.5938  
10833.30897  
10656.64114  
10652.41114  
10714.25759  
10732.63418  
10618.80078  
10527.24865  
10577.3749  
10742.18237  
10605.43334  
10575.04309  
10629.33247  
10724.15231  
10655.46923  
10749.43769  
10792.74541  
10787.3042  
10657.27323  
10853.85561  
10615.36734  
10609.60335  
10710.07438  
10747.01152  
10640.18443  
10590.33458  
10617.74098  
10712.44378  
10690.65364  
10523.4029  
10648.204  
10688.53026  
10630.23626  
10758.91031  
10539.09404  
10588.7795  
10675.2226  
10683.82153  
10640.26075  
10771.20773  
10603.65982  
10586.14414  
10677.54136  
10648.34526  
10579.95118  
10561.53957  
10630.39905  
10675.57946  
10796.74253  
10732.3933  
10772.05022  
10598.58149  
10654.99153  
10705.19355  
10852.88088  
10795.29562  
10664.51911  
10691.99658  
10813.91217  
10762.27372  
10622.29307  
10740.02831  
10708.6421  
10616.12398  
10584.28805  
10676.11218  
10635.5078  
10598.0393  
10748.33418  
10747.29792  
10646.85822  
10663.67436  
10666.83724  
10757.09867  
10619.92766  
10633.72279  
10674.8273  
10580.81559  
10619.50559  
10674.27919  
10612.83925  
10538.90064  
10663.53317  
10841.21138  
10627.23103  
10658.36634  
10716.0766  
10654.5101  
10673.07775  
10721.04587  
10656.35201  
10622.70254  
10627.34665  
10658.78957  
10725.36242  
10746.70625  
10652.04545  
10612.55611  
10570.31106  
10622.3212  
10658.47694  
10784.68352  
10668.07673  
10647.48686  
10942.22113  
10694.6305  
10645.37822  
