10991.73909  
11046.85628  
11106.6138  
11076.15406  
11021.74519  
11032.24186  
11076.6348  
11084.80164  
10988.43699  
10955.08142  
11035.42876  
11025.73483  
11169.23222  
11015.45502  
11046.27972  
10961.94628  
11058.71599  
10974.33115  
11088.8354  
11086.10636  
11050.09554  
11059.87171  
11141.01757  
11147.69415  
11044.64326  
10976.00711  
11049.14985  
11055.57656  
11091.4886  
11099.49874  
11029.5409  
11088.59306  
11123.18918  
11107.34236  
11005.23838  
11037.07272  
11026.37757  
11090.13304  
11095.67479  
11160.79308  
11072.66838  
11035.48432  
11072.5127  
11116.57831  
11055.26809  
11058.18447  
11063.15459  
11002.10688  
11026.82892  
11040.42621  
10960.29257  
11058.25605  
11085.61484  
11089.68529  
11059.28744  
11029.78326  
11077.08617  
11065.86894  
11034.50447  
11023.24237  
11094.46439  
11074.16829  
11122.90686  
11003.51481  
11086.98509  
11019.40369  
11001.47463  
10983.04405  
11062.01878  
11105.75384  
11037.39431  
11013.76618  
11045.92558  
10977.7222  
11041.16601  
11102.42929  
11041.04355  
11034.80156  
10992.75364  
11059.46381  
11048.24809  
11010.97251  
11030.62471  
11120.86254  
11055.24084  
11045.45025  
11032.8587  
10925.16246  
11000.19516  
11065.81685  
11047.78282  
11113.88806  
11030.11594  
10942.29471  
10982.97506  
11090.39028  
11041.34524  
11007.39303  
11052.2596  
11101.50604  
11115.50881  
11095.48914  
11112.53035  
11053.94677  
10997.81951  
11074.84918  
11025.49539  
11043.43817  
11085.79356  
11069.91313  
11133.97482  
11011.81245  
11007.34995  
11032.35057  
11118.0573  
11019.15112  
10986.17305  
11070.45521  
11024.78377  
11041.17137  
11076.12801  
11083.77932  
11021.64111  
11022.82954  
11015.91632  
11113.38785  
11044.08811  
11020.36615  
11035.36783  
11056.87915  
11064.37042  
11063.08834  
11111.05674  
11035.0506  
10990.78645  
11121.79094  
11129.89492  
11030.66579  
11101.2258  
11020.84879  
11002.60479  
11079.81519  
11083.52246  
11068.8579  
11041.24177  
11073.46768  
11063.5094  
11010.02175  
10985.554  
10977.8411  
10967.3745  
11037.75018  
11082.97143  
11108.71885  
11118.48219  
11025.11818  
11020.09604  
11095.53274  
11058.78474  
11014.77599  
