11048.27748  
11062.5271  
11001.98961  
10799.65822  
10845.36082  
10975.17337  
10921.58318  
11088.22049  
10919.92538  
10737.69493  
10908.6249  
11093.20925  
11144.68159  
10846.77747  
10916.04272  
10730.8798  
10944.0241  
10767.12149  
10865.01683  
11107.6401  
10793.85941  
10831.26001  
10792.83472  
10904.9755  
11128.23417  
10753.01882  
11058.89936  
11117.62373  
11087.5317  
10953.86872  
10740.08132  
10981.12987  
11163.05275  
11224.38023  
10863.11935  
10830.90015  
10889.51083  
10976.44179  
11080.604  
11241.64471  
11036.89418  
10827.18917  
10865.57378  
11036.89924  
11080.46472  
10942.52928  
10814.7172  
10800.92439  
10916.32452  
11073.48375  
10821.09351  
10957.10453  
11084.93251  
10959.77436  
11103.08988  
10864.10285  
10883.34215  
11075.34708  
10897.96946  
10759.34473  
10668.19904  
10840.61002  
11099.28629  
10817.8766  
10838.15747  
10763.63869  
11157.16326  
10745.31496  
11005.19557  
11141.10866  
10988.26697  
10869.21486  
11323.34283  
10794.18816  
10851.78333  
11151.28695  
10960.44568  
10822.71605  
10741.54564  
10808.36522  
11092.41696  
10967.61565  
10721.41178  
10886.73849  
10882.50307  
10981.6585  
11061.51193  
10747.66009  
10968.89685  
11071.34363  
11022.85245  
10902.11598  
11139.01494  
10725.49922  
10784.90892  
11085.55326  
10758.72832  
10737.71694  
10706.09942  
10924.00635  
11081.39692  
11204.88524  
11054.80451  
10934.21687  
10765.48915  
11011.47564  
11008.71373  
11083.65812  
11000.33505  
10877.10957  
11078.08189  
11142.63231  
10917.35631  
10866.97956  
11145.36004  
10912.16507  
10868.72304  
10911.26167  
10871.98233  
10858.22138  
10938.7783  
11126.91441  
10900.79604  
10792.10229  
10894.60266  
11013.61483  
11095.90445  
10805.5383  
10841.60263  
10883.91429  
10769.2462  
10830.01325  
11127.68532  
10774.80042  
10719.39373  
11112.94592  
11217.67843  
10842.3141  
10920.41621  
10872.22566  
10864.76107  
10868.27436  
11162.88967  
10884.40962  
10844.6807  
10859.27945  
11059.24883  
11020.76662  
10911.73467  
10820.66312  
10815.05127  
10774.47363  
10933.69657  
11056.28109  
11164.41166  
10808.21341  
10862.43386  
11382.26578  
10892.67128  
10861.05931  
