11147.01676  
11142.54989  
11124.25428  
10977.62701  
11076.42506  
11133.4015  
11068.11139  
11162.9818  
11060.26266  
10935.63027  
11033.44127  
11100.90342  
11194.93129  
11048.90384  
11047.84584  
10949.31597  
11100.34486  
10989.43515  
11046.50902  
11176.04263  
10989.18881  
11011.63689  
11005.75911  
11083.09376  
11223.56172  
10990.18474  
11139.85437  
11167.83472  
11182.7419  
11088.0854  
10921.94815  
11098.95506  
11222.10036  
11272.31288  
11020.94474  
11013.88599  
11117.39918  
11091.80664  
11138.94514  
11252.09593  
11215.35604  
11007.6567  
11053.44168  
11147.76147  
11210.18975  
11076.58248  
10957.86766  
11044.30931  
11068.59653  
11110.26489  
11025.56421  
11034.87797  
11135.8085  
11075.49609  
11188.88299  
11031.30908  
11013.21332  
11195.79667  
11028.44662  
11010.06547  
10929.71436  
11007.59905  
11201.81208  
11001.29231  
10982.92533  
10944.78033  
11195.13953  
10945.02221  
11117.34171  
11217.6814  
11189.4806  
11052.98735  
11298.86506  
10992.78281  
11023.49029  
11213.33147  
11083.58637  
10971.83494  
10923.77606  
10980.36381  
11135.85021  
11044.57296  
10897.68658  
11044.50559  
11083.42869  
11112.98547  
11253.09515  
10889.5993  
11059.17627  
11151.52347  
11169.82739  
11096.09116  
11224.63374  
10913.69495  
10958.03989  
11128.20402  
10987.23539  
10964.35061  
10938.61774  
11090.80814  
11162.82741  
11214.27317  
11138.8507  
11113.88199  
10963.51485  
11090.45904  
11069.19523  
11188.93534  
11134.68648  
11065.92803  
11180.65586  
11240.03434  
11106.21545  
11038.59243  
11204.70059  
11068.56871  
11041.16601  
11067.4295  
11092.99179  
11040.66076  
11058.937  
11167.84919  
11080.61649  
11010.67873  
11071.14461  
11122.24896  
11174.59878  
10960.08416  
11009.21108  
11095.92208  
10965.82829  
11019.27002  
11174.52451  
10930.91653  
10900.9703  
11140.22404  
11242.67203  
11032.78709  
11103.66261  
11046.89789  
11041.03714  
11029.5643  
11148.42087  
11016.16238  
11060.86561  
11047.18461  
11151.12284  
11096.34675  
11106.60798  
11027.61734  
11024.59243  
10969.72432  
11075.40394  
11101.85599  
11211.67929  
11003.28286  
11002.11202  
11394.23513  
11045.53927  
11079.55474  
