10867.25499  
10819.11118  
10849.39993  
10844.69346  
10896.60265  
10830.13721  
10736.37216  
10768.26079  
10721.48607  
10757.35043  
10730.11253  
10824.62682  
10749.84671  
10771.52489  
10805.18555  
10694.29775  
10698.91251  
10800.44469  
10805.8042  
10833.7145  
10858.25475  
10918.53288  
10814.8736  
10898.84909  
10830.1101  
10782.93126  
10766.74459  
10807.25221  
10785.02781  
10886.23716  
10800.12726  
10732.43229  
10738.59985  
10703.24717  
10758.44483  
10806.79831  
10786.22413  
10659.08114  
10811.76806  
10834.10745  
10843.29293  
10815.18855  
10771.75657  
10748.213  
10666.95264  
10736.94976  
10695.3469  
10781.10655  
10701.65311  
10755.56458  
10786.23674  
10666.86706  
10756.8457  
10741.9334  
10859.28505  
10782.07198  
10640.30903  
10805.52187  
10782.3175  
10721.41115  
10849.38614  
10847.9906  
10887.60362  
10868.73863  
10800.11035  
10840.99526  
10807.69343  
10766.76885  
10808.13602  
10871.24263  
10842.27898  
10827.69253  
10736.19037  
10807.01527  
10749.3079  
10873.03067  
10774.47403  
10842.38781  
10727.60336  
10788.79144  
10786.8466  
10770.72371  
10793.79889  
10813.74412  
10893.3539  
10859.55248  
10862.57524  
10820.10561  
10824.08337  
10837.59136  
10704.12733  
10844.87584  
10868.11035  
10776.59178  
10822.43396  
10758.48154  
10772.63113  
10724.46028  
10746.39314  
10745.31045  
10803.69035  
10809.94722  
10754.76041  
10830.06551  
10877.71053  
10738.28629  
10866.76778  
10802.78377  
10854.44439  
10914.57397  
10735.86109  
10766.95498  
10795.74131  
10751.08409  
10787.44251  
10914.79725  
10774.4864  
10828.37653  
10752.36759  
10814.89695  
10854.44876  
10732.53501  
10828.25322  
10805.79308  
10809.16784  
10785.64377  
10761.56515  
10855.95722  
10737.3023  
10771.49062  
10824.38707  
10674.77865  
10814.90555  
10847.03532  
10771.85302  
10830.12467  
10770.85081  
10823.06164  
10782.16068  
10702.3075  
10745.21466  
10881.32869  
10690.10485  
10860.44319  
10932.0217  
10774.93505  
10835.92283  
10848.52155  
10795.87268  
10807.74642  
10742.81559  
10766.02945  
10783.32515  
10819.92997  
10792.71875  
10718.37897  
10771.85649  
10825.30755  
10930.34255  
10769.45002  
