10855.9351  
10798.93862  
10826.70021  
10836.48614  
10798.85645  
10843.81014  
10778.89569  
10805.38515  
10767.04931  
10763.73744  
10808.11992  
10863.33282  
10749.33462  
10750.98957  
10718.76292  
10724.97903  
10765.0553  
10782.42819  
10737.08065  
10793.84454  
10779.12394  
10860.53998  
10839.96492  
10769.5458  
10784.79864  
10784.25546  
10767.08293  
10787.84602  
10793.75719  
10753.75786  
10782.68649  
10749.35324  
10743.64883  
10779.00477  
10777.97231  
10796.70331  
10755.55324  
10744.56976  
10712.35206  
10814.50321  
10863.09102  
10793.36004  
10789.37601  
10728.48865  
10709.81248  
10776.50859  
10743.8772  
10800.89268  
10729.59054  
10799.36176  
10707.90692  
10725.49588  
10762.61705  
10765.30735  
10862.34318  
10767.10431  
10747.51922  
10796.67219  
10750.06406  
10777.02522  
10813.65541  
10774.06604  
10892.73866  
10792.65598  
10798.45226  
10835.45063  
10781.42179  
10803.30369  
10842.51789  
10821.06553  
10863.5433  
10781.24673  
10797.54892  
10787.40442  
10815.77817  
10799.08354  
10853.18421  
10780.30152  
10802.46045  
10769.48269  
10804.35689  
10783.87957  
10768.81135  
10850.75532  
10816.53399  
10893.26167  
10818.14673  
10774.25278  
10830.89232  
10735.68182  
10782.05014  
10826.97135  
10755.51826  
10829.42248  
10806.21913  
10779.25305  
10801.1852  
10734.44491  
10725.22592  
10775.87698  
10830.46873  
10793.77701  
10758.50745  
10819.88714  
10756.21406  
10786.75155  
10822.18803  
10781.8891  
10878.02051  
10795.1334  
10787.5219  
10809.93933  
10749.10241  
10711.27992  
10808.31727  
10781.32878  
10847.37885  
10819.72871  
10783.43575  
10841.03897  
10755.35439  
10823.61847  
10828.14018  
10779.25184  
10830.7306  
10809.95279  
10807.52574  
10756.07451  
10753.75096  
10790.3141  
10730.98236  
10738.65085  
10830.91369  
10760.46307  
10784.86827  
10795.83395  
10768.19945  
10825.11886  
10759.0873  
10780.41805  
10797.86686  
10737.32141  
10797.77451  
10881.45161  
10773.46586  
10796.63082  
10800.29712  
10757.90049  
10838.29536  
10805.83676  
10738.68231  
10766.77908  
10796.67656  
10832.58636  
10774.73149  
10780.74341  
10840.36362  
10802.61829  
10789.71046  
10773.44477  
