10915.04517  
10907.83864  
11089.31325  
11072.06205  
11004.75378  
10881.86568  
10887.8217  
10924.11873  
10875.60059  
10866.83335  
10845.89284  
11049.32542  
11010.58162  
11034.8135  
10949.43781  
10890.63177  
10827.2616  
10981.25397  
10955.56494  
11009.97052  
10949.01839  
11035.19399  
10989.83673  
10983.41372  
10995.47329  
10896.09692  
10963.5647  
11031.70546  
11056.77439  
11055.61641  
10929.89954  
11040.83071  
10972.56409  
10922.95642  
10910.711  
11003.40542  
10919.9637  
10894.10732  
10876.86436  
10931.24176  
10954.11491  
10982.7454  
10856.83962  
10879.12319  
11000.89231  
10819.1733  
10792.30459  
10936.41402  
10828.82212  
10839.16797  
10768.44503  
10843.11542  
10963.76158  
10911.4883  
10991.71641  
10815.54266  
10837.32406  
11081.12295  
10984.48779  
11008.71092  
10931.08748  
10926.7665  
10991.27614  
10925.63481  
10956.23275  
10975.39699  
11022.74266  
11012.34845  
11013.18744  
10990.82416  
10968.53477  
11040.4788  
10956.19307  
10951.79305  
11012.54014  
10988.35315  
10936.9812  
10821.18229  
10836.29519  
10807.0282  
10943.65397  
10955.19008  
10995.26182  
10925.10022  
11017.77936  
10932.40234  
10935.96143  
10921.53066  
10976.97465  
10995.73816  
10931.27968  
10975.955  
10988.55229  
10880.04612  
10940.32906  
11032.72343  
10941.56049  
10870.17865  
10956.04582  
11016.71175  
10883.97858  
10962.26622  
10913.21875  
11042.0894  
10921.06683  
10966.05306  
10985.35421  
10897.07971  
11068.16105  
10896.98997  
10890.15651  
11000.00633  
10967.25057  
11016.56677  
10942.34418  
10925.06374  
10865.57664  
10959.77205  
10901.60805  
10909.83305  
10976.31704  
10946.70664  
11092.13255  
11047.77869  
10901.6462  
10883.50924  
10961.3219  
10926.50614  
10990.59845  
10849.80918  
10937.05845  
10833.27818  
10939.55688  
10980.16418  
10990.63554  
10974.81016  
10920.19832  
10914.35409  
10968.10177  
10965.60406  
11057.87152  
10990.47485  
10897.33101  
11026.57135  
10976.53723  
10948.75197  
10966.83321  
10891.56443  
10974.6578  
10977.66121  
10917.04515  
10991.27175  
11005.05479  
11114.66465  
10865.76436  
10899.21438  
10914.67  
10978.70351  
11002.1995  
10858.84882  
