10594.56889  
10659.08928  
10696.27456  
10725.90205  
10710.82102  
10586.23451  
10672.80571  
10576.41059  
10651.61069  
10617.71745  
10595.787  
10676.61989  
10558.1787  
10621.22772  
10614.19661  
10502.95966  
10481.8629  
10603.01482  
10578.51309  
10663.18072  
10644.70235  
10636.66119  
10630.27126  
10655.53082  
10634.9721  
10562.49786  
10571.67188  
10623.90177  
10628.05527  
10691.55502  
10595.8146  
10649.53765  
10551.23792  
10494.22018  
10514.3245  
10566.44509  
10590.46929  
10530.56237  
10568.28043  
10597.28746  
10557.49897  
10567.15595  
10581.77436  
10566.36575  
10565.97673  
10554.84217  
10535.32799  
10623.04781  
10626.77446  
10580.0816  
10555.09969  
10485.0293  
10549.61672  
10624.01097  
10570.28548  
10544.23768  
10512.00428  
10591.10004  
10643.65814  
10550.86631  
10575.07032  
10645.0418  
10690.40513  
10662.30246  
10678.36214  
10662.7918  
10741.69949  
10632.16194  
10712.58375  
10740.83666  
10657.28205  
10746.43436  
10540.7633  
10610.24548  
10666.05121  
10683.53739  
10614.80444  
10645.33331  
10534.21795  
10542.66465  
10580.7481  
10656.61283  
10634.56158  
10579.86014  
10707.87695  
10569.38842  
10621.47133  
10639.84437  
10583.66223  
10715.38703  
10547.82037  
10605.13517  
10696.81883  
10546.20106  
10657.23133  
10694.33153  
10594.42024  
10598.46154  
10668.80797  
10584.50004  
10543.92044  
10643.2907  
10631.83488  
10642.59448  
10642.93174  
10582.77217  
10639.17239  
10684.78222  
10637.57853  
10623.6429  
10548.86727  
10653.8193  
10683.81989  
10635.40661  
10537.76725  
10672.62032  
10553.47476  
10664.0749  
10629.89867  
10577.23811  
10730.23408  
10575.87657  
10681.58411  
10645.44257  
10528.08774  
10582.29276  
10564.76103  
10627.38677  
10641.43949  
10554.83566  
10692.9602  
10537.76285  
10544.33338  
10665.36202  
10550.26612  
10637.60377  
10676.07405  
10597.01835  
10702.62821  
10586.95829  
10647.14027  
10670.85924  
10519.73578  
10612.41291  
10656.85948  
10628.86596  
10638.31221  
10627.32285  
10630.53342  
10693.63903  
10664.5655  
10595.01004  
10653.74492  
10673.83563  
10596.17129  
10587.26024  
10520.061  
10612.96926  
10731.51054  
10517.58121  
