9512.525348  
9521.884086  
9657.94837  
9616.133322  
9519.397843  
9441.261018  
9422.231827  
9448.591287  
9415.668032  
9429.805133  
9448.590523  
9505.980256  
9577.387356  
9444.206607  
9504.340566  
9539.390243  
9528.350267  
9524.067807  
9539.555728  
9615.024796  
9553.398522  
9647.689283  
9628.55507  
9578.223017  
9570.259001  
9483.415209  
9541.386974  
9658.627505  
9614.675972  
9565.78471  
9528.037534  
9532.412216  
9528.611901  
9507.465438  
9409.978218  
9529.004522  
9442.812436  
9493.248493  
9466.712339  
9521.947966  
9483.055813  
9409.951979  
9411.095639  
9420.00552  
9513.634235  
9392.18837  
9376.255138  
9563.696523  
9367.018618  
9446.34116  
9413.194845  
9340.793945  
9475.202255  
9433.875361  
9583.641007  
9396.09927  
9459.596361  
9608.58029  
9455.483759  
9499.657418  
9509.584027  
9484.487199  
9608.19164  
9490.215863  
9515.929348  
9587.250361  
9584.775284  
9584.564071  
9587.072075  
9577.158967  
9492.829738  
9527.452658  
9528.344705  
9502.269637  
9532.623195  
9562.772567  
9547.695971  
9491.403596  
9382.172724  
9389.225098  
9533.035942  
9489.850586  
9494.048128  
9541.109778  
9534.139967  
9567.81112  
9507.762801  
9462.181789  
9500.050526  
9504.716733  
9467.785326  
9562.987071  
9547.099333  
9538.742846  
9507.966415  
9518.291483  
9552.557405  
9511.786409  
9457.123195  
9546.488961  
9526.405189  
9539.389967  
9477.552331  
9675.867952  
9561.582116  
9506.347656  
9621.535029  
9543.987177  
9613.789169  
9455.854598  
9416.664657  
9600.023268  
9468.786812  
9461.498153  
9472.671387  
9510.390731  
9494.946183  
9566.109545  
9460.678668  
9505.84462  
9567.045856  
9515.942977  
9600.072754  
9539.46064  
9454.857719  
9500.160071  
9547.898119  
9474.167013  
9477.234736  
9468.287385  
9484.62725  
9412.602242  
9483.336596  
9527.903618  
9571.491338  
9559.826936  
9466.448815  
9533.641962  
9589.530082  
9567.741105  
9627.832265  
9532.182978  
9465.507961  
9603.046514  
9531.981488  
9484.468792  
9512.842285  
9444.572818  
9553.167926  
9589.91402  
9497.725989  
9539.185228  
9523.405762  
9628.721807  
9426.652492  
9462.854322  
9515.803244  
9520.491614  
9535.895041  
9473.647631  
