10508.62146  
10515.19743  
10633.02787  
10626.18276  
10533.46237  
10476.2989  
10514.66099  
10526.03939  
10524.79426  
10488.97507  
10502.82238  
10591.18494  
10510.53911  
10490.41016  
10486.89959  
10449.13119  
10452.75471  
10503.7503  
10502.1137  
10599.04628  
10526.72482  
10558.18519  
10552.59632  
10536.89521  
10523.32172  
10443.81314  
10490.27713  
10582.2959  
10564.40134  
10562.37669  
10492.89016  
10537.36537  
10486.45002  
10449.09969  
10401.16101  
10520.45158  
10480.37326  
10471.53811  
10452.95618  
10484.02445  
10467.49779  
10456.21755  
10476.35644  
10448.8841  
10509.90201  
10432.08843  
10417.15641  
10550.01955  
10463.2469  
10463.74466  
10423.3185  
10387.41228  
10493.47078  
10464.42904  
10514.41725  
10396.57784  
10416.0199  
10547.4022  
10486.95026  
10483.08429  
10466.91756  
10494.02336  
10617.58301  
10509.56502  
10547.99631  
10589.85862  
10616.03654  
10576.29576  
10602.23559  
10614.58922  
10543.68931  
10575.29276  
10507.50476  
10509.2623  
10569.2618  
10581.78008  
10525.16209  
10513.75664  
10436.94459  
10409.5029  
10520.0015  
10526.961  
10527.59237  
10503.93613  
10572.95963  
10520.21869  
10499.97299  
10506.86297  
10501.40971  
10543.01698  
10469.60587  
10527.03947  
10555.95008  
10496.51797  
10518.42934  
10564.87773  
10531.45856  
10489.84021  
10511.88331  
10533.49673  
10491.74564  
10535.64562  
10498.35428  
10596.40484  
10505.89009  
10502.22959  
10570.99803  
10535.58039  
10579.83179  
10485.85312  
10461.76145  
10581.89426  
10531.84567  
10510.20381  
10481.79426  
10538.52934  
10490.70762  
10563.35559  
10493.55763  
10503.34694  
10598.24497  
10502.20827  
10594.75792  
10554.90417  
10451.369  
10466.42508  
10527.83768  
10500.98507  
10525.18242  
10466.25946  
10527.7299  
10450.85768  
10464.25799  
10548.12908  
10527.6056  
10546.2421  
10521.30789  
10521.66419  
10577.49461  
10528.27858  
10582.14609  
10529.41614  
10448.14003  
10564.23508  
10514.61166  
10527.3846  
10537.40584  
10464.69765  
10549.00004  
10583.52256  
10515.23532  
10544.19345  
10532.07003  
10609.8629  
10465.79703  
10489.34431  
10480.72964  
10499.35769  
10578.5415  
10464.89443  
