10853.02856  
10763.62564  
10744.94154  
10778.68002  
10859.24404  
10779.72377  
10758.71356  
10843.95038  
10801.8799  
10764.32752  
10823.26896  
10734.95617  
10766.50163  
10800.90617  
10861.12921  
10826.5201  
10741.13682  
10788.44607  
10807.83962  
10736.28926  
10739.14052  
10870.98986  
10907.15509  
10838.66554  
10845.82765  
10869.06033  
10833.8452  
10762.74766  
10726.05339  
10723.41629  
10739.86778  
10745.51603  
10769.67477  
10882.65293  
10848.6805  
10822.30272  
10795.40958  
10856.92874  
10785.54945  
10762.46265  
10781.53204  
10755.11124  
10650.50581  
10738.06668  
10889.51443  
10891.71385  
10753.37002  
10665.08131  
10731.64305  
10756.00424  
10708.74882  
10671.64153  
10733.34752  
10844.67331  
10783.94876  
10717.5578  
10816.60983  
10803.89539  
10718.82708  
10722.94269  
10843.09665  
10874.01674  
10743.12751  
10930.97784  
10912.55502  
10955.0135  
10900.0901  
10905.4955  
10763.40361  
10683.33462  
10704.45329  
10685.31764  
10784.64685  
10871.7122  
10823.61151  
10687.89832  
10803.50589  
10785.90857  
10872.47065  
10858.48205  
10710.33114  
10763.45939  
10856.55656  
10767.14542  
10781.8796  
10821.70855  
10775.70656  
10879.14642  
10927.50847  
10846.69686  
10801.26694  
10842.48939  
10830.22725  
10794.3614  
10753.11916  
10757.75429  
10822.44392  
10699.06122  
10737.98006  
10768.54277  
10765.80228  
10951.66706  
10780.06178  
10788.86562  
10766.69841  
10698.6301  
10836.14837  
10813.36118  
10806.25818  
10872.78468  
10864.00271  
10790.1791  
10769.95171  
10845.18848  
10844.76302  
10747.60545  
10799.1941  
10784.87298  
10811.27473  
10858.89753  
10837.36059  
10932.97879  
10802.13514  
10805.68095  
10784.66155  
10874.53418  
10684.10254  
10840.82942  
10902.57282  
10802.58986  
10732.81588  
10877.80913  
10822.2612  
10757.42891  
10727.2268  
10738.2187  
10817.46235  
10879.22569  
10779.95557  
10813.00445  
10751.97682  
10731.3195  
10731.90814  
10822.73118  
10808.36958  
10775.33606  
10847.1452  
10827.29819  
10799.03445  
10896.89692  
10838.80063  
10844.87663  
10738.46235  
10716.03967  
10812.2463  
10727.44582  
10767.20999  
10789.69942  
10838.74116  
10793.8491  
