11614.13355  
11602.0577  
11567.31578  
11695.7423  
11727.48587  
11723.62937  
11718.96812  
11727.14224  
11597.75924  
11611.67223  
11608.45404  
11539.161  
11520.51132  
11660.47047  
11714.22782  
11658.86108  
11691.86904  
11699.1451  
11641.832  
11729.35237  
11641.08088  
11620.90438  
11711.76626  
11716.48029  
11721.46333  
11671.17647  
11675.70845  
11599.04343  
11534.52664  
11488.72206  
11549.88249  
11540.40018  
11588.43443  
11650.05193  
11689.02034  
11696.76129  
11745.5421  
11682.7982  
11734.73483  
11608.9578  
11617.79889  
11601.68614  
11626.32957  
11651.68411  
11732.76645  
11690.58057  
11577.67665  
11510.27496  
11463.50765  
11424.9907  
11441.10845  
11478.02906  
11431.28221  
11625.67176  
11625.37284  
11684.33152  
11600.35581  
11645.49073  
11714.41946  
11498.21596  
11539.62997  
11779.1086  
11422.822  
11638.87509  
11866.59289  
12089.31786  
11915.39263  
11734.76184  
11506.99326  
11320.43681  
11329.7179  
11411.3294  
11567.09123  
11850.11004  
11779.12826  
11479.13706  
11638.98535  
11637.70236  
11545.90826  
11544.20402  
11633.44726  
11660.30828  
11731.35931  
11757.51774  
11852.82042  
12143.47219  
11810.64837  
12081.36926  
11825.44208  
12085.69019  
11839.16654  
11709.68099  
11631.64068  
11486.66885  
11372.45191  
11643.84637  
11601.53265  
11410.0891  
11686.8768  
11650.28481  
11643.38817  
11504.08902  
11540.54576  
11624.78815  
11605.72963  
11725.76432  
11737.21206  
11631.29972  
11559.63162  
11871.83267  
11886.78538  
11765.97551  
11494.63256  
11599.21159  
11723.20566  
11818.54627  
11626.55108  
11686.52311  
11902.57377  
11755.77559  
11708.19  
11618.20687  
11620.46219  
11846.63456  
11421.09337  
11628.75718  
11512.79194  
11488.18073  
11979.96745  
11682.98026  
11605.63267  
11702.01229  
11837.1549  
11538.28665  
11542.88477  
11513.56875  
11625.33274  
11580.22468  
11574.36124  
11592.69363  
11749.3985  
11559.01966  
11623.37568  
11645.65662  
11686.55605  
11705.19406  
11681.19119  
11590.04251  
11540.55157  
11506.98184  
11712.25668  
11785.29729  
11620.7362  
11517.04044  
11507.40491  
11606.45139  
11771.33177  
11757.21212  
11899.52358  
11598.10201  
