10878.1654  
10890.39707  
10887.94944  
10890.36122  
10890.72699  
10876.43963  
10875.44326  
10837.81044  
10840.0563  
10825.36374  
10845.78399  
10894.91841  
10909.77178  
10864.63478  
10853.39738  
10886.43656  
10905.21453  
10909.71199  
10976.62878  
10891.09528  
10911.85834  
10870.59651  
10837.5232  
10854.16837  
10859.73115  
10947.25405  
10916.06437  
10937.75157  
10933.95637  
10899.36141  
10824.34173  
10831.09923  
10873.27767  
10874.77662  
10834.47699  
10836.2967  
10841.54584  
10873.24966  
10867.43592  
10883.97273  
10911.60295  
10918.23805  
10857.02943  
10884.3552  
10878.00618  
10877.14428  
10894.49314  
10868.87559  
10833.32001  
10876.12635  
10941.87539  
10925.46741  
10838.43384  
10790.54207  
10755.76334  
10785.00087  
10844.41649  
10830.14807  
10878.73109  
10833.61809  
10812.6178  
10889.0219  
10891.80721  
10861.18611  
10921.37631  
10971.32691  
10977.7373  
10901.12427  
10821.68109  
10851.85747  
10800.67616  
10766.94428  
10781.47598  
10921.14327  
10956.1522  
10825.44803  
10884.25774  
10831.48138  
10903.67144  
10884.01606  
10897.19093  
10921.72307  
10887.32637  
10951.63135  
10929.16447  
10914.60791  
10882.48631  
10959.36226  
10956.28107  
10953.47443  
10866.0916  
10927.38855  
10895.41793  
10863.45243  
10885.8926  
10841.45072  
10849.45066  
10903.95412  
10852.60778  
10862.84007  
10885.45766  
10966.54365  
10828.21902  
10828.71414  
10829.23324  
10827.44366  
10875.7659  
10876.12565  
10941.49247  
10901.95586  
10943.99089  
11010.02437  
10939.41429  
10903.10439  
10894.49757  
10913.85228  
10923.66199  
10965.02755  
10936.08273  
10926.39928  
10950.33871  
10919.93051  
10874.43075  
10862.14355  
10834.44488  
10799.77121  
10891.7601  
10862.4574  
10945.28969  
10850.37181  
10963.9402  
10876.61154  
10939.81151  
10888.37961  
10838.98265  
10828.85293  
10854.00504  
10844.80415  
10864.67459  
10872.76531  
10856.04594  
10830.73977  
10840.53723  
10939.0482  
10945.50269  
10850.80759  
10872.17393  
10855.64221  
10888.07424  
10820.79794  
10898.64838  
10889.38025  
10856.58375  
10858.81055  
10830.53913  
10914.75916  
10891.29759  
10939.3505  
10923.14148  
10879.64395  
