10980.18534  
10909.8068  
10904.68832  
10868.35004  
10952.96933  
10879.0765  
10967.9514  
11102.65795  
10993.56244  
10915.35784  
10938.66907  
10949.10766  
11117.5572  
11123.60018  
10993.24669  
10887.11946  
10860.71899  
10899.58076  
11027.71147  
11042.35826  
11099.09162  
11128.9254  
11006.11012  
10941.92706  
10950.15105  
10990.27097  
11004.38983  
10949.52449  
10972.12393  
11047.57567  
11081.15178  
11094.40541  
11087.10004  
11003.30115  
10944.06888  
10951.50308  
10923.23623  
10927.30481  
10882.71276  
10875.74027  
10877.26485  
10965.19633  
10908.54133  
10932.29767  
11028.39926  
10963.79311  
10850.50003  
10904.68579  
11013.01061  
11011.50388  
10880.95434  
10900.00253  
11016.23337  
10945.74159  
10863.23111  
10820.43734  
10890.66369  
10845.2869  
10843.0243  
10781.83894  
10826.76945  
11185.29717  
11026.2478  
11222.41253  
11103.88904  
11198.68998  
11083.5876  
10947.88383  
11060.74819  
10845.16436  
10797.28933  
10800.43365  
10895.12412  
11027.29625  
11093.21676  
10896.89557  
11009.70402  
11082.77026  
10946.3096  
10920.01949  
10905.8819  
10899.32571  
11087.61064  
10952.69116  
10895.935  
11041.15721  
11065.41143  
11134.23168  
11191.5738  
10948.80607  
11106.4254  
11166.68153  
11021.99653  
11054.20608  
10818.49017  
10866.33582  
11036.70561  
10968.38932  
10833.69134  
10931.8439  
11069.25864  
11069.54209  
10842.99503  
10889.069  
10851.98056  
10887.72191  
10955.45895  
11217.00457  
10992.56703  
10992.84307  
11020.51203  
11088.10585  
10895.4912  
10997.46042  
11026.67369  
10956.94794  
10987.45129  
11139.19331  
11093.17675  
11148.01311  
11002.79154  
11100.95482  
10910.52004  
11119.63853  
10914.23863  
11047.80587  
10911.29815  
10927.99145  
11042.10442  
11075.07016  
10930.34719  
11015.97343  
10993.47389  
10832.05154  
10865.6047  
10823.29517  
10866.32416  
10956.15294  
11069.12986  
11081.3279  
11049.07702  
11059.0996  
11024.80582  
10988.11658  
10877.26206  
10845.30999  
10960.97998  
11103.33954  
10952.21322  
10926.64403  
10875.80381  
10997.98504  
10974.51206  
11032.97458  
11030.61921  
10876.6382  
11002.48999  
11105.40468  
10919.46939  
10919.8648  
