9799.790663  
9773.494222  
9779.494425  
9785.190782  
9817.306831  
9702.147529  
9653.107001  
9826.376248  
9754.753961  
9689.403863  
9741.567668  
9753.131266  
9880.952067  
9836.931098  
9777.359782  
9780.317478  
9739.02025  
9764.832791  
9846.833062  
9842.910414  
9836.532254  
9804.22031  
9800.852186  
9760.989827  
9756.910726  
9811.344306  
9826.917914  
9792.417657  
9792.632758  
9789.647054  
9806.245375  
9789.434814  
9788.280084  
9739.1486  
9757.600125  
9757.325968  
9745.52181  
9763.721937  
9735.357666  
9732.052775  
9769.2146  
9822.365845  
9757.217692  
9729.455214  
9885.763156  
9756.990058  
9714.088216  
9737.144246  
9817.347616  
9851.927165  
9769.468601  
9733.000217  
9805.966241  
9706.176866  
9701.092434  
9694.799316  
9757.39841  
9745.973036  
9739.979031  
9673.412001  
9732.09299  
9815.414849  
9804.990655  
9948.92943  
9864.340115  
9887.568712  
9878.042955  
9780.592665  
9732.708021  
9634.667372  
9649.678752  
9590.705838  
9658.509521  
9834.357503  
9833.842095  
9754.328328  
9781.427029  
9877.989299  
9893.054376  
9804.80599  
9697.479424  
9720.653307  
9817.600722  
9813.593736  
9763.176839  
9791.040568  
9862.129924  
9895.629191  
9964.490763  
9846.099243  
9780.30089  
9886.906264  
9798.824463  
9791.493259  
9720.976047  
9669.858209  
9728.444458  
9710.638224  
9731.742282  
9758.254354  
9761.162571  
9956.743815  
9795.409465  
9683.879869  
9655.794434  
9651.950127  
9770.030043  
9745.279405  
9803.514065  
9799.230279  
9810.207642  
9826.374797  
9802.475437  
9817.760417  
9802.14544  
9768.129652  
9813.571696  
9866.291707  
9835.785522  
9921.698201  
9838.609185  
9851.605387  
9716.752658  
9773.696682  
9809.196682  
9795.555813  
9689.904663  
9818.693793  
9853.923774  
9822.603258  
9717.445014  
9903.403402  
9838.126112  
9696.390706  
9778.191243  
9716.899129  
9745.814887  
9769.458672  
9769.709934  
9765.389811  
9775.682916  
9844.633084  
9774.48173  
9824.459595  
9762.570719  
9682.465047  
9814.577094  
9852.139486  
9756.632731  
9783.721327  
9805.188924  
9746.60296  
9676.315959  
9720.872477  
9881.697144  
9689.249566  
9784.19028  
9813.422024  
9778.539103  
9803.239651  
