11005.15535  
10928.03978  
10916.53757  
10925.6953  
11029.82407  
10962.0565  
10999.68367  
11035.46455  
10987.91948  
10939.69219  
10979.50441  
10905.94238  
10946.38147  
10993.39535  
10994.43449  
10992.83737  
10915.63387  
10936.54669  
10996.66539  
10936.89744  
10960.6387  
11061.24525  
11083.48651  
10994.97512  
10986.74705  
11026.34397  
10999.29506  
10947.73604  
10913.7458  
10918.04095  
10954.18282  
10934.9855  
10962.01682  
11071.3157  
11028.1592  
11012.86033  
10972.9418  
11011.44836  
10950.89144  
10914.02905  
10913.50236  
10957.24911  
10887.87937  
10948.58603  
11031.05987  
11033.45335  
10906.21153  
10839.67995  
10921.825  
10909.06428  
10881.007  
10869.6704  
10891.80154  
11021.72073  
10948.45697  
10884.48946  
10983.0475  
10966.47901  
10911.62012  
10888.32032  
10949.06546  
11113.96934  
10960.29313  
11130.89078  
11049.69216  
11123.79935  
11089.55834  
11052.6623  
10926.41981  
10844.85298  
10865.52914  
10871.68913  
10968.57196  
11105.33109  
10969.59774  
10866.34067  
10987.93759  
10971.25265  
10945.34077  
10953.31917  
10905.4312  
10910.50538  
11026.99099  
10918.57005  
10980.06452  
11047.11949  
10985.74229  
11075.62392  
11098.40306  
11012.92907  
10998.4306  
11050.7385  
10988.828  
10968.38425  
10906.09659  
10956.62471  
11038.94477  
10891.61762  
10897.55385  
10953.96706  
10962.9146  
11084.93284  
10941.52754  
10955.9629  
10894.81344  
10858.93007  
10999.31479  
11122.43881  
10923.20184  
11044.28658  
11045.30183  
11002.32826  
10907.59051  
10979.63113  
11012.4143  
10919.60703  
10971.79442  
11007.85316  
11032.96196  
11045.42501  
11014.28746  
11093.37025  
10935.37863  
10962.38891  
10954.43406  
11073.19615  
10890.32449  
10974.9689  
11078.16385  
11003.61029  
10910.23532  
11034.05087  
11004.05244  
10941.1834  
10883.01162  
10883.86172  
10974.22669  
11034.8103  
10987.34047  
11035.2824  
10965.31722  
10919.00769  
10912.10964  
10958.59524  
10974.29474  
10939.86892  
11003.31242  
11020.7653  
10933.94081  
11020.31531  
10972.08044  
11013.10917  
10937.23836  
10922.82514  
10953.69699  
10943.01756  
10987.9653  
10999.89027  
11023.63573  
10954.64069  
