10454.9238  
10294.09134  
10287.76075  
10460.69731  
10389.89968  
10439.37554  
10474.54563  
10506.29985  
10504.69567  
10461.44859  
10248.91898  
10263.69857  
10359.98784  
10462.79911  
10597.58969  
10307.88466  
10380.5382  
10363.60164  
10466.3791  
10347.68479  
10346.89924  
10486.66562  
10621.39587  
10519.00385  
10536.56493  
10354.9215  
10329.65708  
10320.29117  
10288.07747  
10301.23006  
10383.96281  
10400.44016  
10464.70623  
10542.23298  
10516.24467  
10533.33071  
10519.15771  
10332.19199  
10326.22449  
10296.41858  
10350.24428  
10351.70863  
10257.06511  
10301.77784  
10592.18931  
10430.90558  
10301.14789  
10229.44498  
10274.01864  
10291.45118  
10351.51184  
10349.31445  
10277.07493  
10514.70957  
10442.70993  
10455.74928  
10301.66212  
10341.53678  
10325.16271  
10259.03312  
10280.35764  
10537.13703  
10266.29233  
10486.08949  
10478.5326  
10752.63932  
10687.876  
10477.3199  
10347.4026  
10150.85216  
10117.49033  
10182.03044  
10506.42456  
10518.90846  
10466.78094  
10312.89718  
10479.40011  
10346.6111  
10384.77594  
10311.70205  
10379.3679  
10402.39523  
10628.61043  
10394.16439  
10507.66299  
10749.83272  
10407.07096  
10708.21791  
10471.61329  
10638.41574  
10633.35621  
10357.7254  
10391.1367  
10355.75842  
10223.99841  
10371.62685  
10554.61897  
10271.07522  
10331.92608  
10406.00968  
10337.82753  
10407.15308  
10255.11568  
10503.84281  
10422.70217  
10281.94315  
10316.04412  
10558.2116  
10325.29057  
10423.29622  
10548.89383  
10552.6614  
10402.47383  
10357.96711  
10549.26868  
10432.76871  
10415.28273  
10484.93729  
10504.03067  
10508.40516  
10535.55659  
10467.03461  
10316.1454  
10394.41656  
10279.78626  
10457.3192  
10293.88222  
10375.32048  
10721.26879  
10380.10295  
10510.45837  
10597.8894  
10360.22344  
10332.54116  
10254.92483  
10249.13645  
10464.33033  
10451.20382  
10429.03702  
10419.31345  
10438.0835  
10333.05306  
10345.46563  
10394.31853  
10394.8825  
10362.7395  
10460.38699  
10472.21443  
10307.13243  
10384.32674  
10368.40115  
10559.10866  
10451.30963  
10435.9459  
10303.04892  
10351.69949  
10481.33825  
10467.49762  
10426.59896  
10370.23238  
