10214.6835  
10179.83469  
10159.87272  
10176.33028  
10247.05475  
10174.50026  
10221.80212  
10336.26152  
10266.95965  
10182.00087  
10191.15357  
10175.79551  
10297.93711  
10360.80952  
10253.21875  
10181.69259  
10141.74282  
10169.23146  
10246.99001  
10292.42461  
10317.20256  
10327.5414  
10278.88377  
10217.73553  
10212.76903  
10241.79728  
10220.67461  
10167.55536  
10173.04694  
10215.9031  
10317.95558  
10304.58316  
10299.43133  
10265.41125  
10225.31578  
10243.39269  
10190.47906  
10190.01141  
10146.86988  
10134.76332  
10150.48862  
10218.9034  
10189.71101  
10194.05863  
10263.06096  
10229.9554  
10120.71654  
10137.17859  
10267.00251  
10228.07859  
10149.24463  
10147.61489  
10232.92935  
10225.29653  
10150.61998  
10115.55839  
10184.1199  
10184.60886  
10173.21826  
10103.2693  
10213.11892  
10382.42747  
10237.75379  
10453.27471  
10284.53721  
10444.55272  
10346.81771  
10231.58314  
10224.57067  
10044.02853  
10059.73849  
10043.87171  
10189.75157  
10395.81064  
10316.63212  
10154.17123  
10277.53375  
10303.0855  
10212.14947  
10192.18719  
10153.54831  
10159.20643  
10309.81206  
10221.66695  
10224.85004  
10311.83235  
10321.79158  
10362.36946  
10374.07824  
10282.62972  
10300.04205  
10371.91227  
10237.27476  
10287.94268  
10077.73534  
10156.5273  
10255.17125  
10162.99621  
10118.58987  
10210.89668  
10267.7952  
10344.85975  
10172.61925  
10163.43271  
10147.87843  
10099.53449  
10163.45315  
10329.27031  
10210.8023  
10288.92928  
10295.68711  
10288.7313  
10149.47092  
10236.11577  
10279.68259  
10236.91294  
10241.31873  
10336.61041  
10360.27321  
10347.01694  
10217.95635  
10352.39244  
10160.46666  
10295.84923  
10215.05405  
10305.47636  
10113.27492  
10163.44912  
10295.70645  
10297.42863  
10160.05582  
10343.32841  
10219.78748  
10126.94643  
10151.186  
10092.37326  
10164.72367  
10229.40707  
10268.79298  
10288.13487  
10255.62825  
10292.78254  
10237.87754  
10193.52409  
10162.94539  
10142.11569  
10237.28191  
10307.5407  
10207.6181  
10223.10724  
10234.25238  
10281.05568  
10180.46331  
10218.35501  
10315.80773  
10120.05988  
10243.22285  
10320.04485  
10190.9842  
10217.13769  
