9576.149251  
9609.505245  
9577.110695  
9560.377966  
9574.132632  
9569.029713  
9557.049986  
9515.005245  
9597.428313  
9507.410265  
9562.65068  
9618.088288  
9678.315828  
9682.088741  
9533.248571  
9562.633536  
9597.026946  
9561.606735  
9560.676034  
9597.230487  
9565.907444  
9570.588379  
9614.0489  
9642.321596  
9614.888672  
9654.975604  
9579.513075  
9554.706398  
9597.675076  
9563.033691  
9557.67806  
9635.241048  
9645.468461  
9568.436288  
9547.737558  
9554.102159  
9658.824382  
9559.538068  
9538.503165  
9625.416287  
9683.706778  
9571.61386  
9591.439417  
9610.405762  
9639.713831  
9594.113137  
9547.456453  
9608.903736  
9601.641258  
9596.449273  
9549.016258  
9511.489384  
9624.190828  
9560.30145  
9586.007252  
9563.691189  
9627.016204  
9570.922906  
9523.605125  
9560.943649  
9645.589681  
9570.957755  
9599.126863  
9563.654677  
9558.304778  
9599.451353  
9667.115325  
9637.882035  
9537.46781  
9531.276476  
9589.455584  
9542.2753  
9538.316659  
9584.493707  
9589.965748  
9604.372522  
9591.143663  
9631.630136  
9537.337203  
9591.259838  
9545.851418  
9568.598922  
9532.660482  
9498.643537  
9584.97602  
9646.172381  
9577.771719  
9580.29031  
9610.250452  
9583.918529  
9569.351219  
9595.922092  
9616.976924  
9543.762948  
9557.673159  
9514.230179  
9610.015679  
9622.676306  
9601.018012  
9609.120877  
9615.348199  
9615.051921  
9583.314254  
9573.8378  
9544.695783  
9645.683431  
9590.634928  
9569.92334  
9559.878508  
9520.72139  
9600.221879  
9579.311795  
9660.510815  
9622.43542  
9663.410663  
9621.947031  
9521.917028  
9583.73792  
9615.651349  
9636.956832  
9601.86952  
9519.493634  
9549.093497  
9554.077456  
9508.60281  
9517.619665  
9567.19902  
9611.540365  
9563.545772  
9597.912977  
9507.925058  
9597.815484  
9554.45289  
9524.69222  
9603.640462  
9576.309534  
9555.533746  
9579.407606  
9598.057726  
9552.392506  
9604.631076  
9719.100297  
9556.28248  
9612.03805  
9642.977123  
9567.418638  
9572.260796  
9604.323532  
9561.503129  
9587.787977  
9582.710847  
9609.294054  
9613.702673  
9584.27266  
9574.374494  
9565.641348  
9544.083876  
9556.773962  
9594.871763  
9577.24613  
