10764.41872  
10755.65121  
10824.63042  
10805.59851  
10786.34608  
10871.07894  
10737.25502  
10692.98557  
10770.69879  
10783.70133  
10769.86721  
10814.29358  
10883.90232  
10969.00459  
10779.2595  
10810.60625  
10891.81749  
10798.82384  
10767.09439  
10829.0953  
10761.03641  
10682.91452  
10780.74111  
10934.95841  
10825.32478  
10783.03291  
10727.5113  
10772.93931  
10740.1788  
10735.08467  
10859.23179  
10807.44531  
10811.60084  
10864.24928  
10866.51102  
10705.75008  
10892.9589  
10925.25788  
10731.87902  
10858.6459  
10953.37556  
10858.44169  
10826.24363  
10817.20101  
10855.21651  
10797.76586  
10826.78192  
10766.41286  
10736.81162  
10775.08828  
10778.68726  
10633.20063  
10819.40827  
10837.66893  
10771.25008  
10841.84551  
10771.27888  
10757.03222  
10812.38782  
10771.98492  
10859.11127  
10736.88121  
10806.33297  
10717.18765  
10776.0894  
10781.91528  
10808.2907  
10865.49846  
10740.23136  
10705.58854  
10867.26303  
10876.75308  
10748.41428  
10746.22078  
10850.13613  
10817.24072  
10707.31396  
10867.15561  
10859.55188  
10778.08664  
10911.49967  
10814.61169  
10767.85074  
10726.39842  
10740.97147  
10829.56613  
10847.09583  
10827.83469  
10825.05411  
10757.02215  
10837.51133  
10855.88172  
10818.30872  
10745.81292  
10874.6847  
10712.45526  
10740.85187  
10812.49172  
10871.19724  
10854.07821  
10831.81908  
10776.37246  
10768.17588  
10822.40612  
10682.10935  
10786.26915  
10819.45222  
10776.82094  
10738.48574  
10764.00107  
10778.60813  
10768.66448  
10807.30579  
10863.15568  
10896.3522  
10814.26901  
10769.36913  
10772.08575  
10793.0496  
10814.00883  
10952.41835  
10774.74163  
10777.90684  
10804.46616  
10784.04455  
10711.30926  
10672.22872  
10782.478  
10891.31413  
10802.98583  
10686.42403  
10816.22019  
10768.15988  
10730.17854  
10796.81324  
10774.50589  
10747.23727  
10790.66599  
10887.21248  
10795.78652  
10814.56971  
10996.13929  
10846.19307  
10840.13143  
10781.51395  
10769.19425  
10763.59512  
10786.9535  
10741.0796  
10858.74186  
10785.43478  
10822.19805  
10806.96396  
10847.7534  
10766.50967  
10713.02231  
10832.84341  
10795.0102  
10793.05416  
10805.45821  
