10459.00883  
10485.26718  
10491.33801  
10513.38813  
10491.3695  
10537.75085  
10498.51233  
10429.30399  
10492.79967  
10475.31751  
10496.77783  
10517.73381  
10536.75771  
10546.25513  
10469.36947  
10479.03606  
10516.21926  
10496.18473  
10452.24808  
10482.58135  
10463.71129  
10420.31453  
10478.7143  
10611.94679  
10543.24688  
10532.41149  
10458.20347  
10492.7486  
10477.46999  
10452.85622  
10514.20863  
10504.27933  
10501.72455  
10495.10354  
10510.76297  
10437.38984  
10527.69175  
10550.04839  
10451.75609  
10512.71307  
10573.23655  
10531.16884  
10512.96676  
10508.47447  
10551.25159  
10476.27147  
10477.28119  
10473.8569  
10483.11346  
10513.90141  
10483.75262  
10392.65718  
10540.30158  
10518.55561  
10474.1692  
10505.58585  
10513.40487  
10458.82307  
10449.65359  
10457.31927  
10542.10223  
10506.22921  
10512.75402  
10422.90313  
10470.55249  
10496.97183  
10545.33933  
10555.52802  
10464.26925  
10429.9638  
10492.54336  
10533.37952  
10441.87903  
10434.37499  
10512.8018  
10519.43055  
10458.84055  
10543.62631  
10513.15084  
10499.28434  
10543.5858  
10488.02311  
10446.14604  
10437.17344  
10480.73225  
10527.62408  
10499.20942  
10528.63474  
10504.19177  
10489.81993  
10495.01012  
10520.4677  
10499.74941  
10441.28028  
10527.59526  
10425.46593  
10449.87552  
10501.96873  
10544.79343  
10559.32685  
10540.41585  
10502.11062  
10472.25873  
10498.97122  
10432.99652  
10515.14159  
10533.79054  
10496.74013  
10457.28382  
10476.50729  
10489.15985  
10459.32844  
10506.91585  
10506.37945  
10522.02746  
10522.99015  
10480.08371  
10500.9172  
10520.386  
10506.51088  
10564.09705  
10472.52047  
10466.52928  
10455.19163  
10446.78398  
10429.26551  
10413.46944  
10490.2975  
10546.57133  
10517.31003  
10421.98998  
10487.76753  
10503.75865  
10465.16182  
10497.97966  
10483.71815  
10484.56319  
10475.78834  
10541.55423  
10482.12272  
10501.10977  
10650.51807  
10547.80161  
10513.0222  
10501.64515  
10425.9768  
10459.79271  
10495.12826  
10448.83217  
10516.23031  
10502.32946  
10543.02405  
10492.61137  
10506.31714  
10483.84622  
10467.07177  
10524.92002  
10475.80435  
10469.13642  
10476.74988  
