10202.81587  
10299.84571  
10266.88542  
10256.13435  
10268.91246  
10290.00559  
10238.50663  
10198.53865  
10296.37841  
10229.8834  
10247.74878  
10283.52573  
10305.03021  
10307.46428  
10259.55183  
10220.12399  
10267.22947  
10249.63269  
10233.76971  
10259.58417  
10201.08723  
10197.98736  
10268.95751  
10364.85334  
10300.86715  
10320.7901  
10254.88473  
10223.81825  
10232.67322  
10243.80402  
10263.75354  
10303.52208  
10321.0545  
10216.62273  
10254.10584  
10214.84197  
10311.58595  
10273.04749  
10233.48786  
10302.76735  
10330.63638  
10271.51799  
10261.63949  
10282.38155  
10351.28093  
10261.03257  
10233.86245  
10241.23193  
10290.35185  
10309.15669  
10214.72568  
10163.07798  
10342.85195  
10244.48658  
10224.56751  
10261.32142  
10272.20326  
10255.54942  
10192.00045  
10220.96056  
10319.07657  
10222.89987  
10300.53397  
10197.81115  
10214.91067  
10264.84192  
10338.05024  
10340.86276  
10200.34893  
10219.6347  
10276.11596  
10270.32256  
10208.0913  
10235.97996  
10264.67684  
10277.60872  
10262.47984  
10323.20344  
10245.08291  
10272.83594  
10277.35391  
10261.74375  
10224.80657  
10174.32919  
10283.47868  
10335.7638  
10259.79836  
10279.29583  
10244.2543  
10278.85583  
10260.9649  
10276.73339  
10248.07732  
10216.15836  
10263.75745  
10169.09031  
10241.83558  
10282.93443  
10305.7465  
10267.95061  
10319.76145  
10299.62757  
10257.88966  
10244.95953  
10217.5149  
10312.30166  
10263.10282  
10262.98599  
10245.22047  
10211.75229  
10257.21868  
10231.9513  
10299.37296  
10276.02912  
10325.57357  
10320.16216  
10216.51685  
10276.77334  
10309.50761  
10303.72816  
10303.57794  
10216.54124  
10255.17388  
10210.68225  
10184.69046  
10184.00382  
10186.11367  
10262.8151  
10289.94426  
10280.1205  
10217.43811  
10268.5824  
10251.54652  
10249.7309  
10298.54924  
10230.99462  
10242.58311  
10257.63027  
10292.502  
10237.56822  
10260.50648  
10411.08771  
10313.40228  
10280.25027  
10301.17827  
10214.66406  
10203.53201  
10268.14597  
10199.56152  
10265.24399  
10228.98543  
10320.02458  
10278.81629  
10267.1831  
10224.31129  
10276.59285  
10280.58936  
10230.43867  
10276.49872  
10223.10222  
