10464.04724  
10342.08051  
10374.9998  
10535.91894  
10351.09389  
10375.12622  
10485.41594  
10340.59572  
10340.07386  
10379.07235  
10490.98569  
10594.19356  
10514.63956  
10506.32312  
10341.01124  
10511.17536  
10341.9456  
10460.25122  
10369.05702  
10426.3788  
10548.68078  
10368.98742  
10410.57687  
10551.34604  
10609.85346  
10377.06502  
10381.33131  
10432.31513  
10438.53276  
10347.79568  
10465.99294  
10365.71579  
10395.27659  
10579.64644  
10485.61088  
10360.93149  
10377.4483  
10499.47487  
10373.72886  
10481.80523  
10483.59969  
10477.9072  
10464.97913  
10377.71104  
10427.78653  
10347.1983  
10422.50073  
10429.54609  
10381.15635  
10366.12343  
10484.64281  
10424.50858  
10388.77397  
10538.49114  
10484.81721  
10405.25437  
10423.59728  
10310.5707  
10392.74217  
10393.33634  
10395.67712  
10604.68973  
10380.31181  
10298.24378  
10459.1613  
10394.62684  
10400.60336  
10412.86238  
10557.01239  
10330.54077  
10346.92254  
10495.5325  
10424.37733  
10344.49636  
10494.78226  
10470.72137  
10403.6353  
10410.71065  
10610.50581  
10349.73561  
10496.44376  
10407.33871  
10347.56346  
10475.69758  
10347.99713  
10353.93337  
10386.40472  
10574.25753  
10590.43807  
10397.86169  
10379.85217  
10491.87  
10584.7206  
10435.71311  
10473.26368  
10432.49915  
10388.28683  
10410.40934  
10472.69986  
10588.08225  
10406.33055  
10366.61597  
10357.95084  
10503.10821  
10393.99026  
10370.33537  
10582.61848  
10392.32787  
10349.94203  
10535.62089  
10454.43146  
10445.73032  
10400.63344  
10388.62013  
10370.12778  
10354.31858  
10459.12633  
10385.70855  
10406.30814  
10352.911  
10510.89026  
10454.55831  
10366.47367  
10359.69949  
10455.04115  
10371.01181  
10395.51579  
10409.01098  
10451.7601  
10433.3275  
10355.48015  
10361.9592  
10526.7467  
10347.91411  
10387.11128  
10467.3471  
10443.81739  
10410.89207  
10465.05489  
10494.70085  
10437.28323  
10540.94911  
10534.69819  
10410.54249  
10374.54049  
10311.82574  
10491.16756  
10429.53424  
10347.32129  
10389.31843  
10529.2079  
10415.0263  
10354.32575  
10407.91747  
10552.45294  
10365.3901  
10440.23164  
10493.2949  
10343.00686  
10522.5072  
