10271.91065  
10227.60551  
10274.43109  
10339.32173  
10282.38793  
10276.25321  
10289.03505  
10209.76625  
10197.02191  
10250.10956  
10249.21352  
10290.07162  
10358.94249  
10351.02742  
10205.24248  
10301.84008  
10286.70933  
10293.03501  
10240.77876  
10304.85893  
10268.97258  
10204.29621  
10286.16491  
10376.5754  
10314.74784  
10314.78893  
10235.71746  
10322.18004  
10279.74998  
10194.92657  
10335.57077  
10310.33478  
10273.3348  
10368.43562  
10259.49878  
10249.26577  
10303.82033  
10315.96532  
10208.55314  
10299.97043  
10336.89328  
10332.51194  
10314.34734  
10311.20147  
10307.86741  
10222.64062  
10247.80863  
10288.91994  
10259.5508  
10221.00002  
10300.12238  
10157.39575  
10307.69511  
10339.27992  
10294.3137  
10295.20453  
10337.6924  
10213.39748  
10250.37935  
10264.3324  
10351.28834  
10306.72859  
10279.89593  
10217.50142  
10283.43656  
10295.23128  
10327.44504  
10328.93402  
10236.34954  
10150.95806  
10240.43881  
10313.65929  
10244.21989  
10224.64715  
10301.62045  
10299.63055  
10219.12587  
10306.69505  
10284.6713  
10258.43365  
10307.27939  
10252.42296  
10251.47903  
10244.1395  
10219.68147  
10262.09779  
10307.3015  
10333.88598  
10314.76835  
10260.9841  
10257.38528  
10330.88819  
10333.26966  
10236.01131  
10336.33957  
10264.99718  
10233.5478  
10283.7399  
10339.41591  
10388.22741  
10308.58163  
10244.62548  
10228.3481  
10282.74517  
10211.95869  
10306.15594  
10356.76655  
10243.47446  
10219.70657  
10283.16605  
10298.84454  
10276.01402  
10262.01148  
10290.69776  
10245.91454  
10282.71873  
10272.93601  
10330.35311  
10302.07085  
10262.27102  
10345.97022  
10222.20617  
10225.24099  
10242.87284  
10221.36131  
10186.94095  
10226.49281  
10259.67049  
10312.67385  
10255.89039  
10169.48821  
10253.27412  
10285.80273  
10192.62948  
10251.77067  
10311.21529  
10249.86105  
10227.92433  
10303.57903  
10277.83721  
10331.88523  
10398.75488  
10315.4094  
10323.25779  
10276.12786  
10212.9525  
10311.02919  
10310.49333  
10251.64494  
10299.01211  
10347.9927  
10286.55928  
10258.59817  
10288.24571  
10306.65603  
10205.62561  
10286.52417  
10286.71365  
10197.17175  
10278.16202  
