10522.49613  
10529.00891  
10647.17652  
10721.47266  
10568.57264  
10600.68401  
10598.10893  
10467.82037  
10473.99191  
10603.54307  
10606.7819  
10564.17112  
10708.67519  
10772.73885  
10637.34184  
10573.76133  
10620.78512  
10641.8867  
10606.16152  
10722.76874  
10581.24043  
10535.32855  
10621.51979  
10659.08155  
10679.36022  
10588.27016  
10688.11072  
10714.17471  
10607.35113  
10510.66212  
10671.0735  
10620.87768  
10629.81474  
10579.24861  
10656.93278  
10630.07175  
10670.14802  
10661.65077  
10517.99661  
10637.71571  
10550.26088  
10535.60816  
10641.27545  
10620.71151  
10581.76509  
10557.4705  
10633.16466  
10688.81884  
10599.18183  
10574.32346  
10593.39174  
10537.19034  
10602.19357  
10737.52183  
10508.41475  
10635.25699  
10641.35565  
10525.50471  
10542.62644  
10621.39747  
10700.31378  
10695.12866  
10566.93769  
10470.51277  
10636.07202  
10668.76006  
10688.42761  
10678.76979  
10583.22273  
10521.10545  
10538.76855  
10621.94952  
10545.88224  
10534.96417  
10655.05896  
10611.39719  
10558.4216  
10692.696  
10646.07353  
10521.68466  
10589.76426  
10624.61116  
10653.24942  
10637.46484  
10558.08468  
10609.68783  
10624.92481  
10665.62902  
10706.36336  
10560.12606  
10627.28012  
10755.83228  
10706.60334  
10587.82818  
10704.60349  
10600.91016  
10575.32322  
10607.58705  
10696.74418  
10727.59938  
10653.59618  
10539.68242  
10489.57978  
10606.88854  
10493.58027  
10598.05644  
10736.03003  
10582.06792  
10609.73956  
10612.08179  
10652.44369  
10666.99242  
10585.62165  
10651.63328  
10503.03311  
10502.71091  
10643.11844  
10598.96774  
10595.98066  
10590.09423  
10648.81813  
10561.49096  
10514.53536  
10573.4715  
10505.55387  
10443.73145  
10501.17581  
10575.87947  
10636.44558  
10584.56137  
10437.94349  
10643.79804  
10685.29128  
10487.05922  
10567.8332  
10618.50184  
10680.06394  
10597.46469  
10650.34617  
10625.14521  
10764.25022  
10660.06465  
10645.93878  
10674.16326  
10590.78593  
10579.72487  
10627.60183  
10625.9509  
10501.87774  
10683.66808  
10695.11625  
10587.27727  
10489.071  
10660.11078  
10620.63722  
10508.36177  
10622.03289  
10595.75494  
10575.59448  
10652.59381  
