10455.61019  
10550.24924  
10491.07541  
10495.77489  
10403.49038  
10381.31119  
10462.54621  
10528.36106  
10461.80408  
10481.74527  
10431.74863  
10445.05136  
10649.47721  
10587.97383  
10507.416  
10508.95106  
10512.887  
10457.45341  
10426.39556  
10462.68791  
10523.5003  
10514.3561  
10463.39744  
10443.96193  
10444.86207  
10408.77398  
10483.68002  
10428.66019  
10402.66092  
10464.06291  
10400.51139  
10454.55421  
10442.50955  
10462.52976  
10533.99093  
10493.35274  
10439.18401  
10410.95466  
10374.54085  
10448.43406  
10571.93404  
10542.30027  
10553.51043  
10438.02966  
10431.42868  
10448.32088  
10451.17679  
10476.52145  
10556.71875  
10508.97178  
10508.48805  
10469.82938  
10448.91133  
10606.13945  
10568.22196  
10530.95289  
10559.77893  
10587.46757  
10474.00841  
10510.61168  
10412.32872  
10361.4856  
10500.41853  
10566.30894  
10476.34435  
10463.42674  
10428.66189  
10417.48841  
10405.02609  
10562.81228  
10445.10693  
10379.26852  
10359.53047  
10413.57961  
10554.752  
10427.80444  
10425.51758  
10556.1231  
10583.23029  
10434.92375  
10498.86045  
10453.52451  
10455.7736  
10424.22443  
10439.68785  
10431.09238  
10421.9836  
10501.21511  
10535.73022  
10621.6615  
10421.20235  
10431.26284  
10486.83081  
10577.99414  
10424.84135  
10462.52139  
10477.05343  
10463.74199  
10388.15183  
10433.89642  
10428.40585  
10579.11734  
10436.21491  
10475.41027  
10441.28893  
10575.29193  
10518.30408  
10484.60782  
10533.3969  
10414.05917  
10521.61797  
10435.64778  
10432.46417  
10623.96296  
10559.1464  
10564.17058  
10421.18121  
10506.49224  
10468.20549  
10502.10492  
10454.37295  
10416.93917  
10573.17649  
10517.77498  
10553.09898  
10405.66719  
10457.91812  
10406.23628  
10440.05838  
10422.37578  
10451.41618  
10457.35765  
10309.28405  
10422.95814  
10344.04299  
10520.57241  
10608.0595  
10543.96963  
10465.28289  
10519.35431  
10399.57035  
10450.62616  
10461.0536  
10596.49338  
10561.48858  
10495.87224  
10518.57043  
10476.3964  
10432.02911  
10514.71643  
10509.92985  
10479.00665  
10418.88364  
10410.07819  
10509.09843  
10522.93558  
10496.66499  
10575.49912  
10430.90695  
10376.56629  
