10777.57306  
10761.67984  
10830.49787  
10828.17405  
10845.90625  
10783.14726  
10804.55086  
10784.82867  
10830.77006  
10834.22417  
10821.23803  
10788.6482  
10842.24923  
10854.08524  
10843.86862  
10841.17004  
10787.40135  
10786.40758  
10851.17656  
10813.03894  
10800.21533  
10810.36947  
10729.5754  
10756.13837  
10750.92491  
10757.44728  
10770.39827  
10749.68098  
10731.98486  
10729.92723  
10734.90142  
10751.08313  
10768.01364  
10798.66342  
10835.51698  
10867.6308  
10837.34755  
10834.15612  
10755.92009  
10785.6817  
10812.57682  
10824.41641  
10827.80997  
10867.91698  
10852.59573  
10804.08292  
10790.07294  
10781.19573  
10779.28012  
10794.43313  
10790.78791  
10775.90096  
10755.64266  
10804.85409  
10853.1831  
10870.53145  
10872.9929  
10882.73979  
10837.59354  
10794.96006  
10705.93264  
10752.45473  
10749.83237  
10742.46058  
10808.45965  
10788.88249  
10784.5008  
10750.61549  
10731.76157  
10765.33433  
10833.35108  
10864.07283  
10762.58001  
10771.31775  
10784.11731  
10803.35876  
10757.6713  
10823.98937  
10825.51104  
10902.26126  
10817.6229  
10800.57171  
10790.19841  
10745.56239  
10777.87231  
10828.4923  
10809.12571  
10762.51536  
10823.45861  
10822.11123  
10812.68672  
10755.7926  
10789.48091  
10840.30788  
10836.10883  
10824.95234  
10829.0783  
10866.93789  
10851.89789  
10804.20592  
10823.49809  
10795.95352  
10773.04794  
10756.78915  
10728.30348  
10821.02783  
10837.07332  
10787.14301  
10793.71354  
10828.26959  
10842.57405  
10803.96443  
10758.21824  
10798.49289  
10918.93881  
10829.13623  
10851.63557  
10779.07644  
10763.81659  
10753.09831  
10790.6179  
10772.14805  
10797.52947  
10885.65145  
10850.85917  
10906.59725  
10871.59645  
10846.0284  
10818.73891  
10780.30578  
10771.57861  
10726.97774  
10732.23719  
10740.53702  
10746.54492  
10798.92687  
10833.43542  
10819.4434  
10827.06456  
10802.38622  
10782.29546  
10758.49303  
10757.99835  
10809.51561  
10822.89885  
10863.68462  
10902.62375  
10818.9123  
10750.36094  
10741.99305  
10736.09233  
10786.08587  
10771.80924  
10801.76005  
10858.03514  
10856.10437  
10860.34564  
10848.59385  
10778.03222  
10772.08603  
