11118.75693  
11050.09924  
11063.48024  
11022.77522  
11067.16165  
11105.38685  
11156.53689  
11098.41068  
11056.58496  
11000.84924  
11166.53756  
11147.48703  
11250.96366  
11133.51884  
11152.65902  
11114.60864  
11086.85902  
11052.5853  
11049.2892  
10972.89273  
11015.718  
11050.18686  
11044.76926  
11060.6618  
11057.6325  
11056.02818  
11061.67213  
11044.66816  
11017.90544  
11047.84285  
11066.77602  
11094.9919  
11063.59929  
11059.11633  
11071.19209  
11111.2648  
11022.04677  
11073.95301  
11116.26006  
11149.23253  
11139.67138  
11201.84137  
11166.96238  
11036.25855  
11055.88702  
11115.81213  
11127.01214  
11121.1365  
11092.44663  
11140.01533  
11045.07542  
11107.83208  
11190.28712  
11230.46701  
11170.31243  
11117.09021  
11161.81773  
11058.11827  
10989.26587  
11007.19552  
11042.22478  
11051.78213  
11001.30178  
11007.8409  
10988.91002  
10950.10785  
10886.26443  
10951.89117  
11082.43747  
11123.28548  
11052.80421  
11043.19648  
11112.94198  
11145.28856  
11190.22112  
11076.19148  
11143.47893  
11187.26146  
11168.04808  
11108.18696  
11013.56798  
10970.05759  
10991.73992  
11088.22392  
11143.00877  
11122.16955  
11133.16991  
11106.47595  
11146.8378  
11162.83475  
11048.07789  
11074.8149  
11125.18031  
11111.28733  
11061.5608  
11085.38182  
11019.53575  
11056.93341  
10993.57166  
11054.6698  
11050.36564  
11037.71665  
11083.11236  
10959.02872  
11062.31198  
11195.15843  
11153.54772  
11097.00052  
11122.17717  
11084.28462  
11032.95548  
10989.02711  
11123.41458  
11203.41485  
11227.6946  
11139.90043  
11122.77901  
10992.73089  
11169.91663  
11102.20471  
11123.01409  
11118.21788  
11167.18888  
11108.97581  
11129.28742  
11102.6286  
11027.64129  
10991.91654  
11028.19823  
11009.9542  
11044.48047  
10969.54166  
11047.78067  
11023.26373  
11043.74043  
11214.6431  
11086.419  
11115.71465  
11091.65378  
11057.38966  
11075.87829  
11077.90293  
11180.05256  
11155.21962  
11158.04478  
11043.55998  
11169.87364  
11128.44927  
11091.97966  
11123.39709  
11088.51466  
11049.12187  
11105.56588  
11131.04556  
11014.91361  
11038.91666  
11045.65582  
11038.85914  
11028.69484  
11122.81562  
