10663.77827  
10787.41943  
10601.0728  
10588.84564  
10589.53805  
10625.28729  
10756.26051  
10776.11628  
10588.17301  
10528.7047  
10538.28721  
10710.16961  
10752.54993  
10671.59092  
10649.61742  
10674.25223  
10637.11969  
10630.6793  
10550.99603  
10556.04461  
10609.56138  
10666.83579  
10747.20396  
10749.74191  
10700.99588  
10714.68117  
10710.34577  
10739.34297  
10702.92856  
10695.63086  
10629.72166  
10716.48883  
10679.70633  
10722.28789  
10744.42902  
10611.66506  
10551.36309  
10545.71563  
10572.71426  
10676.22311  
10807.09722  
10737.18918  
10633.87474  
10473.62632  
10512.39513  
10578.82479  
10684.966  
10724.21276  
10783.46644  
10640.61392  
10611.88599  
10546.49233  
10707.78677  
10832.28542  
10647.30073  
10697.99821  
10784.32448  
10680.35924  
10582.36349  
10537.94154  
10551.7423  
10734.28053  
10745.43779  
10716.32526  
10639.65415  
10583.5195  
10509.14473  
10470.7144  
10685.66073  
10770.743  
10610.07144  
10513.72723  
10566.08647  
10651.78107  
10811.73031  
10615.22306  
10597.75607  
10865.18599  
10797.55358  
10703.66912  
10660.93237  
10570.08226  
10516.55879  
10541.73171  
10715.29608  
10741.21248  
10696.26152  
10708.10415  
10669.12453  
10657.13254  
10479.70789  
10555.05327  
10762.84425  
10662.67917  
10597.45379  
10654.09982  
10728.61289  
10552.1592  
10470.33558  
10591.61226  
10714.44785  
10763.79539  
10600.03021  
10560.1645  
10484.97739  
10735.38034  
10813.60252  
10765.54408  
10791.2443  
10571.09639  
10551.02181  
10548.48433  
10648.77814  
10921.54499  
10834.81641  
10753.24858  
10730.45137  
10535.18361  
10549.78029  
10729.25731  
10700.05789  
10693.70916  
10780.30757  
10645.01698  
10855.78187  
10571.88257  
10587.82897  
10529.87253  
10594.26219  
10546.03672  
10616.10083  
10706.70627  
10547.14518  
10638.09375  
10681.41208  
10761.84359  
10783.88643  
10745.8432  
10559.50225  
10633.43421  
10511.63397  
10626.06429  
10771.80767  
10822.67515  
10730.09596  
10591.44925  
10633.62925  
10678.5964  
10607.85568  
10734.78288  
10713.44263  
10598.29181  
10617.10684  
10708.96707  
10741.0022  
10715.46174  
10586.56768  
10722.12861  
10496.91006  
10569.16326  
