10939.81328  
10943.61295  
10925.41594  
10902.95146  
10933.80733  
10908.00533  
10937.86176  
10924.82982  
10895.97462  
10899.30743  
10909.36526  
10936.16279  
10969.84809  
10990.6588  
10937.81479  
11008.29405  
10938.05243  
10957.68198  
10913.22358  
10915.45224  
10896.30312  
10903.71944  
10914.26746  
10946.9911  
10928.26681  
10887.07517  
10919.00361  
10909.43184  
10889.77941  
10932.25502  
10911.341  
10894.0818  
10929.51257  
10910.16194  
10914.60616  
10915.51355  
10896.34812  
10914.56359  
10901.82766  
10932.78237  
10941.63277  
10920.26959  
10880.7678  
10884.46018  
10883.55411  
10936.82599  
10931.82651  
10956.70769  
10938.93173  
10949.01557  
10899.28565  
10940.69537  
10934.5962  
10969.22731  
10961.34571  
10976.86295  
11088.56625  
10982.11361  
10970.62054  
10934.82322  
10922.62341  
10898.84945  
10876.75936  
10896.61199  
10901.29745  
10889.47734  
10891.67046  
10866.77811  
10916.16754  
10899.22115  
10898.66721  
10922.18045  
10916.97958  
10899.57769  
10914.40873  
10880.8961  
10901.41689  
10959.36507  
10928.99427  
10896.38639  
10926.16401  
10895.59171  
10865.27832  
10894.66575  
10936.0082  
10921.88337  
10938.91633  
10957.14686  
10957.2614  
10954.13882  
10862.03528  
10911.65473  
10996.47417  
10921.12461  
10926.8938  
10935.69986  
10968.30944  
10915.44404  
10902.58413  
10941.50919  
10933.30994  
10935.43008  
10879.35921  
10876.93125  
10912.80257  
10972.36562  
10966.68948  
10921.01648  
10926.29685  
10900.85396  
10929.33682  
10903.46993  
10937.30632  
10944.52446  
10957.01742  
10989.88094  
10968.79333  
10906.94347  
10939.73379  
10962.86951  
10961.72572  
10904.06843  
10916.90641  
10931.51494  
10997.40173  
10911.4626  
10914.62369  
10868.75526  
10896.81082  
10883.72385  
10879.09565  
10903.26521  
10850.53059  
10874.75155  
10892.89166  
10916.25858  
10964.11445  
10959.33262  
10924.85319  
10914.78912  
10935.41689  
10955.99701  
10938.67241  
11004.80099  
10953.76324  
10929.02554  
10949.55123  
10988.99468  
10956.31719  
10966.54949  
10894.03694  
10892.78995  
10920.20734  
10894.0876  
10909.1819  
10947.85097  
10920.03014  
10956.67108  
10891.1725  
10899.70745  
