10810.50469  
10684.55469  
10688.32528  
10760.18997  
10721.65234  
10799.57365  
10781.09367  
10678.64984  
10682.91562  
10732.83489  
10653.9483  
10834.81873  
10777.35889  
10856.43044  
10712.43482  
10719.79632  
10724.41639  
10703.77025  
10686.75608  
10647.06166  
10645.69044  
10677.99292  
10659.5872  
10695.62813  
10752.28031  
10683.5571  
10715.88151  
10714.33451  
10733.98729  
10751.25723  
10762.49253  
10757.01516  
10780.77097  
10743.16555  
10688.156  
10764.33084  
10772.53151  
10685.9311  
10772.96461  
10796.22433  
10717.96059  
10647.8733  
10749.49799  
10756.41902  
10710.29468  
10794.79617  
10788.62861  
10684.52148  
10674.30292  
10601.85983  
10703.82194  
10641.57187  
10870.94945  
10736.2367  
10902.20331  
10797.14008  
10996.51218  
10875.63681  
10802.39448  
10631.83679  
10747.60363  
10746.38948  
10652.31378  
10624.59249  
10655.77142  
10688.74599  
10601.09786  
10591.4085  
10802.82289  
10636.63558  
10742.64081  
10752.89634  
10680.70535  
10708.70683  
10668.2206  
10653.95524  
10627.70647  
10725.11151  
10730.63428  
10755.36001  
10680.20663  
10650.6432  
10632.09151  
10677.67168  
10778.65243  
10808.30743  
10785.9683  
10718.84133  
10653.26411  
10771.88754  
10663.15108  
10682.90079  
10719.10526  
10805.35649  
10708.83963  
10843.1394  
10779.37264  
10791.48635  
10662.25121  
10849.96956  
10722.39086  
10666.37352  
10631.34733  
10646.37509  
10740.35736  
10747.95789  
10798.15433  
10735.39834  
10671.17877  
10794.04193  
10766.70373  
10649.60866  
10857.43534  
10737.07506  
10886.00529  
10733.64639  
10768.72434  
10721.4537  
10646.11874  
10776.64268  
10848.0495  
10789.81073  
10694.1704  
10822.00878  
10765.61137  
10800.99165  
10777.0875  
10731.10078  
10697.47728  
10603.1177  
10608.62804  
10669.84358  
10573.85715  
10709.06287  
10706.80665  
10671.08392  
10681.16055  
10702.1337  
10761.3461  
10765.63181  
10637.67555  
10711.35797  
10800.07698  
10825.99704  
10713.3891  
10853.14404  
10805.76584  
10695.0357  
10872.0036  
10674.80048  
10590.87559  
10629.25449  
10868.77304  
10794.18646  
10708.20064  
10725.40463  
10719.99952  
10750.40296  
10604.55341  
10789.10819  
