11135.83515  
10931.10529  
11019.30366  
11099.22552  
11112.91643  
11026.98104  
11009.94559  
11046.76447  
10936.09054  
11073.27225  
11004.20292  
11090.69918  
11052.00166  
11169.31081  
11179.85561  
11159.30284  
11023.68895  
10987.99172  
11020.18206  
10933.6123  
10936.82073  
10953.96298  
10948.29839  
11038.45799  
11010.3968  
11019.77682  
10904.31498  
11039.6872  
11101.60702  
11102.58866  
10966.20354  
11067.98389  
11196.04236  
11106.6232  
11038.96061  
11004.06123  
10980.91136  
11065.86925  
11105.03348  
11140.64561  
11158.13081  
11171.99969  
11122.83269  
11039.55259  
11080.14516  
11052.54116  
10990.52973  
11006.22693  
11085.76589  
11022.10294  
10953.72323  
10943.17149  
10965.47527  
10916.79539  
10986.15349  
11052.09661  
11085.89205  
11147.14924  
11024.63485  
11069.46441  
10962.56669  
10971.27384  
10963.73868  
11157.52295  
11091.03278  
10949.48064  
10934.79442  
11018.25854  
11107.40213  
11049.61346  
11019.9717  
10999.462  
11045.74268  
11014.92678  
11072.51074  
11007.25213  
11098.25858  
10927.39364  
11019.27672  
11120.43318  
11048.72506  
11206.44758  
11027.74259  
11063.86007  
11065.85449  
11006.34323  
11039.24601  
11122.31981  
11008.31128  
10934.40081  
10917.71162  
10883.88112  
11040.79009  
11142.07551  
11127.07458  
10972.9273  
11086.01475  
10947.37259  
11041.9937  
11010.64036  
11143.98085  
11030.74496  
10917.68361  
10887.62111  
11008.60039  
11109.07697  
11180.06208  
11202.80793  
11164.24372  
11189.89254  
11166.06852  
11059.44519  
11149.77829  
11154.80155  
11179.03943  
11062.06766  
11112.13611  
11215.48242  
11181.09021  
10958.63257  
10959.86203  
10904.72353  
10907.58489  
10885.21286  
10958.48739  
11047.40482  
11084.94299  
11027.64348  
11006.88198  
10939.30638  
10924.28519  
10960.76118  
10955.54567  
10985.96268  
11051.00844  
11052.3689  
10942.30331  
11039.1669  
10993.13396  
11162.61933  
11053.58962  
10993.30409  
11016.37866  
11153.62064  
11108.77389  
11233.72946  
11111.43169  
11258.56332  
11254.63827  
11204.99104  
11058.39003  
10991.54049  
10970.24965  
10876.28931  
10982.2414  
11076.36775  
10992.72356  
10929.98539  
10994.87204  
10982.12955  
