9502.18353  
9507.021668  
9540.212957  
9478.750368  
9446.950452  
9448.29998  
9518.600914  
9404.137306  
9537.822721  
9439.735083  
9423.993667  
9422.725339  
9446.440617  
9649.764878  
9651.123825  
9448.541887  
9382.124539  
9406.465428  
9393.798008  
9509.655307  
9466.884823  
9597.889555  
9568.405246  
9514.960488  
9427.365268  
9430.000476  
9328.491835  
9424.690592  
9482.889829  
9528.819773  
9370.969998  
9545.998442  
9665.086353  
9511.493203  
9471.610843  
9354.632936  
9367.514564  
9384.281949  
9433.997468  
9499.330374  
9683.482042  
9556.220763  
9489.884901  
9428.5383  
9410.453179  
9456.143326  
9370.846312  
9319.045718  
9434.032676  
9390.614155  
9429.781105  
9438.373924  
9396.871103  
9557.343186  
9546.502939  
9637.849498  
9567.192998  
9484.451506  
9399.0743  
9464.333345  
9450.501736  
9610.841468  
9552.635766  
9493.623216  
9434.495642  
9433.456953  
9533.922445  
9390.723847  
9493.527624  
9416.319432  
9428.085268  
9496.172607  
9617.592113  
9516.704011  
9404.052174  
9355.684522  
9446.09318  
9436.742356  
9586.639015  
9468.448043  
9417.443857  
9498.886318  
9477.414753  
9613.184745  
9633.299235  
9571.462252  
9579.766568  
9448.221767  
9403.113302  
9452.812434  
9404.424814  
9505.958927  
9494.202468  
9423.938627  
9379.402133  
9409.9477  
9464.176719  
9373.86493  
9376.249445  
9471.325611  
9548.21315  
9385.697811  
9417.808835  
9506.228672  
9564.017446  
9433.629187  
9472.122815  
9568.284921  
9674.424705  
9700.722231  
9604.463475  
9551.347695  
9472.76293  
9501.081932  
9492.287489  
9412.786259  
9419.606608  
9498.284653  
9564.532172  
9303.243257  
9368.786136  
9414.14184  
9470.626287  
9525.063226  
9552.662019  
9482.252315  
9500.419708  
9395.778757  
9365.5326  
9379.895984  
9480.218554  
9514.311186  
9476.307596  
9486.362223  
9616.32905  
9598.821003  
9393.313582  
9479.104748  
9533.315186  
9501.894031  
9486.035837  
9506.722828  
9522.361153  
9462.544385  
9433.303702  
9538.822413  
9433.739888  
9522.040995  
9667.970896  
9533.994966  
9441.190577  
9530.824487  
9373.140818  
9520.64939  
9463.481846  
9422.286127  
9405.610629  
9450.370413  
9536.176836  
9372.727937  
