10202.61403  
10154.82416  
10331.49691  
10456.49977  
10126.18961  
10121.49008  
10169.19306  
10156.4162  
10312.76949  
10456.93324  
10251.28486  
10076.44201  
10161.21987  
10163.40417  
10407.79174  
10320.7117  
10054.13978  
10034.56446  
10058.57273  
10107.38637  
10108.69619  
10251.88709  
10313.39625  
10390.75096  
10423.06732  
10389.96718  
10288.59316  
10114.93676  
10127.28767  
10121.39505  
10190.564  
10409.27318  
10438.68201  
10452.4399  
10208.48605  
10051.45656  
10020.95074  
10068.6858  
10238.10845  
10481.59806  
10437.5153  
10420.43118  
10393.32714  
10268.78043  
10060.08088  
10183.77639  
10072.99091  
10205.23876  
10163.87509  
10141.77444  
10163.60468  
10123.19304  
10177.63383  
10156.04103  
10184.04983  
10346.02897  
10238.27538  
10357.19963  
10145.84324  
10121.75926  
10104.28372  
10244.02695  
10325.31148  
10419.68044  
10138.18919  
10107.98019  
10211.16584  
10160.54608  
10479.45737  
10286.92269  
10137.76863  
10116.63189  
10372.47342  
10130.049  
10231.13917  
10099.07726  
10102.29152  
10108.93482  
10188.23575  
10483.19052  
10155.42531  
10132.62843  
10116.2445  
10219.67973  
10292.02785  
10329.88546  
10387.37225  
10225.47061  
10096.7066  
10102.8751  
10038.85781  
10193.42185  
10349.86729  
10308.5642  
10155.63314  
10128.08596  
10147.24852  
10068.89175  
10111.68403  
10304.81623  
10464.66887  
10123.02783  
10081.39683  
10219.19991  
10215.66718  
10554.4226  
10544.60176  
10448.81849  
10426.29802  
10324.01187  
10275.54624  
10419.22747  
10225.9286  
10492.41156  
10185.74641  
10157.00189  
10177.95755  
10270.83253  
10209.81591  
10082.19559  
10000.14329  
10028.36902  
10088.53402  
10235.02447  
10253.32764  
10322.83309  
10409.23872  
10166.93405  
10071.4803  
10024.15085  
10121.79969  
10081.31846  
10077.54367  
10123.15949  
10239.80398  
10442.13323  
10153.87344  
10280.88317  
10238.51591  
10212.07678  
10178.26826  
10184.21786  
10300.8092  
10461.50406  
10319.61084  
10309.40353  
10433.66534  
10500.96591  
10512.13031  
10201.66139  
10103.19621  
10100.4611  
10064.12741  
10167.04863  
10309.73783  
10322.8923  
10111.72196  
10089.40714  
10195.23559  
10105.97576  
