9858.618801  
9953.110409  
9839.636856  
9807.191227  
9866.232559  
9904.421486  
9996.564911  
9794.772495  
9835.946735  
9780.671715  
9806.541553  
9838.616112  
9837.61348  
10023.15449  
9912.023594  
9802.814144  
9809.392143  
9838.7015  
9747.272713  
10028.06763  
9884.309593  
9944.077991  
9902.256485  
9818.882156  
9751.854385  
9778.073586  
9720.302784  
9812.668659  
9913.482059  
9840.405197  
9784.026993  
9864.458408  
9933.058765  
9829.73344  
9839.339973  
9775.499104  
9789.795609  
9807.55859  
9836.894329  
9834.585892  
9937.801613  
9868.314198  
9829.370758  
9803.105846  
9804.294041  
9814.96711  
9832.100246  
9734.9016  
9853.158897  
9816.693233  
9878.046173  
9896.70607  
9809.425987  
9960.261093  
9899.078285  
9991.681236  
9932.732693  
9863.970203  
9808.372292  
9919.154968  
9882.149426  
9933.7752  
9889.245239  
9824.187096  
9802.196831  
9874.346027  
9906.490284  
9796.309341  
9785.311146  
9788.172707  
9864.637482  
9872.421394  
9938.611015  
9953.847065  
9780.658287  
9770.352989  
9825.804588  
9900.636166  
9962.91367  
9821.191849  
9875.030582  
9834.888466  
9896.313129  
9942.337337  
9923.332443  
9914.812878  
9872.184517  
9807.923058  
9821.676109  
9901.703743  
9854.311024  
9866.157684  
9825.065369  
9802.276917  
9777.845055  
9827.183685  
9815.579578  
9821.385185  
9838.601578  
9801.229557  
9886.29129  
9810.618416  
9887.07114  
9848.898457  
9896.568127  
9851.815147  
9832.485558  
9865.982746  
9985.705627  
10064.57368  
9977.887043  
9856.644016  
9830.919224  
9845.865612  
9898.163044  
9769.695545  
9797.328739  
9829.913967  
9863.924313  
9712.63023  
9808.891922  
9877.124226  
9876.310528  
9858.102905  
9896.353523  
9798.445118  
9818.585144  
9767.191551  
9773.648956  
9813.881626  
9959.287209  
9926.599537  
9986.484097  
9931.282078  
9978.003395  
9871.030987  
9759.879768  
9830.636269  
9849.623447  
9892.963852  
9875.290817  
9827.481941  
9825.611473  
9789.272385  
9788.555473  
9866.827282  
9816.762226  
9868.458302  
9948.51041  
9902.066795  
9860.857769  
9927.650898  
9809.656319  
9826.159264  
9795.845222  
9810.696388  
9882.915989  
9894.351337  
9926.859093  
9817.930481  
