11947.68451  
11846.60526  
11964.3905  
12060.32622  
11990.88507  
12014.82543  
11926.75245  
11993.70891  
12029.95636  
12159.47362  
12081.585  
12031.97939  
11985.86064  
11979.6479  
12118.95576  
12079.06463  
11932.97032  
11802.60841  
11902.86261  
11838.34942  
11866.45737  
11960.66521  
11981.29232  
12067.1892  
12098.45509  
12065.37955  
11974.06904  
11988.82544  
11942.07463  
11993.74716  
12052.78705  
12059.00702  
12105.46919  
12016.7367  
11905.7748  
11818.599  
11911.45154  
11948.30519  
12061.96971  
12157.54629  
12160.87376  
12160.22322  
12130.57926  
12109.21623  
11996.62607  
12042.86133  
11917.20751  
11996.63335  
11982.22844  
11951.48055  
11906.42541  
11876.01002  
11921.10959  
11923.38312  
11978.29438  
12041.82137  
11962.94486  
12136.29844  
11907.29518  
11881.23857  
11838.2734  
11965.36134  
11954.79591  
12072.46998  
11969.50116  
11844.37958  
11898.37599  
11902.66293  
12050.46907  
12070.58131  
12045.71379  
12008.33863  
12105.87771  
11901.88472  
12047.47124  
11950.39548  
11963.26876  
11888.7678  
11995.95419  
12119.97277  
11941.48337  
12012.49656  
11919.99195  
12010.62448  
12032.75896  
12068.4147  
12106.55204  
12069.62588  
11945.18825  
11904.8298  
11804.94278  
11888.4566  
11981.93402  
12033.92753  
11925.71805  
11859.20549  
12071.62929  
11999.38821  
12008.04116  
12149.18924  
12130.0154  
11880.67207  
11793.22303  
11902.73042  
11991.5635  
12063.46653  
12129.97425  
12274.70175  
12228.31935  
12143.62193  
12060.81877  
12075.60139  
12093.70573  
12141.71166  
12068.34395  
12014.14016  
12023.99944  
12087.50924  
12050.39136  
11802.42692  
11840.88439  
11841.68046  
11847.2959  
11897.7589  
11910.534  
11956.44919  
12022.67217  
11993.11245  
11921.39315  
11803.82359  
11875.5787  
11838.76643  
11842.48129  
11915.39835  
11958.56217  
12054.34894  
11809.42243  
11925.27461  
11975.39678  
11990.06186  
12035.84658  
11905.23777  
12006.62733  
12054.55806  
12085.86393  
12102.05597  
12155.90726  
12213.28125  
12195.97506  
12055.6346  
11934.47267  
11897.53182  
11914.4956  
11931.7461  
12033.04429  
12105.18399  
11950.25963  
11965.02417  
11948.54019  
11900.96182  
