10413.28097  
10473.34085  
10530.39782  
10412.17638  
10379.07744  
10379.12277  
10479.22111  
10292.40682  
10538.90579  
10342.74359  
10341.6775  
10360.91637  
10400.16083  
10646.16479  
10673.00237  
10419.05915  
10293.16126  
10307.40953  
10330.33679  
10422.04275  
10430.1382  
10576.75974  
10600.51521  
10441.55896  
10373.40465  
10407.04873  
10229.23013  
10354.27309  
10406.6784  
10505.09857  
10273.3087  
10494.71962  
10666.50302  
10462.4462  
10393.006  
10282.62783  
10280.35606  
10288.28865  
10350.81109  
10436.69334  
10635.07128  
10502.87598  
10436.07935  
10341.58557  
10364.4646  
10464.80926  
10244.66266  
10233.06344  
10358.80272  
10307.93948  
10335.89534  
10380.93896  
10300.56954  
10506.28059  
10522.90328  
10624.35153  
10562.64966  
10438.49918  
10310.51558  
10357.58359  
10389.70471  
10601.39725  
10575.54166  
10415.10501  
10353.02429  
10391.13976  
10503.82563  
10371.74867  
10432.36939  
10341.83444  
10334.58571  
10506.84303  
10647.76516  
10495.93713  
10324.8742  
10278.29216  
10389.33497  
10373.95666  
10516.96827  
10407.6252  
10337.74969  
10450.80326  
10442.56828  
10571.24843  
10686.45763  
10523.90706  
10571.19863  
10387.51795  
10344.65061  
10433.10454  
10377.72818  
10488.33574  
10426.00087  
10303.86431  
10273.59082  
10316.51961  
10357.09697  
10270.33798  
10282.88641  
10444.0974  
10490.76206  
10277.76664  
10404.79541  
10536.7137  
10584.9972  
10411.62266  
10385.33739  
10471.39006  
10656.69808  
10670.60282  
10618.37008  
10490.09038  
10426.31501  
10419.04704  
10426.74757  
10300.71791  
10337.59853  
10388.40053  
10525.5824  
10203.73886  
10305.61376  
10372.78723  
10459.96238  
10547.44298  
10575.97663  
10417.32132  
10396.10081  
10301.98729  
10259.83573  
10308.46011  
10448.73573  
10519.07732  
10410.16027  
10445.11811  
10599.29391  
10595.24953  
10311.26439  
10433.64247  
10583.80493  
10421.30312  
10457.81099  
10496.45189  
10498.71708  
10379.68556  
10361.61083  
10460.65184  
10325.98835  
10411.55195  
10574.38887  
10425.42018  
10351.00501  
10507.13408  
10278.90289  
10534.26298  
10415.13609  
10356.88344  
10317.5537  
10389.39465  
10529.44707  
10373.09969  
