10774.89058  
10686.17521  
10626.52839  
10584.53793  
10664.74707  
10712.01021  
10696.72846  
10751.91296  
10628.01848  
10561.59817  
10642.51726  
10652.69246  
10752.87381  
10693.56006  
10639.88066  
10627.13732  
10639.88152  
10670.43225  
10732.72299  
10678.01412  
10692.79974  
10658.83963  
10659.76039  
10640.69583  
10576.27052  
10566.64957  
10567.66299  
10611.04436  
10690.357  
10714.94913  
10689.49639  
10685.50269  
10659.28728  
10615.63642  
10644.67374  
10635.62375  
10619.99915  
10637.49927  
10652.82382  
10646.07689  
10674.50814  
10608.25624  
10609.7293  
10604.54318  
10626.16891  
10623.42812  
10594.30991  
10579.79665  
10681.23914  
10695.58244  
10732.95387  
10697.30788  
10767.77651  
10630.81451  
10691.8451  
10703.42548  
10784.21529  
10658.02182  
10654.43868  
10710.62173  
10673.06855  
10652.05259  
10637.56473  
10594.9088  
10676.41073  
10742.81337  
10644.86349  
10748.11381  
10637.15022  
10646.26694  
10700.38104  
10689.33183  
10634.68889  
10651.718  
10592.01182  
10680.47757  
10705.59566  
10649.04545  
10680.46892  
10615.30427  
10744.75381  
10732.66649  
10699.58391  
10646.55588  
10648.12499  
10646.39835  
10661.91998  
10664.65919  
10714.06298  
10620.30093  
10603.81357  
10600.09335  
10614.51309  
10647.42378  
10728.66221  
10745.79143  
10723.26502  
10663.53411  
10698.82929  
10635.3646  
10639.74524  
10734.43998  
10713.95177  
10613.0505  
10595.99831  
10632.18285  
10650.41571  
10663.07786  
10742.1345  
10783.78504  
10782.63227  
10646.28798  
10589.8606  
10625.42277  
10690.01525  
10721.55347  
10661.13644  
10667.77657  
10702.0942  
10710.93626  
10621.5255  
10583.30946  
10597.09594  
10611.64342  
10569.07149  
10592.03728  
10599.54138  
10632.68502  
10669.79217  
10671.18383  
10615.13403  
10581.28138  
10641.13693  
10733.77801  
10770.02218  
10659.92078  
10675.47005  
10644.64213  
10696.58725  
10757.83563  
10749.27017  
10655.26307  
10616.35165  
10583.18219  
10606.55657  
10683.14063  
10655.41277  
10658.44608  
10671.28897  
10757.10704  
10715.18511  
10653.39152  
10665.0033  
10579.39714  
10605.39257  
10589.52164  
10705.26429  
10714.66509  
10662.34127  
10704.83116  
