10342.77477  
10203.41241  
10317.38814  
10313.49635  
10283.13891  
10232.55802  
10228.34228  
10232.48805  
10284.91821  
10289.26955  
10232.71983  
10267.93612  
10235.8055  
10338.05582  
10434.53346  
10310.82871  
10180.58427  
10167.93371  
10194.07812  
10139.89944  
10158.55217  
10222.23687  
10274.18046  
10319.64198  
10291.33682  
10248.04632  
10142.59577  
10249.78684  
10288.78387  
10348.42745  
10174.24716  
10321.31275  
10466.20884  
10376.07936  
10278.6499  
10183.88465  
10182.5344  
10230.17751  
10262.85787  
10360.32379  
10440.89945  
10412.88117  
10374.43563  
10249.74572  
10255.15789  
10278.0655  
10195.17384  
10187.306  
10269.20587  
10224.6193  
10185.13567  
10174.92408  
10159.32826  
10132.39106  
10183.08692  
10284.94727  
10311.42751  
10379.82538  
10250.53614  
10257.30481  
10184.43146  
10229.18063  
10238.05071  
10336.32751  
10275.64424  
10165.05948  
10184.16187  
10226.874  
10341.18938  
10238.67594  
10258.03944  
10264.94761  
10372.0031  
10221.05036  
10281.94687  
10190.55471  
10284.6853  
10170.51547  
10252.00043  
10330.96158  
10269.33737  
10367.24178  
10237.74847  
10269.06957  
10350.72784  
10275.56957  
10339.65026  
10342.0186  
10246.88047  
10205.47298  
10146.11019  
10183.12979  
10281.76735  
10278.81017  
10245.21502  
10211.92898  
10332.58566  
10161.26203  
10179.02393  
10273.0288  
10353.01542  
10217.35582  
10184.67213  
10183.55167  
10246.36178  
10299.72154  
10303.92803  
10366.41923  
10378.85872  
10392.42927  
10393.95576  
10362.06756  
10347.48979  
10317.6635  
10275.90174  
10216.13826  
10267.44071  
10390.1668  
10408.15513  
10167.01868  
10174.03269  
10135.05937  
10152.76182  
10246.03693  
10258.71731  
10307.79661  
10359.5676  
10255.29295  
10239.23571  
10172.75532  
10193.8164  
10175.19144  
10195.25107  
10225.48263  
10282.01916  
10371.59573  
10183.0801  
10266.85817  
10209.2828  
10314.24578  
10285.39721  
10224.68007  
10304.55601  
10321.73919  
10272.42042  
10365.85256  
10268.56859  
10377.68197  
10502.35948  
10412.7459  
10268.24621  
10252.17886  
10206.71211  
10182.64185  
10225.34486  
10252.0218  
10201.36818  
10216.75303  
10231.00083  
10184.09157  
