10104.42106  
10080.18681  
10082.18751  
10064.23844  
10077.89271  
10071.01388  
10114.2365  
10016.99731  
10063.8861  
10038.88292  
10022.90898  
10056.57858  
10039.77251  
10183.02747  
10177.29783  
10060.72923  
9997.843532  
10005.85016  
9974.11238  
10084.84378  
10023.54044  
10085.29712  
10091.07943  
10073.11406  
10025.74547  
10016.67513  
9934.697683  
10034.5902  
10104.0199  
10098.32419  
9982.138768  
10096.39984  
10203.73496  
10107.10906  
10062.37425  
9982.833305  
9989.186071  
10022.11896  
10053.15274  
10101.49898  
10193.22052  
10144.78666  
10106.096  
10029.86148  
10033.19415  
10050.0786  
10016.42991  
9964.583836  
10064.38275  
10023.79416  
10033.95315  
10037.95521  
9987.068681  
10047.65015  
10043.26729  
10140.57015  
10124.99314  
10125.86591  
10032.85548  
10090.83104  
10035.61569  
10083.75027  
10066.33109  
10084.19684  
10042.56244  
10021.93901  
10047.46201  
10014.90371  
10067.52625  
10016.88973  
10064.36463  
10071.70393  
10158.64084  
10089.50412  
10035.15864  
9983.686172  
10058.7748  
10037.65181  
10109.68079  
10079.99802  
10075.21711  
10105.16015  
10069.65722  
10108.21678  
10140.3178  
10097.96627  
10109.51328  
10079.07925  
10037.54909  
10055.92505  
10002.45522  
10027.08199  
10056.92945  
10044.20918  
10015.12519  
10022.51591  
10078.05959  
9993.938046  
10011.43139  
10040.7584  
10123.24354  
10017.11587  
10038.16087  
10018.79932  
10074.15567  
10079.21378  
10071.83327  
10120.0505  
10185.30643  
10231.02344  
10189.12193  
10113.24366  
10093.17813  
10085.39377  
10089.93807  
9996.351078  
10036.00097  
10114.35002  
10140.22611  
9943.319753  
9994.271081  
10008.07591  
10016.66272  
10055.05403  
10080.32283  
10057.03895  
10093.23777  
10014.99688  
10010.02377  
9996.07904  
10078.35588  
10052.80774  
10092.47348  
10080.64544  
10132.34986  
10125.16385  
9974.735322  
10052.10277  
10032.21973  
10106.84544  
10083.49868  
10029.13638  
10068.76793  
10059.60168  
10034.20999  
10120.17858  
10046.14084  
10126.98724  
10229.69532  
10161.33465  
10067.68575  
10092.41125  
10011.23849  
10007.14273  
10013.89888  
10034.7539  
10044.59172  
10058.03219  
10081.26951  
10003.82765  
