10575.53002  
10354.70712  
10593.8535  
10515.46977  
10404.77674  
10363.18178  
10550.76549  
10353.73862  
10277.60282  
10377.06306  
10416.01656  
10361.73249  
10427.58369  
10403.6798  
10573.05686  
10571.65204  
10498.41421  
10495.28355  
10482.12024  
10288.72578  
10285.50786  
10329.51888  
10410.30344  
10527.99118  
10481.16668  
10529.84883  
10475.92806  
10652.5736  
10602.83566  
10297.26561  
10389.53443  
10449.30442  
10274.33139  
10374.33703  
10521.39487  
10284.66991  
10294.60015  
10513.0508  
10651.97472  
10478.11073  
10610.72054  
10592.91404  
10352.18569  
10341.80931  
10391.00324  
10534.56366  
10510.01966  
10493.82647  
10346.22199  
10311.98116  
10408.66536  
10435.5633  
10471.72141  
10495.78065  
10324.88286  
10472.6839  
10527.86122  
10283.92927  
10437.40219  
10559.2158  
10558.995  
10601.0395  
10345.68415  
10311.86394  
10459.94004  
10580.09076  
10443.10198  
10307.89767  
10436.80615  
10548.39412  
10550.42432  
10400.13011  
10284.63805  
10483.91188  
10620.20593  
10274.78625  
10396.502  
10618.30255  
10522.61398  
10332.68392  
10345.08463  
10448.19543  
10487.67574  
10366.07661  
10340.9117  
10535.3011  
10507.3825  
10334.28926  
10441.75229  
10524.90112  
10346.45052  
10376.92957  
10572.05697  
10440.99077  
10245.78623  
10466.20078  
10472.794  
10365.40818  
10362.94975  
10507.70461  
10461.39384  
10341.53161  
10323.83585  
10397.83747  
10369.14492  
10343.25335  
10521.1881  
10259.77246  
10422.85714  
10631.18221  
10596.94867  
10443.24487  
10569.89223  
10436.85281  
10386.11485  
10531.32967  
10330.55917  
10384.29312  
10461.18116  
10544.8151  
10553.65091  
10334.37215  
10374.9708  
10628.92671  
10304.21505  
10427.28418  
10572.75713  
10387.25718  
10311.36005  
10421.48415  
10528.66764  
10444.13615  
10344.33133  
10379.60342  
10510.92791  
10563.32446  
10550.41638  
10499.11334  
10361.04996  
10472.60958  
10406.55189  
10410.18942  
10539.14551  
10399.30679  
10352.29793  
10427.17507  
10579.36655  
10436.61328  
10304.69852  
10506.9112  
10639.85831  
10419.34751  
10387.46437  
10425.05756  
10423.57121  
10497.21916  
10294.78099  
10373.37744  
10532.93193  
10431.56782  
