10352.32216  
10114.79049  
10417.85096  
10272.58917  
10176.29123  
10088.26587  
10334.15054  
10110.78108  
10030.68529  
10140.95461  
10165.43206  
10117.32623  
10123.62377  
10173.41327  
10359.95922  
10377.68804  
10349.80248  
10333.65611  
10264.1698  
10029.4924  
9992.587831  
10048.82871  
10108.84899  
10337.07979  
10248.28909  
10388.29452  
10291.28102  
10449.92835  
10376.2752  
10036.1226  
10161.32592  
10281.02563  
9971.922536  
10141.42529  
10342.09474  
9993.448227  
10027.32222  
10313.66907  
10435.8285  
10275.02407  
10381.61937  
10363.78072  
10108.82188  
10088.13018  
10199.28544  
10392.6235  
10304.96555  
10238.05837  
10054.47707  
10049.26913  
10227.75227  
10238.53555  
10261.56379  
10222.38451  
10047.00792  
10241.59914  
10302.76761  
10037.73024  
10210.96717  
10388.28688  
10372.64728  
10434.66498  
10077.31747  
10055.40807  
10217.96858  
10358.41148  
10171.35974  
10058.16019  
10184.00768  
10332.99657  
10316.00511  
10111.90627  
10049.33155  
10324.1213  
10387.45311  
10029.47327  
10170.3034  
10435.42189  
10300.81074  
10088.416  
10095.13834  
10216.90171  
10288.69274  
10112.21857  
10050.05248  
10316.61268  
10297.8526  
10065.9721  
10237.90918  
10345.38287  
10080.38462  
10145.53879  
10378.41471  
10200.26824  
9995.304072  
10242.52963  
10296.43278  
10079.00346  
10129.72354  
10292.07109  
10212.26007  
10039.50681  
10045.95532  
10127.89992  
10074.78107  
10145.00595  
10348.1005  
10016.34471  
10233.59477  
10462.46884  
10286.65828  
10200.18185  
10354.06911  
10152.14387  
10136.67013  
10330.34032  
10051.85237  
10132.46315  
10257.49578  
10360.36896  
10336.69148  
10055.38606  
10164.53522  
10436.08149  
10013.44555  
10196.52584  
10387.06783  
10151.6419  
10063.89002  
10171.0748  
10320.11252  
10203.45346  
10076.53685  
10156.10657  
10318.08187  
10355.41143  
10329.7104  
10218.88957  
10123.35578  
10238.67973  
10144.48131  
10173.15482  
10357.84232  
10136.1611  
10096.87791  
10205.55846  
10371.74829  
10199.78884  
10061.14893  
10297.52799  
10450.32363  
10200.66297  
10101.07251  
10135.79073  
10144.64688  
10314.42927  
10122.4543  
10138.84567  
10363.7715  
10161.9916  
