10318.61335  
10164.75533  
10229.88211  
10332.57523  
10247.16504  
10222.30885  
10242.04341  
10232.32901  
10228.3818  
10229.43912  
10206.11638  
10300.8708  
10375.93947  
10282.15561  
10279.57798  
10238.70165  
10165.86776  
10220.48178  
10297.52981  
10263.99998  
10226.15006  
10262.91213  
10274.10906  
10272.30189  
10230.4014  
10179.23839  
10185.84661  
10386.74854  
10407.75776  
10275.21851  
10192.35159  
10208.66852  
10260.66933  
10150.35353  
10210.66154  
10232.7519  
10222.91369  
10244.42433  
10396.5684  
10206.9914  
10313.18352  
10330.67709  
10274.06073  
10163.65547  
10142.3095  
10204.28014  
10242.57774  
10316.03195  
10303.4675  
10185.75507  
10168.00357  
10231.03805  
10260.6599  
10385.60414  
10287.66233  
10231.02312  
10301.8111  
10229.10068  
10222.57593  
10226.32149  
10196.01286  
10302.3265  
10313.39728  
10219.48345  
10248.42713  
10240.52801  
10297.4745  
10264.08813  
10259.30152  
10295.10549  
10334.18752  
10302.13182  
10133.28513  
10214.05548  
10420.14112  
10148.62728  
10218.13373  
10266.22236  
10358.91981  
10226.03982  
10285.52217  
10243.67716  
10188.13887  
10285.00796  
10293.98069  
10220.32816  
10297.24657  
10262.67919  
10148.23367  
10191.58531  
10220.43089  
10167.49195  
10211.6093  
10231.41568  
10168.44486  
10210.17906  
10199.07545  
10351.7289  
10210.43866  
10186.98804  
10227.31186  
10359.86768  
10348.48087  
10398.14949  
10339.13187  
10142.34826  
10176.64982  
10240.25555  
10213.72498  
10277.98159  
10419.57197  
10250.45749  
10258.06794  
10337.48063  
10200.67075  
10229.85477  
10261.73605  
10224.42184  
10260.71818  
10268.29912  
10266.40498  
10231.07829  
10152.7938  
10326.00549  
10302.89496  
10231.75696  
10269.99683  
10290.70174  
10212.65118  
10245.64888  
10234.39169  
10352.62811  
10247.93179  
10192.22975  
10237.38337  
10231.199  
10324.6388  
10374.46877  
10235.9811  
10195.25166  
10335.06648  
10194.93995  
10201.74409  
10282.84414  
10211.88755  
10201.22804  
10250.29149  
10320.37638  
10156.07787  
10155.94046  
10209.04625  
10240.8698  
10427.3977  
10357.05371  
10263.82157  
10174.44292  
10207.27987  
10183.82473  
10207.67608  
10408.80159  
