9678.934149  
9618.732725  
9761.395558  
9637.017309  
9636.259159  
9611.868703  
9727.45395  
9575.978229  
9592.430765  
9617.329573  
9620.350519  
9811.639598  
9742.238029  
9685.032277  
9749.745353  
9724.595518  
9716.794669  
9695.01645  
9697.495605  
9612.278101  
9658.749646  
9728.241615  
9690.326054  
9738.37697  
9685.135658  
9756.614089  
9643.905374  
9854.240773  
9760.666133  
9614.215265  
9595.213648  
9720.18787  
9580.622138  
9606.290292  
9735.217925  
9553.956661  
9581.810042  
9700.914837  
9740.735772  
9649.863871  
9762.97109  
9712.984981  
9648.146265  
9621.487524  
9634.27561  
9775.302515  
9711.581509  
9671.558712  
9615.551286  
9613.983045  
9631.698933  
9624.783203  
9714.888554  
9687.458968  
9634.603566  
9627.086662  
9739.816928  
9644.199118  
9697.142258  
9794.91583  
9692.148791  
9795.985655  
9638.626936  
9642.879529  
9669.859527  
9733.462032  
9623.681136  
9675.627273  
9759.566373  
9766.893201  
9671.937837  
9614.987625  
9590.246952  
9741.799805  
9782.372205  
9540.919215  
9594.226967  
9770.15295  
9720.762089  
9626.739931  
9684.532412  
9630.144733  
9665.867272  
9588.539972  
9638.076071  
9677.911554  
9723.97599  
9627.74766  
9591.192602  
9691.711594  
9585.326829  
9642.075498  
9770.770693  
9593.517275  
9588.562837  
9715.649852  
9666.375135  
9640.959473  
9701.716932  
9725.299182  
9617.195885  
9653.413911  
9697.086274  
9694.682769  
9666.591847  
9570.033506  
9755.28519  
9595.183813  
9731.136651  
9799.250556  
9750.59141  
9720.694892  
9754.697417  
9648.20656  
9649.311288  
9682.080465  
9633.579135  
9630.811557  
9685.585904  
9759.639918  
9711.9737  
9566.628216  
9571.597623  
9835.220636  
9616.076458  
9724.199943  
9789.861901  
9623.183291  
9621.097757  
9694.922852  
9736.282698  
9679.915106  
9642.766534  
9642.733584  
9786.249259  
9744.862204  
9734.190463  
9659.628822  
9627.566996  
9682.118215  
9662.5181  
9686.98158  
9727.040308  
9617.999293  
9646.643908  
9637.651334  
9733.576138  
9638.237423  
9574.583816  
9636.775256  
9764.078798  
9636.454506  
9742.37601  
9658.935917  
9670.489224  
9702.407681  
9574.295494  
9676.203411  
9754.621767  
9704.260591  
