9984.704425  
9739.40886  
9951.058092  
9940.339225  
9748.916552  
9740.230434  
9887.915679  
9811.105758  
9715.898321  
9751.876032  
9771.260226  
9860.955229  
9888.743181  
9936.451337  
9999.447475  
9918.518249  
9866.112425  
9890.882314  
9959.167707  
9815.9977  
9725.898558  
9805.143376  
9798.962818  
9875.708434  
9836.753903  
9877.673453  
9811.327743  
10037.97012  
10029.57617  
9724.811575  
9737.411869  
9875.824686  
9743.979864  
9731.264528  
9919.685299  
9782.351019  
9675.780291  
9840.50241  
10026.93997  
9850.866011  
9954.78102  
9972.823249  
9852.615093  
9706.352415  
9748.911043  
9890.828517  
9927.980448  
9966.797504  
9839.152846  
9775.702681  
9748.234526  
9816.895559  
9910.219916  
9951.328091  
9765.341068  
9796.906573  
9962.472759  
9725.272925  
9771.809306  
9910.780913  
9920.96832  
10005.79937  
9825.322293  
9736.194525  
9821.540572  
9917.58862  
9924.590198  
9769.421596  
9815.638397  
9905.558972  
9947.884566  
9867.777192  
9684.957695  
9856.067266  
10081.72386  
9694.466532  
9742.657361  
10000.94492  
10036.65665  
9796.677421  
9761.624096  
9771.528791  
9840.756427  
9827.472326  
9759.001575  
9846.188889  
9927.213981  
9753.219317  
9744.63294  
9892.673835  
9817.894088  
9766.199704  
9900.068071  
9864.178302  
9676.588822  
9822.400019  
9859.89361  
9847.59168  
9751.079989  
9864.358567  
9903.482346  
9827.013435  
9848.100149  
9890.185678  
9857.285768  
9722.813201  
9880.89885  
9750.679567  
9805.24204  
9987.279661  
10069.06407  
9820.517179  
9952.455463  
9909.777639  
9754.972536  
9928.923285  
9844.199373  
9770.684787  
9828.579263  
9891.920407  
9919.218375  
9804.171927  
9705.713472  
10009.84657  
9791.953025  
9781.09352  
9979.409506  
9874.282918  
9739.373766  
9789.719221  
9882.895838  
9908.851755  
9773.930141  
9742.541408  
9881.558291  
9965.027296  
9982.847801  
9970.018321  
9810.44828  
9791.383277  
9890.971704  
9772.124955  
9915.680447  
9868.470645  
9763.979461  
9770.351085  
9931.527223  
9938.618291  
9695.514583  
9797.070574  
9949.039974  
9856.708613  
9895.43869  
9892.249632  
9838.330869  
9852.326767  
9725.071719  
9755.140322  
9889.577066  
9918.398651  
