10707.04585  
10522.42738  
10624.08596  
10711.55417  
10562.47842  
10556.81195  
10600.13082  
10578.43837  
10546.32986  
10559.95129  
10584.37694  
10581.57388  
10685.60352  
10592.40157  
10675.02051  
10602.39189  
10493.59497  
10557.17642  
10653.00406  
10575.17597  
10543.87286  
10606.33861  
10613.50239  
10625.85353  
10593.31767  
10532.03639  
10489.50567  
10712.90371  
10747.90864  
10577.14386  
10544.48152  
10547.57432  
10596.0207  
10497.62563  
10584.23803  
10591.75263  
10519.10747  
10568.00119  
10724.5682  
10543.43225  
10674.10932  
10690.54566  
10620.38005  
10513.0512  
10492.11462  
10545.20373  
10592.07235  
10689.68  
10668.29578  
10560.27954  
10503.54053  
10531.63648  
10607.82426  
10723.64585  
10593.34019  
10572.69555  
10668.87727  
10530.41132  
10542.90133  
10577.50532  
10581.28894  
10659.53426  
10632.72014  
10563.20873  
10602.41289  
10634.23089  
10683.93829  
10566.43056  
10604.58281  
10626.15184  
10680.62341  
10672.87938  
10475.75979  
10532.77494  
10774.24864  
10481.79036  
10504.9917  
10646.26471  
10699.34453  
10577.72145  
10560.60431  
10542.35113  
10531.19885  
10585.42551  
10597.72117  
10597.33903  
10653.03387  
10601.21734  
10502.41554  
10588.33373  
10584.98826  
10548.15605  
10599.86842  
10617.24822  
10518.06948  
10575.19979  
10570.28973  
10663.11357  
10551.22772  
10586.75907  
10633.92995  
10638.2365  
10617.23143  
10674.87446  
10688.27888  
10466.82412  
10544.87826  
10512.45406  
10524.4032  
10614.00098  
10819.02315  
10573.37182  
10621.08212  
10716.279  
10545.63211  
10620.71557  
10637.69896  
10569.23508  
10544.78531  
10587.72481  
10615.1202  
10594.90202  
10468.83214  
10678.6839  
10621.79704  
10545.68612  
10615.84267  
10610.40333  
10546.18407  
10566.56588  
10581.45469  
10669.7805  
10606.42254  
10501.83811  
10555.32675  
10600.24325  
10687.96674  
10761.19532  
10566.16706  
10548.49066  
10652.32797  
10538.62467  
10565.86904  
10660.57086  
10578.099  
10547.24672  
10620.67236  
10693.96546  
10518.97154  
10570.20511  
10614.07024  
10599.88459  
10710.063  
10685.17546  
10629.69636  
10537.36946  
10485.57937  
10520.66264  
10536.4541  
10676.61438  
