11040.55035  
10950.97653  
10975.94448  
10974.76152  
10986.71596  
10896.94601  
10962.64184  
10982.06459  
10938.13683  
10932.1356  
10963.30705  
11027.75234  
10987.12597  
11009.05443  
11025.38091  
10978.82066  
10932.05325  
10929.0576  
10967.1868  
10986.58967  
10956.65031  
10982.57565  
10927.80533  
10977.68315  
10918.68793  
10910.92287  
11000.11654  
10960.47551  
10985.4986  
11107.87615  
10930.23638  
10926.33344  
10921.87432  
10944.50137  
11013.70384  
10966.94416  
10944.13758  
10940.29202  
10992.64181  
11032.13255  
10980.74279  
11018.04626  
11006.17029  
10915.57083  
10926.925  
10977.11014  
11009.14154  
11059.72566  
11010.20873  
10943.40693  
10923.86046  
10965.82803  
11009.59686  
11008.40281  
10973.16069  
10964.21063  
10948.02011  
10924.19667  
10906.46638  
10985.46892  
11005.00584  
11013.84504  
10978.85723  
10914.42956  
10931.85447  
11000.52866  
10985.98673  
10974.38103  
10934.81242  
10960.68642  
10999.51404  
11040.20032  
10926.23919  
10954.74534  
10962.1372  
10935.02049  
10950.03459  
11016.40225  
10996.49105  
10935.14538  
10974.47845  
10912.82961  
10976.51276  
11031.5733  
10923.51126  
10944.51315  
10981.80531  
10892.92863  
10942.45585  
10967.23284  
10947.36687  
10925.51409  
10992.02663  
11028.76255  
10952.37627  
10893.49223  
10961.80979  
10975.77162  
10935.95619  
10965.30385  
10995.76665  
11004.83713  
10989.02633  
11041.90376  
11035.63037  
10965.08093  
10916.02464  
10933.35861  
10926.345  
11014.50297  
11019.20001  
10983.21175  
11013.50257  
10962.87998  
10909.12262  
11015.7516  
10947.248  
10928.29449  
10944.64478  
10994.00402  
10990.00592  
10975.41284  
10924.66332  
10956.84553  
10967.10127  
10947.97783  
10959.78897  
10982.82542  
10983.24503  
10941.56471  
10973.19107  
10990.04744  
10948.50961  
10960.97818  
10986.58502  
10993.09487  
11018.36817  
11001.34488  
10946.52447  
10955.21601  
10973.15055  
10898.45176  
10988.79319  
10971.1705  
10909.9226  
10935.11302  
11038.88304  
11030.55111  
10949.17554  
10907.80359  
10936.42062  
10940.03281  
11020.60647  
11044.42665  
10985.72576  
10967.88132  
10995.31958  
10894.17065  
10964.79383  
11010.02807  
