10952.76458  
10983.84098  
10989.42402  
10937.72946  
10939.96918  
10953.8392  
10942.40925  
10945.36184  
10957.77432  
10964.47208  
10904.0448  
10881.39313  
10935.07024  
10988.2276  
10932.54034  
10847.22606  
10795.78839  
10849.1063  
10927.24782  
10956.31779  
10967.89973  
10895.70104  
10888.40642  
10866.56989  
10876.55722  
10925.18951  
10907.10479  
10908.99653  
10882.1506  
10934.92104  
10931.73329  
10891.25203  
10895.59781  
10859.39575  
10900.13112  
10967.3845  
10923.05137  
10969.15657  
10890.4292  
10906.15492  
10966.66352  
10970.54194  
10924.76002  
10912.79987  
10896.56685  
10926.65354  
10961.27487  
10980.09798  
10982.11418  
10920.48913  
10855.68598  
10889.48576  
10891.05327  
10912.3915  
10944.32767  
10925.45961  
10890.61224  
10854.81159  
10880.16429  
10873.71218  
10866.29765  
10854.33129  
10882.51336  
11052.24284  
11027.33125  
11011.15683  
10981.5385  
11003.75701  
11005.84569  
10968.43275  
10966.10349  
10965.95242  
10991.49319  
11020.78651  
10991.30529  
10959.50468  
10902.38674  
10896.72514  
10939.45059  
10939.69673  
10953.74808  
10996.7553  
10947.85322  
10944.73267  
10915.27858  
10930.72972  
10904.22316  
10895.36609  
10919.0527  
10901.49314  
10934.63342  
10896.62776  
10929.21869  
10907.92887  
10889.04658  
10844.47929  
10870.97727  
10912.82071  
10877.36698  
10878.90187  
10857.52461  
10962.50876  
10937.23301  
10885.99472  
10943.91951  
10926.96672  
10922.15319  
10926.58339  
10904.02777  
10874.43712  
10891.32404  
10886.8216  
10927.93055  
10962.10815  
10928.87914  
10945.72814  
10894.79338  
10874.41759  
10863.42127  
10926.67665  
10919.28862  
10900.29769  
10980.22441  
11007.0655  
11017.26315  
11018.50037  
10993.98812  
10964.53043  
10919.80026  
10913.10229  
10911.95764  
10911.27203  
10923.74852  
10943.04217  
10961.56997  
10931.89908  
10945.5608  
10963.02739  
10959.3748  
10938.31742  
10908.21447  
10902.20262  
10911.86471  
10891.54827  
10898.11138  
10933.14642  
10925.71153  
10907.8945  
10926.43178  
10930.38163  
10915.74763  
10900.43601  
10917.02351  
10924.49226  
10939.21894  
10912.58519  
10958.90459  
10955.06959  
10922.86725  
10918.47144  
