11908.68125  
11933.16152  
11873.30981  
11819.08291  
11762.7937  
11812.56148  
11875.78886  
11846.82626  
11794.96317  
11836.70624  
11877.70248  
11751.29936  
11856.95571  
11773.12129  
11680.62138  
11678.83365  
11688.22695  
11653.7278  
11752.2946  
11819.50686  
11739.39739  
11798.02587  
11833.77831  
11829.54505  
11760.01253  
11748.86662  
11714.5138  
11861.45159  
11946.48757  
11786.15572  
11710.3077  
11776.92806  
11815.65267  
11901.71592  
11870.89472  
11864.70001  
11922.28704  
11880.56618  
11876.94025  
11906.33393  
11908.69346  
11902.54628  
11832.76626  
11799.15687  
11796.07809  
11886.30194  
11844.70281  
11929.37641  
11774.47574  
11814.16858  
11779.4908  
11746.0311  
11770.00501  
11808.16809  
11814.81392  
11801.13812  
11795.6755  
11800.26814  
11781.03316  
11702.6846  
11781.79142  
11887.93122  
11886.87154  
11871.85854  
11888.76444  
11889.43072  
11906.34815  
11757.31066  
11699.33917  
11836.31471  
11790.80418  
11811.54228  
11771.28431  
11757.42181  
11782.0211  
11878.19972  
11874.60624  
11842.53249  
11845.12735  
11874.24094  
11862.66009  
11871.46496  
11813.95834  
11738.23312  
11763.2496  
11709.93974  
11849.4931  
11794.40958  
11782.77719  
11815.75149  
11786.23126  
11716.66261  
11916.32382  
11862.93703  
11898.70945  
11872.00969  
11846.02967  
11735.16732  
11650.52252  
11712.71465  
11779.2166  
11768.94225  
11725.76218  
11746.14119  
11765.82864  
11937.98187  
11826.1736  
11789.85497  
11809.83916  
11787.81374  
11808.88058  
11870.39508  
11821.54431  
11823.11973  
11808.55935  
11631.77875  
11729.23719  
11759.26562  
11814.91829  
11807.46916  
11717.14485  
11939.96545  
11886.11652  
11862.92698  
11946.31878  
11787.87957  
11717.51236  
11746.09648  
11835.21236  
11735.05869  
11795.08165  
11793.71927  
11727.82769  
11733.83583  
11783.10428  
11804.32169  
11968.01842  
11903.8777  
11807.91386  
11905.27413  
11805.75085  
11747.34696  
11816.24601  
11893.92255  
11833.26432  
11870.0057  
11818.71621  
11800.83436  
11746.78313  
11803.80833  
11709.33896  
11697.59519  
11804.11673  
11725.30438  
11800.58019  
11820.02161  
11791.17959  
11904.79757  
11871.05619  
11852.70065  
