10980.0347  
11026.742  
10891.97688  
10891.30923  
10998.52082  
10988.03109  
10958.85563  
10968.08997  
10961.03087  
11027.87096  
10877.46337  
10823.07121  
10913.94158  
10922.60652  
10953.60223  
10834.08553  
10875.17421  
10935.72011  
10905.60132  
10874.98956  
10867.80565  
10866.17616  
10889.69327  
10913.9376  
10822.30738  
10854.90629  
10873.8358  
10886.44234  
10923.07855  
10896.50665  
10899.36488  
10963.91561  
10947.92762  
10960.81167  
10965.14171  
11007.86364  
11028.75242  
11019.09066  
10933.78888  
10939.07441  
11028.82427  
11003.92495  
10968.97357  
10888.96962  
10940.93003  
10959.16909  
10977.29901  
11172.01132  
11001.75091  
10933.85496  
10949.24201  
10858.64263  
10879.30762  
10870.33984  
10918.91936  
10877.9329  
10976.91353  
10960.54379  
10845.55188  
10928.46387  
10925.61967  
10933.98552  
10940.70981  
10978.63556  
10960.30818  
10907.86577  
10861.47309  
10841.68664  
10959.03268  
10951.729  
10977.58637  
10926.00432  
10864.78005  
10856.88793  
10952.59951  
10999.81203  
10959.05272  
10950.69921  
10959.89401  
10897.73441  
10891.66106  
10898.12612  
10980.1061  
10961.58702  
10951.85528  
10816.18797  
10888.82265  
10919.49849  
10973.50965  
10913.8189  
10853.5694  
10886.28053  
10960.92502  
10965.93596  
10928.96458  
10959.25713  
10911.39228  
10854.62531  
10929.61666  
10882.77289  
10939.07804  
10874.62506  
10884.17037  
10947.79711  
10978.13111  
11002.39593  
10875.39816  
10863.73388  
10896.66913  
10981.28247  
10891.55984  
10904.07209  
10946.76372  
10958.79875  
10866.65659  
10859.85964  
10957.77637  
10931.14717  
10884.81237  
10866.33968  
10881.9819  
10962.40497  
10950.20204  
10920.71995  
11015.6773  
10993.54285  
10900.13748  
10879.58664  
11012.53166  
10956.0537  
10943.11054  
10849.27193  
10836.40357  
10881.19604  
10938.97828  
10859.77512  
10923.06184  
10933.60123  
10918.22751  
10993.42541  
10985.13737  
10962.28165  
10926.92703  
11001.53289  
10966.24908  
10987.52064  
10893.56082  
10821.66116  
10862.66351  
10849.31696  
10868.91917  
10921.24085  
10983.23616  
10947.64973  
10917.31322  
10873.84503  
10931.09362  
10994.19487  
10993.37422  
10941.89977  
