11559.62039  
11590.56362  
11509.12393  
11517.51961  
11589.73548  
11576.61593  
11531.35112  
11538.83347  
11573.18593  
11621.58342  
11474.13792  
11420.41383  
11504.49768  
11516.12119  
11509.96589  
11446.08891  
11507.3001  
11534.97592  
11478.32964  
11467.07494  
11494.43626  
11496.22046  
11502.05359  
11484.91398  
11431.3256  
11500.58761  
11522.92813  
11478.8902  
11511.8144  
11507.59715  
11480.31926  
11529.40033  
11522.16053  
11505.26125  
11547.29553  
11562.24057  
11589.92368  
11594.79695  
11538.11742  
11532.01289  
11582.50971  
11563.52646  
11503.5039  
11475.40344  
11503.56163  
11538.3064  
11566.8292  
11730.35117  
11619.83263  
11532.10943  
11535.92377  
11470.46426  
11508.7986  
11492.54415  
11556.33914  
11514.18527  
11549.30179  
11519.57964  
11454.35889  
11579.46926  
11521.70226  
11526.74897  
11527.05316  
11548.53911  
11533.34221  
11521.44782  
11480.16749  
11490.76605  
11563.24309  
11540.90561  
11558.14259  
11500.74987  
11477.51645  
11470.26998  
11541.65834  
11580.85813  
11543.43063  
11522.83459  
11534.14526  
11510.32292  
11507.88709  
11480.42045  
11572.83407  
11566.42549  
11511.32481  
11422.86981  
11525.31753  
11531.59283  
11564.40687  
11486.80069  
11462.26408  
11515.24323  
11532.08272  
11538.16048  
11524.31252  
11509.36145  
11507.98132  
11468.74691  
11496.36856  
11479.73483  
11512.06659  
11490.48404  
11504.49659  
11549.83586  
11599.08287  
11562.5484  
11492.59209  
11496.77362  
11526.68835  
11581.00772  
11478.22863  
11499.02805  
11521.18673  
11514.70881  
11479.26926  
11503.44698  
11552.59978  
11534.42653  
11519.46266  
11504.00731  
11506.66917  
11556.6005  
11512.31471  
11487.41077  
11559.28961  
11551.72307  
11495.27077  
11468.41615  
11600.2626  
11560.32596  
11505.31518  
11458.33307  
11463.25751  
11483.01396  
11537.38471  
11449.84048  
11539.74632  
11564.60139  
11522.41613  
11573.89377  
11545.35864  
11547.6505  
11519.62144  
11569.26454  
11544.00311  
11558.93919  
11485.87066  
11454.61946  
11470.72449  
11454.56721  
11508.23512  
11522.8596  
11561.9024  
11507.32965  
11506.61517  
11514.41982  
11533.35198  
11593.94424  
11573.44115  
11503.06892  
