10957.99099  
10982.78602  
10881.58013  
10871.688  
10888.02471  
10900.20995  
10972.80636  
10873.07285  
10871.13475  
10881.77055  
10902.06327  
10847.14127  
10879.53332  
10904.10833  
10857.63758  
10821.2879  
10817.93446  
10820.29274  
10864.6667  
10863.43108  
10833.1839  
10792.28061  
10841.76503  
10915.93102  
10805.32672  
10806.69682  
10810.12341  
10865.8351  
10908.12595  
10853.63065  
10806.97975  
10874.3307  
10874.41927  
10949.62715  
10921.03744  
10930.26552  
11010.67867  
10949.44189  
10903.9209  
10923.59714  
10962.63057  
10941.96334  
10933.45806  
10887.34822  
10897.97212  
10923.26885  
10933.43198  
11060.1281  
10924.63384  
10925.80923  
10934.03745  
10868.04013  
10851.92796  
10857.47483  
10879.57122  
10825.79313  
10875.52707  
10925.16975  
10846.73416  
10788.17234  
10851.3223  
10917.83045  
10883.22438  
10898.31224  
10946.77808  
10913.07974  
10844.32259  
10810.56418  
10873.91233  
10879.55988  
10880.50634  
10868.49529  
10854.91135  
10811.72087  
10844.7031  
10900.0137  
10890.33028  
10927.36763  
10976.62883  
10893.84385  
10881.91477  
10870.85905  
10859.99901  
10829.05338  
10919.78678  
10808.74771  
10816.56532  
10839.74838  
10909.6149  
10864.83649  
10855.38484  
10827.19134  
10907.28783  
10917.34434  
10882.7925  
10951.25208  
10899.38522  
10839.27368  
10857.13077  
10858.04577  
10962.12406  
10867.3778  
10820.49079  
10857.39816  
10866.66298  
10959.20507  
10863.77964  
10851.6551  
10872.42839  
10892.18714  
10869.38438  
10910.16114  
10926.95886  
10921.85239  
10882.4022  
10844.11246  
10879.70768  
10922.54495  
10877.9818  
10855.9029  
10820.9163  
10904.98364  
10926.11389  
10905.36063  
10957.78798  
10867.64797  
10827.54185  
10834.08098  
10930.33286  
10848.86422  
10869.74228  
10872.26743  
10827.25519  
10813.79243  
10854.16392  
10832.78911  
10842.82743  
10894.39441  
10882.84069  
10931.50896  
10899.34213  
10873.90765  
10906.98791  
10945.59619  
10903.2509  
10949.528  
10874.02485  
10828.03396  
10863.56776  
10847.89192  
10813.53372  
10829.11676  
10910.52069  
10919.76394  
10886.70336  
10832.44189  
10862.55133  
10920.02413  
10956.28078  
10906.58167  
