10596.54006  
10630.52168  
10490.05735  
10527.66829  
10520.51517  
10557.27591  
10549.90192  
10495.15499  
10528.12981  
10542.77365  
10533.10449  
10520.91234  
10537.84509  
10516.51383  
10426.23937  
10404.3646  
10377.34842  
10393.62931  
10423.61788  
10395.03033  
10489.18595  
10376.1993  
10397.75408  
10498.44225  
10438.07889  
10433.94897  
10396.47666  
10471.35154  
10508.77641  
10474.55402  
10423.44376  
10486.97616  
10491.31694  
10496.33561  
10516.23382  
10563.36828  
10630.63126  
10552.1924  
10490.48043  
10540.12833  
10573.29611  
10525.73114  
10500.1835  
10479.22361  
10468.53159  
10506.68986  
10530.64043  
10679.43151  
10493.65887  
10513.89183  
10502.54929  
10476.89892  
10468.70245  
10448.00513  
10511.86012  
10461.9915  
10468.92743  
10499.77893  
10421.65906  
10401.27484  
10452.28542  
10544.23286  
10524.34157  
10650.65985  
10647.5269  
10610.24833  
10534.13951  
10559.37132  
10578.4239  
10548.55744  
10529.07196  
10551.02097  
10498.73625  
10509.67569  
10492.12312  
10476.11123  
10443.33944  
10481.88745  
10556.05046  
10495.27183  
10485.11709  
10490.54  
10446.1669  
10453.37983  
10515.51599  
10450.32495  
10419.68559  
10452.29892  
10523.04688  
10465.0939  
10433.42997  
10407.29203  
10485.6619  
10540.6858  
10473.93059  
10515.4812  
10480.50348  
10456.95805  
10450.36432  
10487.89229  
10546.44169  
10465.79073  
10448.7891  
10462.15838  
10507.64135  
10539.13482  
10516.49305  
10518.67626  
10520.17929  
10497.5103  
10476.4353  
10478.44307  
10544.40759  
10513.39618  
10489.25624  
10486.22342  
10457.18731  
10508.06633  
10485.62096  
10464.98382  
10465.18183  
10517.45343  
10553.60093  
10558.07341  
10526.58965  
10514.77147  
10448.57564  
10488.86629  
10577.83136  
10440.6087  
10461.37299  
10483.03351  
10443.78692  
10458.74234  
10481.47174  
10495.62533  
10491.82045  
10583.25798  
10499.85275  
10527.51698  
10535.31696  
10512.91326  
10475.19077  
10532.21846  
10464.96942  
10562.42226  
10477.60241  
10486.74071  
10461.37194  
10473.68208  
10471.31351  
10438.72599  
10468.61366  
10537.32535  
10499.27476  
10478.33848  
10545.91569  
10511.50596  
10529.87709  
10499.41586  
