9593.835449  
9625.269139  
9616.917358  
9502.263445  
9444.153599  
9439.45425  
9493.571368  
9483.401699  
9436.840411  
9408.123439  
9594.308489  
9736.406878  
9719.422084  
9763.976039  
9788.455287  
9694.952332  
9702.59586  
9687.366089  
9645.077096  
9760.379508  
9710.809256  
9594.071795  
9623.512137  
9652.369376  
9614.84021  
9609.657096  
9640.592486  
9626.55964  
9629.349749  
9583.218244  
9635.183105  
9540.807626  
9691.188363  
9728.339975  
9614.905927  
9588.034677  
9506.617458  
9520.688311  
9577.80127  
9647.884356  
9665.57285  
9546.894592  
9480.11152  
9525.607553  
9555.55576  
9574.745858  
9584.860849  
9575.883336  
9579.818202  
9612.874773  
9554.384129  
9580.713205  
9600.178667  
9674.865278  
9606.839478  
9519.749512  
9536.875567  
9572.866568  
9683.01076  
9620.892447  
9579.457284  
9704.769819  
9810.242885  
9747.223842  
9588.655736  
9588.30338  
9612.727312  
9702.185774  
9650.618434  
9627.259722  
9640.595703  
9616.118234  
9585.608294  
9537.204555  
9540.331709  
9654.510289  
9628.318028  
9583.037955  
9596.288661  
9566.787563  
9574.178632  
9547.748753  
9544.732422  
9758.659119  
9689.196333  
9625.399205  
9591.264012  
9605.959237  
9565.333548  
9586.497716  
9600.134635  
9594.731707  
9532.163025  
9509.03547  
9546.08796  
9584.644087  
9673.514125  
9633.033064  
9526.421291  
9537.372158  
9632.05011  
9656.814035  
9610.043727  
9688.468706  
9604.042158  
9529.793047  
9508.044102  
9566.303641  
9607.475839  
9614.414725  
9603.3142  
9574.461243  
9525.613717  
9501.852836  
9573.446463  
9517.447937  
9514.624651  
9524.441929  
9512.757743  
9577.862122  
9676.040737  
9590.200431  
9488.070862  
9590.854039  
9597.734314  
9590.55467  
9559.313354  
9613.770769  
9528.882935  
9534.003453  
9631.722534  
9664.215541  
9703.342128  
9817.800642  
9650.379787  
9575.700823  
9645.421456  
9636.02941  
9598.382717  
9514.809038  
9710.712263  
9797.379752  
9636.00511  
9560.38412  
9540.883998  
9640.533142  
9562.727809  
9585.745257  
9641.621538  
9640.470267  
9588.175511  
9591.291879  
9566.190717  
9568.255694  
9579.447309  
9598.186114  
9576.590393  
9538.54534  
9559.708496  
9560.758205  
