10884.54062  
10820.07012  
10821.71722  
10753.68277  
10741.17559  
10791.32965  
10838.33617  
10839.6162  
10801.46208  
10819.47406  
10651.93743  
11159.76745  
11163.53912  
11163.53416  
11043.3044  
11026.21364  
10968.42235  
10869.47823  
10797.32051  
10913.90461  
10914.93019  
10928.09935  
10811.95702  
10941.73183  
10959.83854  
10910.40301  
10987.22567  
10894.94795  
10901.5672  
10828.44203  
10847.87639  
10957.36155  
10941.69131  
10907.63633  
10893.80038  
10934.75357  
10856.31262  
10860.76356  
10885.78879  
10950.42947  
10992.68638  
10878.9104  
10787.84632  
10753.13605  
10781.4528  
10797.94079  
10807.84345  
10803.74847  
10907.47825  
10920.64422  
10923.0731  
10928.50587  
10973.04003  
10960.00842  
10847.12881  
10888.98701  
10882.34619  
10995.73089  
10973.87455  
10882.84997  
10839.88847  
11033.33994  
11073.57955  
11081.09718  
11002.61138  
10790.26696  
10855.26699  
10939.74462  
10863.13757  
10828.0627  
10866.27799  
10823.91369  
10790.58913  
10757.31389  
10855.83757  
10887.62765  
10875.39116  
10938.5669  
10922.69235  
10903.87699  
10932.96084  
10931.96486  
10908.35954  
10942.90779  
10942.10907  
10877.78281  
10876.36534  
10833.34675  
10837.85311  
10885.69049  
10942.52406  
10901.9157  
10872.03697  
10797.63239  
10838.42182  
10824.31779  
10916.00248  
10885.07742  
10781.39268  
10815.77952  
10916.12554  
10848.1583  
10900.53202  
10926.38413  
10898.14669  
10851.73784  
10874.22006  
10875.55065  
10864.89876  
10841.17618  
10912.42602  
10899.48493  
10852.71854  
10892.83714  
10947.49099  
10900.6208  
10920.47016  
10864.26992  
10912.50766  
10931.40789  
10888.43064  
10848.55164  
10903.39558  
10939.17905  
10865.05182  
10817.05933  
10887.18329  
10889.11513  
10880.66926  
10799.41987  
10795.28971  
10998.13574  
11040.50647  
11017.44584  
10874.05818  
10826.22081  
10883.84347  
10867.8965  
10796.9488  
10922.3272  
11119.61858  
10971.30418  
10952.91333  
10994.54537  
10885.49318  
10824.04022  
10877.71334  
10891.92775  
10915.29521  
10903.4247  
10906.34839  
10861.99056  
10827.11989  
10817.37998  
10857.43287  
10902.36304  
10874.94182  
10809.16696  
10822.27145  
10909.67004  
