12363.4801  
12300.42423  
12328.23527  
12264.53286  
12234.77274  
12259.95981  
12236.79395  
12274.20665  
12277.22623  
12222.27837  
12117.86193  
12687.62056  
12755.19353  
12605.26568  
12666.19881  
12365.35352  
12385.78966  
12406.98162  
12432.52223  
12389.03833  
12354.64482  
12244.92763  
12378.50271  
12557.41221  
12442.10825  
12321.66741  
12323.54621  
12375.39794  
12371.64493  
12426.86631  
12440.41226  
12428.64868  
12444.32633  
12458.52844  
12416.05333  
12511.68068  
12401.85211  
12423.05674  
12415.58579  
12468.4715  
12518.13706  
12503.58212  
12277.34139  
12261.00115  
12286.14033  
12278.26136  
12331.92717  
12383.60144  
12450.06266  
12554.3128  
12543.2926  
12435.22326  
12441.79847  
12419.8922  
12407.15823  
12275.43068  
12204.73597  
12388.52376  
12455.49226  
12357.95963  
12394.34409  
12660.04288  
12576.14382  
12572.93725  
12345.43111  
12239.80794  
12273.49664  
12293.06892  
12375.03851  
12330.09229  
12383.48113  
12367.29344  
12298.90437  
12215.15612  
12309.31114  
12326.70563  
12266.20726  
12413.61723  
12415.19954  
12414.40626  
12434.69567  
12431.48063  
12352.76443  
12369.12065  
12355.48108  
12260.62171  
12281.80218  
12376.45917  
12367.4208  
12297.09065  
12389.99927  
12394.39405  
12490.56647  
12347.26959  
12394.96967  
12370.88476  
12378.59075  
12349.04628  
12211.60198  
12231.87081  
12261.71399  
12223.80182  
12353.75583  
12475.89588  
12502.062  
12352.51431  
12441.20516  
12427.90272  
12385.22571  
12396.1991  
12480.65054  
12514.25966  
12391.0802  
12302.97262  
12391.18575  
12386.9695  
12385.63109  
12246.3141  
12219.67357  
12311.53544  
12414.70207  
12521.11213  
12492.61134  
12319.7463  
12271.32179  
12315.3755  
12269.51797  
12318.49266  
12301.96731  
12186.17586  
12181.53009  
12421.54461  
12425.39648  
12448.07596  
12468.8016  
12337.88445  
12333.03647  
12272.37469  
12244.22855  
12341.18521  
12685.25784  
12451.59844  
12305.08483  
12359.97552  
12448.98222  
12457.98974  
12344.48778  
12304.49374  
12393.59293  
12444.6877  
12410.31444  
12371.00247  
12328.32887  
12399.63238  
12430.92142  
12391.34088  
12347.51023  
12320.67618  
12293.31017  
12363.3813  
