10707.44735  
10745.33904  
10738.62763  
10640.5501  
10626.5895  
10590.86362  
10664.93765  
10715.7737  
10647.74274  
10595.67098  
10801.11603  
10894.33638  
10896.96669  
10888.92546  
11012.3638  
10943.80273  
10893.72164  
10843.69389  
10863.77657  
10922.7128  
10836.311  
10751.07276  
10824.39462  
10788.52262  
10792.02312  
10788.57807  
10787.8515  
10732.11006  
10741.77353  
10708.11773  
10766.43323  
10767.79217  
10794.67787  
10859.77616  
10796.4504  
10759.12763  
10698.17462  
10721.38287  
10748.36678  
10800.71582  
10868.93892  
10800.04674  
10727.46707  
10713.64312  
10704.7487  
10734.46271  
10762.21787  
10755.96103  
10822.06222  
10811.02839  
10752.68005  
10711.88497  
10732.32597  
10816.25756  
10789.54395  
10702.38153  
10724.04726  
10749.86121  
10790.75399  
10812.40162  
10867.57306  
10911.85758  
10905.07707  
10932.28234  
10797.11223  
10739.92247  
10790.437  
10824.22619  
10790.73836  
10770.4599  
10774.2205  
10738.74033  
10698.48885  
10721.81287  
10694.21402  
10767.30246  
10750.95989  
10718.981  
10759.88111  
10738.25753  
10765.15483  
10766.88626  
10796.77188  
10861.93838  
10821.69136  
10785.46248  
10745.23059  
10762.74048  
10712.74261  
10698.18629  
10722.08698  
10780.46659  
10751.28093  
10712.3887  
10717.52591  
10733.22896  
10800.66997  
10748.37892  
10687.59396  
10716.48042  
10752.60407  
10794.02751  
10746.19174  
10813.36956  
10759.26595  
10694.47127  
10677.08549  
10724.81285  
10746.95851  
10739.26629  
10759.63975  
10779.28368  
10757.0374  
10703.48535  
10767.3007  
10748.32097  
10772.8994  
10732.12008  
10729.67871  
10741.61197  
10850.90785  
10824.02721  
10700.48274  
10734.37934  
10766.93508  
10751.70413  
10725.99427  
10752.90908  
10747.1872  
10724.06609  
10803.47589  
10787.42185  
10795.63045  
10879.02982  
10791.36256  
10734.1405  
10747.60829  
10759.50898  
10747.01324  
10713.76715  
10913.71435  
10928.95879  
10803.68265  
10772.27324  
10800.04058  
10852.42548  
10791.39585  
10742.79799  
10757.95604  
10788.88618  
10757.45822  
10727.09538  
10715.94287  
10762.21279  
10749.80388  
10740.60697  
10727.99111  
10719.45287  
10747.50477  
10742.88858  
