10437.43261  
10428.32761  
10481.27464  
10492.07692  
10453.8873  
10423.9638  
10424.16675  
10362.01371  
10348.80297  
10343.43753  
10395.16017  
10512.84751  
10625.06494  
10589.76651  
10687.61885  
10482.82866  
10400.2304  
10442.51232  
10450.1714  
10552.32375  
10551.89988  
10488.57799  
10436.32567  
10520.77169  
10427.5719  
10446.07422  
10467.07032  
10484.9948  
10552.28599  
10569.74945  
10544.14901  
10460.34452  
10506.43315  
10539.46359  
10497.32119  
10466.3872  
10449.82246  
10445.87124  
10462.61593  
10606.87116  
10588.35324  
10472.03368  
10418.66167  
10361.5354  
10410.251  
10410.82916  
10481.81384  
10492.24302  
10480.60637  
10419.85533  
10386.52631  
10436.32254  
10449.4158  
10478.3798  
10518.86739  
10448.66369  
10391.41304  
10419.36216  
10432.52955  
10471.52464  
10469.43477  
10554.52572  
10619.6231  
10606.34767  
10568.16708  
10474.75762  
10416.15932  
10469.13662  
10453.8216  
10496.70709  
10483.38087  
10510.84075  
10511.16727  
10471.01916  
10434.06862  
10461.79875  
10477.45507  
10483.66979  
10440.23385  
10418.76597  
10436.60893  
10474.69309  
10465.91385  
10539.28469  
10534.34996  
10506.7459  
10460.89176  
10456.95724  
10456.84212  
10400.44166  
10420.17051  
10437.59124  
10474.88087  
10455.77978  
10411.88586  
10435.93807  
10495.90377  
10476.62725  
10469.47213  
10508.97288  
10505.97585  
10431.96046  
10444.50853  
10514.25109  
10489.09196  
10449.29356  
10431.43553  
10455.58096  
10473.54354  
10393.22099  
10414.02939  
10436.48543  
10496.39863  
10489.95239  
10496.19145  
10470.75006  
10456.0879  
10439.90064  
10430.063  
10455.42805  
10521.84999  
10487.6813  
10500.50953  
10511.15963  
10516.45455  
10514.76706  
10446.65971  
10429.27475  
10439.4126  
10464.2854  
10456.40654  
10469.55312  
10508.61637  
10545.48449  
10515.1206  
10448.806  
10440.81118  
10454.66947  
10421.78259  
10427.03065  
10538.92356  
10550.58415  
10474.81865  
10413.30109  
10471.78344  
10465.51933  
10437.54089  
10416.90971  
10449.59376  
10472.26593  
10438.59694  
10473.69147  
10482.90449  
10485.72242  
10464.25072  
10480.96916  
10515.99334  
10514.69173  
10474.38317  
10393.92727  
