10997.58525  
11002.76054  
11014.52019  
10947.40104  
10963.14916  
10923.62837  
10990.39919  
11062.62807  
10994.14204  
10936.31614  
11143.11515  
11237.61141  
11237.71283  
11238.8384  
11364.93418  
11285.06444  
11239.21249  
11143.12341  
11153.52563  
11199.35127  
11142.79903  
11059.45284  
11131.8977  
11102.36668  
11104.45184  
11132.66607  
11079.16715  
11055.66369  
11055.8794  
11030.90287  
11061.67341  
11109.38362  
11107.84001  
11157.45884  
11126.28956  
11096.32934  
11047.59905  
11075.25611  
11063.94185  
11117.43012  
11221.29983  
11150.0728  
11043.20107  
11027.62164  
11008.83186  
11024.23406  
11062.47854  
11047.18004  
11144.65003  
11143.25651  
11083.3339  
11049.13107  
11047.56437  
11114.12434  
11102.88969  
11018.13947  
11051.93295  
11076.35532  
11068.57826  
11127.77537  
11201.68062  
11215.28801  
11209.18238  
11284.25107  
11124.38674  
11061.26728  
11101.46069  
11118.76667  
11121.6176  
11083.80812  
11087.94976  
11046.99784  
11048.89682  
11069.26626  
11023.58249  
11052.11926  
11044.04027  
11054.01502  
11078.55944  
11073.88809  
11092.66652  
11108.09811  
11129.72853  
11154.82649  
11141.44028  
11095.80587  
11042.52329  
11082.35667  
11037.9195  
11008.58719  
11056.52442  
11114.96822  
11086.76718  
11049.91865  
11024.67717  
11037.40001  
11107.62448  
11070.68302  
11003.03947  
11048.40339  
11069.67074  
11098.77679  
11039.78486  
11143.2691  
11093.67097  
11026.8225  
11031.01599  
11043.08978  
11041.46015  
11041.32412  
11095.98346  
11111.16176  
11090.64952  
11032.39927  
11067.29446  
11070.83901  
11114.0062  
11063.6979  
11041.23486  
11050.43697  
11144.31958  
11171.11654  
11032.99743  
11047.47701  
11076.28675  
11051.57551  
11038.70656  
11057.83051  
11062.95841  
11026.40346  
11094.93397  
11105.88456  
11109.56068  
11191.35699  
11105.60456  
11030.24482  
11029.06598  
11062.99959  
11052.65514  
11044.51809  
11251.65608  
11218.67826  
11099.73939  
11103.00314  
11148.73024  
11164.65031  
11098.54009  
11044.63847  
11089.34906  
11104.60279  
11071.45795  
11059.11613  
11056.54075  
11086.49462  
11074.8121  
11068.23221  
11059.04551  
11058.25606  
11074.71163  
11066.80871  
