10985.93212  
10913.76851  
11025.70462  
10952.6439  
11074.12028  
10994.93738  
11067.21148  
10983.45945  
10969.58795  
11159.65733  
10896.23422  
11095.61724  
10917.3481  
11018.516  
10981.2604  
10920.93818  
11079.71024  
10874.45734  
11158.77181  
10942.42349  
11165.84814  
10936.80922  
11128.86584  
10908.86031  
11079.06396  
10968.38343  
11039.74343  
11006.31302  
11045.0762  
11007.67981  
11080.15148  
10955.83972  
11132.01231  
11010.69913  
11079.56685  
10972.52724  
11015.23007  
10960.60684  
10944.28624  
11117.60205  
10900.75643  
11128.24071  
11001.55661  
11033.06743  
11192.21773  
10915.80064  
10942.81181  
11019.19581  
10982.68897  
10943.75718  
10909.93947  
11140.29951  
10992.16381  
11155.4572  
10913.70112  
10962.28001  
10943.54699  
11081.68503  
10931.59669  
10892.55193  
11135.45609  
10906.92587  
10918.34144  
11025.36271  
10976.5376  
11055.72436  
10934.60628  
11084.84021  
10974.28198  
10983.151  
11041.82627  
11082.67058  
11261.01932  
11019.78059  
11102.82386  
10944.02239  
11072.15543  
10999.76897  
11024.74277  
10937.82617  
11044.98873  
10859.98828  
11128.00115  
10897.7753  
10999.78672  
11211.8328  
10933.21237  
11074.67438  
10839.49793  
11022.22171  
11126.66861  
11066.69798  
10889.93741  
11072.03312  
10922.36613  
11135.52096  
10834.0409  
10944.67357  
10920.65832  
10996.69798  
10918.12729  
10898.72593  
11103.21141  
11020.47371  
11027.49389  
11103.60118  
10905.6308  
10977.68415  
11099.84634  
10918.63034  
10990.9604  
10863.66186  
11049.54731  
10952.04652  
11097.19596  
10929.57851  
10928.3787  
10955.90198  
11118.74225  
10844.64471  
11102.17965  
10937.79435  
11115.27084  
10967.68355  
10964.09946  
11041.97995  
10957.21295  
11159.26776  
10869.22549  
11022.89443  
10967.82897  
11027.42807  
11129.39389  
10942.2994  
11114.10431  
10963.64766  
11058.91931  
11197.69738  
10998.90886  
10981.47627  
11038.9139  
10935.02712  
11176.38609  
10878.61328  
11083.14897  
10983.5665  
10966.64424  
11115.4007  
11000.20345  
10928.30917  
11099.71867  
10925.94544  
10901.55973  
11023.38192  
10966.35759  
11141.71451  
10989.4177  
10906.70778  
11058.85513  
10955.4505  
