11316.32838  
11283.46916  
11331.71855  
11277.75755  
11342.17114  
11260.00654  
11383.12907  
11244.74837  
11318.3536  
11299.34206  
11288.09013  
11279.36597  
11275.17379  
11271.99002  
11322.98417  
11269.52929  
11278.6796  
11264.62718  
11260.40293  
11272.71896  
11301.09313  
11250.78164  
11286.72516  
11238.38036  
11239.17148  
11263.16581  
11308.00284  
11358.7231  
11351.42724  
11326.08258  
11292.77043  
11300.0496  
11288.09278  
11299.74438  
11342.39526  
11271.65745  
11355.77387  
11287.00901  
11262.51492  
11278.2626  
11297.17884  
11324.5936  
11283.71249  
11334.85433  
11337.04471  
11263.39853  
11336.41186  
11214.76157  
11311.17076  
11260.34092  
11285.39703  
11307.93256  
11312.28663  
11360.13198  
11275.27583  
11338.24231  
11267.0337  
11313.05619  
11268.63629  
11264.21387  
11302.57515  
11261.82278  
11202.58132  
11282.59966  
11220.30069  
11339.21787  
11256.54885  
11243.39687  
11269.30942  
11242.69189  
11307.22906  
11293.79419  
11356.51881  
11338.22911  
11313.92491  
11297.62992  
11291.3304  
11367.11767  
11284.53824  
11294.95494  
11340.21823  
11292.68679  
11316.09518  
11362.84545  
11357.85174  
11389.95029  
11319.53864  
11328.62573  
11243.45689  
11323.17279  
11314.51935  
11265.19355  
11249.00355  
11213.10657  
11253.32704  
11312.95418  
11220.05437  
11309.04875  
11202.36705  
11284.48795  
11241.58748  
11260.2659  
11275.70282  
11251.9807  
11288.45539  
11317.53233  
11227.05344  
11301.12442  
11294.58033  
11307.47437  
11338.32543  
11256.08461  
11302.9686  
11258.07141  
11345.88519  
11223.6394  
11238.11951  
11319.59554  
11341.64306  
11269.91088  
11303.99872  
11291.13638  
11339.45749  
11265.70453  
11262.569  
11228.13114  
11271.68466  
11288.29881  
11272.23171  
11308.80428  
11236.4571  
11318.59595  
11312.05271  
11330.23792  
11321.14175  
11237.66836  
11335.75911  
11349.94242  
11300.87027  
11332.48884  
11302.03653  
11302.04257  
11356.24177  
11298.12395  
11308.77301  
11347.80217  
11321.36853  
11320.92988  
11328.98083  
11271.9194  
11304.28277  
11271.846  
11274.6818  
11316.68638  
11241.69995  
11243.94447  
11311.14192  
11242.15582  
11299.72737  
11236.20041  
