11868.27856  
11706.07349  
11681.56307  
11728.43686  
11733.59957  
11737.50756  
11786.3207  
11849.58398  
11749.4241  
11740.48856  
11705.43195  
11696.08419  
11699.42642  
11696.2105  
11667.54039  
11656.70286  
11642.30691  
11607.97716  
11593.06198  
11647.45419  
11653.0431  
11683.45619  
11648.51259  
11665.56567  
11641.18713  
11763.68561  
11751.28392  
11892.02541  
11773.09984  
11759.76793  
11659.10115  
11724.90205  
11710.62779  
11839.27883  
11779.98985  
11774.81447  
11712.3969  
11707.63946  
11886.75175  
11650.70506  
11630.82652  
11633.05676  
11726.20899  
11826.04021  
11713.54835  
11633.87381  
11621.88534  
11704.46211  
11653.7718  
11584.80816  
11670.19242  
11719.13543  
11830.51711  
11752.37418  
11728.66205  
11713.81209  
11776.55408  
11647.37735  
11785.12793  
11855.38718  
11740.99835  
11690.82213  
11619.59851  
11703.24768  
11816.13788  
11800.33389  
11858.28217  
11731.1852  
11755.90262  
11674.16366  
11730.69339  
11907.05256  
11856.94609  
11895.33071  
11726.74445  
11724.97349  
11713.68476  
11818.45855  
11725.53323  
11684.03693  
11579.40202  
11630.28718  
11639.15659  
11801.85247  
11818.98027  
11802.23787  
11797.1304  
11686.78565  
11659.81229  
11678.702  
11754.66911  
11690.35667  
11719.36502  
11636.18699  
11783.98233  
11730.78578  
11677.13985  
11594.09421  
11652.56455  
11732.17817  
11669.86318  
11637.81955  
11644.04082  
11716.98774  
11811.12568  
11651.43278  
11662.81957  
11744.91438  
11771.98362  
11676.44623  
11609.65645  
11619.96068  
11710.1479  
11776.10588  
11740.72508  
11624.66255  
11713.08108  
11799.65491  
11751.83967  
11633.60189  
11617.83433  
11786.61816  
11707.29125  
11633.68186  
11671.16006  
11642.03298  
11748.93384  
11702.99518  
11631.79516  
11618.66848  
11689.67068  
11772.70738  
11843.99337  
11805.36655  
11697.8911  
11682.38117  
11825.15556  
11910.57063  
11773.35548  
11763.66606  
11748.76342  
11752.895  
11686.35821  
11683.08368  
11674.48743  
11692.1282  
11763.39029  
11673.39352  
11783.44336  
11682.68752  
11709.16639  
11742.25748  
11616.57167  
11668.44138  
11769.01625  
11670.29451  
11706.26722  
11705.29526  
11680.19425  
11777.72085  
