10309.3873  
10150.69072  
10236.47236  
10091.16129  
10208.22835  
10168.04896  
10167.87607  
10316.21232  
10262.06204  
10281.07187  
10091.29648  
10211.30841  
10243.28724  
10270.42435  
10362.62687  
10159.53026  
10235.79541  
10074.31139  
10204.71433  
10071.0123  
10227.36761  
10080.86799  
10195.82043  
10052.22515  
10160.99816  
10205.43534  
10240.32486  
10309.62404  
10264.5248  
10234.85418  
10202.73058  
10074.61382  
10203.08639  
10101.37095  
10268.6857  
10243.8432  
10321.52205  
10320.91503  
10214.95151  
10196.14742  
10050.78271  
10204.28659  
10257.9462  
10240.10485  
10308.04933  
10096.57785  
10204.79326  
10286.45492  
10308.97275  
10189.2545  
10086.9949  
10225.31235  
10145.03567  
10305.05127  
10191.9077  
10201.75035  
10131.47667  
10123.671  
10203.55906  
10118.69839  
10215.6756  
10172.69465  
10068.84307  
10207.31435  
10155.38983  
10286.23818  
10116.11614  
10150.63034  
10248.86213  
10129.33327  
10271.28789  
10217.88981  
10328.71797  
10299.13194  
10203.17787  
10188.75845  
10231.56501  
10229.37643  
10324.43118  
10352.58285  
10242.09769  
10066.16088  
10145.1825  
10154.48086  
10149.65563  
10337.08558  
10170.02656  
10231.9063  
10126.22246  
10227.48995  
10297.13899  
10186.46037  
10044.06163  
10132.08925  
10059.68857  
10253.66678  
10073.25783  
10193.2629  
10134.38186  
10245.64245  
10227.82624  
10116.44188  
10246.98661  
10347.21477  
10263.106  
10226.00436  
10152.25254  
10226.49525  
10389.10921  
10165.12958  
10254.9461  
10062.57697  
10241.40913  
10200.62816  
10346.91422  
10210.48423  
10083.24702  
10172.78383  
10284.45685  
10051.90703  
10167.43901  
10127.27852  
10307.15799  
10217.28386  
10196.92955  
10233.43645  
10230.60617  
10286.02257  
10135.59206  
10270.86206  
10202.99875  
10307.92427  
10347.81253  
10173.02665  
10199.61687  
10140.38803  
10255.02841  
10400.88739  
10218.97646  
10221.60507  
10233.22406  
10211.09739  
10302.02623  
10133.83987  
10127.59017  
10271.2838  
10194.37094  
10151.30672  
10298.75452  
10179.04628  
10186.81533  
10159.44724  
10110.22469  
10226.10006  
10117.51469  
10149.69815  
10278.10297  
10132.39726  
10216.77038  
10231.86131  
