11342.90922  
11328.51938  
11401.02198  
11328.6333  
11398.94679  
11296.6663  
11467.28869  
11294.8984  
11327.87826  
11373.79318  
11332.94628  
11361.84958  
11305.65764  
11350.48936  
11392.52807  
11313.03713  
11338.78469  
11278.00635  
11335.35756  
11298.6269  
11391.14658  
11272.34011  
11374.08354  
11257.69263  
11308.47394  
11285.58851  
11374.8139  
11397.51654  
11419.56617  
11354.15408  
11352.58956  
11317.04325  
11365.79528  
11336.9781  
11415.67024  
11320.77206  
11432.27864  
11335.30702  
11293.05369  
11351.62005  
11322.22656  
11386.71423  
11307.94553  
11342.25755  
11429.04928  
11288.69857  
11393.17773  
11248.57884  
11394.98149  
11312.52505  
11303.73029  
11359.42874  
11331.38082  
11460.18739  
11295.59507  
11402.03373  
11316.22852  
11401.84453  
11274.47733  
11313.29945  
11386.4697  
11246.61  
11252.5029  
11323.74664  
11266.94471  
11417.74445  
11292.92015  
11328.76772  
11317.30362  
11317.28708  
11361.33047  
11331.86323  
11447.99017  
11373.29368  
11406.55929  
11352.90728  
11366.19157  
11386.70781  
11359.6371  
11328.29446  
11398.55151  
11290.47596  
11408.61861  
11441.8975  
11380.57925  
11507.54619  
11331.15275  
11415.7109  
11269.66352  
11364.86201  
11380.51864  
11298.65092  
11262.71756  
11271.43389  
11243.864  
11402.19267  
11223.56882  
11353.02073  
11245.6023  
11322.32665  
11277.04323  
11274.50694  
11355.22124  
11306.02792  
11294.68754  
11401.62086  
11275.73578  
11355.16476  
11364.34938  
11350.26746  
11417.64584  
11313.07292  
11372.41233  
11311.2899  
11447.58896  
11275.89105  
11276.47317  
11392.18949  
11450.02066  
11268.68295  
11377.12754  
11308.40066  
11422.93113  
11303.54863  
11319.45244  
11294.36949  
11302.96692  
11350.39636  
11312.89987  
11395.75158  
11290.52324  
11380.13094  
11390.46034  
11332.47067  
11406.89588  
11329.36479  
11399.23609  
11459.17552  
11351.35764  
11370.71214  
11367.23918  
11301.33151  
11446.30451  
11303.39652  
11411.07111  
11414.97937  
11351.85903  
11394.95639  
11364.38351  
11301.22576  
11360.78436  
11311.75528  
11341.95635  
11364.89416  
11238.09656  
11329.6494  
11374.77285  
11286.52514  
11366.33977  
11241.15975  
