11714.10933  
11672.30308  
11717.1507  
11658.86075  
11768.56087  
11604.58788  
11778.35054  
11597.85141  
11686.66596  
11692.52749  
11693.4079  
11658.55702  
11634.54648  
11677.65456  
11683.64908  
11640.10599  
11640.92911  
11664.32869  
11651.68034  
11666.30992  
11668.46759  
11598.16812  
11651.10038  
11582.88158  
11637.05552  
11639.00461  
11697.18802  
11734.90818  
11726.30458  
11699.63652  
11696.41143  
11677.66696  
11690.96127  
11723.6928  
11737.57398  
11577.86214  
11710.20607  
11675.01839  
11623.375  
11655.05915  
11692.28761  
11686.79249  
11669.0736  
11774.15076  
11721.78232  
11641.26256  
11744.27123  
11631.81234  
11696.76365  
11664.33899  
11672.9635  
11703.87886  
11699.48283  
11746.02509  
11637.82163  
11754.35781  
11625.52623  
11666.72186  
11619.81553  
11609.15594  
11659.25975  
11576.78458  
11554.00946  
11694.6808  
11605.6385  
11735.7719  
11648.66565  
11616.29351  
11597.98751  
11609.48972  
11713.02446  
11694.76104  
11755.97117  
11747.22325  
11691.75709  
11671.83603  
11714.4296  
11752.33018  
11667.91521  
11657.52068  
11681.58917  
11679.57035  
11699.67937  
11765.08641  
11798.94324  
11787.76616  
11706.6763  
11698.05174  
11607.84632  
11737.55136  
11678.4425  
11615.43532  
11664.34837  
11598.32679  
11614.54385  
11691.07478  
11587.41745  
11726.59096  
11538.13177  
11639.38943  
11583.09471  
11618.37326  
11697.16834  
11598.69887  
11676.79984  
11711.5147  
11612.14448  
11663.74099  
11654.33336  
11691.24521  
11718.28118  
11629.81585  
11679.24858  
11617.68071  
11743.57902  
11552.15316  
11606.8947  
11700.57522  
11703.0625  
11636.12723  
11702.76991  
11656.51181  
11722.95631  
11605.55029  
11673.32976  
11607.11369  
11648.33441  
11686.99037  
11687.287  
11742.17657  
11589.58322  
11729.2373  
11705.15413  
11706.80953  
11719.77275  
11608.77974  
11771.28281  
11766.52439  
11687.19158  
11783.95449  
11697.93934  
11679.7433  
11749.26102  
11653.34049  
11701.97382  
11750.87213  
11710.70641  
11678.05637  
11715.51502  
11631.46633  
11676.00126  
11666.87675  
11629.13406  
11740.12877  
11642.42849  
11609.4216  
11663.38374  
11581.26408  
11684.46101  
11570.84345  
