9656.661726  
9576.168811  
9579.430262  
9517.115598  
9523.679056  
9528.734298  
9599.490866  
9472.25989  
9572.159773  
9512.442536  
9504.441847  
9644.483073  
9649.27315  
9572.931334  
9584.628179  
9562.287454  
9475.142502  
9451.27832  
9491.050676  
9560.459118  
9503.809417  
9551.06497  
9447.709779  
9525.228037  
9401.229837  
9548.660673  
9522.96628  
9534.49866  
9606.383464  
9584.595263  
9583.065947  
9619.852616  
9619.901731  
9484.518746  
9590.601677  
9599.360371  
9557.517023  
9546.509498  
9554.783356  
9481.579599  
9602.77428  
9575.628887  
9662.543026  
9463.801394  
9586.419041  
9572.057474  
9509.91951  
9521.255591  
9598.108169  
9572.607422  
9593.114717  
9517.613051  
9554.056976  
9505.067412  
9412.713015  
9462.293495  
9506.26034  
9463.861299  
9508.15624  
9478.200387  
9452.845933  
9580.238607  
9506.754031  
9616.789158  
9551.263691  
9573.448702  
9528.319527  
9582.025371  
9668.656346  
9559.261546  
9619.187806  
9562.124617  
9559.72887  
9526.7691  
9602.123736  
9566.217668  
9451.23898  
9573.962039  
9535.880093  
9540.887255  
9563.450348  
9542.6304  
9493.765912  
9504.981081  
9590.80306  
9500.389371  
9584.806353  
9553.048196  
9566.270067  
9459.273686  
9576.758923  
9569.474667  
9582.555396  
9529.4258  
9561.335267  
9528.50877  
9535.19537  
9504.400506  
9587.695695  
9583.140931  
9574.263978  
9600.465217  
9552.060413  
9498.814377  
9515.095646  
9592.914982  
9575.787397  
9526.898131  
9543.34398  
9495.3777  
9588.850337  
9590.684992  
9606.762274  
9530.832433  
9590.72011  
9511.887274  
9543.249004  
9497.335258  
9643.028091  
9524.207376  
9551.018497  
9541.458697  
9583.30082  
9606.596258  
9602.225107  
9615.367551  
9565.551547  
9603.867551  
9491.976237  
9477.14839  
9451.16411  
9450.61152  
9502.254289  
9542.807234  
9550.819489  
9721.323089  
9678.569815  
9631.496592  
9603.27495  
9499.759794  
9472.236012  
9474.373439  
9408.849045  
9400.378878  
9425.000507  
9637.264419  
9574.505342  
9598.912894  
9579.072246  
9572.987803  
9656.11106  
9618.708429  
9586.211627  
9622.899529  
9503.317823  
9502.466797  
9508.772183  
9548.128925  
9517.43886  
9555.611864  
