10062.90698  
10003.3693  
9997.440584  
9897.914111  
9918.24797  
9985.497602  
10076.25829  
9923.226872  
10006.87661  
9988.741462  
9980.265296  
10100.83195  
10017.28882  
9971.461498  
10029.97591  
9999.601688  
9911.458269  
9894.084371  
10008.96229  
9938.577052  
10053.94171  
10047.62648  
9906.995195  
9980.632542  
9930.944848  
9976.096873  
9976.687326  
9972.68399  
10036.82517  
10057.959  
10016.91644  
10050.11583  
10071.8689  
9925.244808  
10010.33598  
10029.17521  
10011.10819  
9945.755714  
10061.86077  
9859.397722  
10000.39059  
10015.27979  
10080.39793  
9902.130154  
10052.1223  
10034.74097  
9987.088451  
9940.135752  
10052.04092  
9980.82478  
10015.65892  
9954.790455  
10013.04819  
10001.68016  
9891.863011  
9915.361405  
9937.603032  
9924.244005  
9999.635191  
9918.629428  
9916.607141  
10052.43463  
9974.402963  
10094.59319  
10010.32401  
10002.21502  
9944.6209  
9992.581993  
10043.86308  
10013.70372  
10058.1447  
9984.062017  
10035.64263  
10003.33349  
10025.67595  
9959.708327  
9965.543297  
10025.67436  
9989.124952  
9968.469233  
9988.613436  
9949.11771  
9907.296836  
9899.302995  
9951.397239  
9949.475064  
10049.24834  
9988.741839  
10054.69081  
9995.665523  
9973.192915  
10023.98692  
10034.57073  
9979.959922  
9978.497138  
9991.997418  
10007.36868  
9990.571415  
10018.99439  
9997.387579  
9950.9048  
10052.96233  
9965.476524  
9964.266186  
9896.862759  
9958.698909  
9941.151377  
9960.87792  
9916.448706  
9882.865022  
9973.137782  
10008.30193  
10051.44004  
9921.407749  
10028.71551  
9951.360477  
9985.813457  
9981.795338  
10103.9182  
9974.619102  
10004.02686  
10025.51581  
10032.17805  
10087.56592  
10073.29003  
10106.29945  
10036.50669  
10035.1535  
9855.709739  
9875.769908  
9853.707254  
9871.478941  
9917.910456  
9961.881149  
9950.539459  
10098.44699  
10095.05746  
10165.87963  
10179.75508  
10037.60706  
10057.19229  
9957.797639  
9846.549002  
9813.778987  
9879.271204  
10080.97316  
10035.64968  
10024.19179  
10098.41748  
9916.474532  
10060.97805  
10016.37532  
9987.616743  
10081.70611  
9966.300955  
9955.995282  
9967.708955  
9968.680964  
9913.296585  
9935.543936  
