10546.39598  
10619.59861  
10536.19277  
10516.56634  
10486.99706  
10505.09447  
10468.28842  
10563.04559  
10491.91829  
10490.53718  
10468.61579  
10463.70712  
10517.86982  
10586.08324  
10521.76296  
10539.87781  
10453.14767  
10517.75835  
10568.2762  
10631.40568  
10506.48737  
10555.0147  
10530.29305  
10530.78174  
10455.92659  
10505.94378  
10484.54018  
10541.88289  
10500.71293  
10531.49402  
10457.3905  
10499.57656  
10458.99606  
10469.61071  
10441.63515  
10452.51875  
10428.52219  
10609.55828  
10533.30854  
10498.83305  
10518.81979  
10567.2924  
10513.58191  
10660.60763  
10472.07783  
10476.12207  
10463.45409  
10534.60628  
10527.37284  
10531.87281  
10608.53791  
10471.14706  
10502.65383  
10573.51249  
10506.86788  
10538.855  
10514.78225  
10542.58143  
10499.75139  
10563.07298  
10557.94009  
10539.41949  
10474.60763  
10509.87284  
10495.33991  
10520.77145  
10552.98655  
10509.9698  
10551.43975  
10609.88849  
10515.13662  
10517.44353  
10463.02631  
10458.74917  
10611.75523  
10589.27808  
10472.70258  
10481.57983  
10518.96862  
10495.81575  
10505.31055  
10490.64782  
10563.18797  
10540.17288  
10629.20525  
10437.94718  
10474.408  
10509.84333  
10478.10831  
10493.00389  
10627.19183  
10501.58675  
10528.97473  
10505.46003  
10482.16105  
10490.38916  
10481.46316  
10476.58904  
10525.25623  
10484.19511  
10496.94021  
10534.36374  
10492.88525  
10435.4267  
10484.86908  
10486.27754  
10590.08704  
10550.28505  
10531.41145  
10539.80384  
10500.01844  
10562.65541  
10510.16679  
10554.61954  
10559.29062  
10593.02561  
10520.40502  
10537.59239  
10537.42796  
10546.07041  
10522.67393  
10493.15598  
10511.49502  
10625.66798  
10584.12755  
10599.26219  
10540.35594  
10510.04936  
10506.71955  
10544.03567  
10530.44606  
10565.4186  
10576.70006  
10548.24927  
10520.39703  
10584.30403  
10617.56746  
10613.51706  
10474.36516  
10425.7776  
10370.36319  
10564.21159  
10434.6514  
10415.86719  
10448.22504  
10521.45941  
10489.86659  
10508.27153  
10551.99522  
10559.57961  
10494.71635  
10532.18238  
10527.77268  
10519.13929  
10502.40015  
10553.47668  
10538.3523  
10542.81085  
10500.93953  
10533.63496  
