10111.23778  
9938.129856  
10000.87508  
10063.62632  
10067.28223  
9864.817449  
9984.474662  
9938.39366  
10018.96017  
10065.19956  
10062.75274  
9996.956213  
10130.24277  
10094.05091  
10105.79096  
10055.8717  
10109.40139  
10019.54693  
10006.75396  
10013.87009  
9932.096891  
10009.84459  
9850.079999  
9915.716797  
9797.81283  
9948.573823  
9912.496463  
9877.338709  
10049.30746  
9914.36819  
9946.770006  
9881.092536  
10019.81107  
9894.878167  
10039.63429  
10015.4242  
9998.098369  
10087.49781  
9962.486302  
9963.838471  
10124.47746  
9941.071368  
10054.57124  
9961.357686  
9949.719225  
9870.990208  
9883.054661  
9938.192963  
10027.99557  
9977.39015  
9934.682617  
10070.36888  
10088.55445  
10105.34826  
9924.799462  
10124.63426  
10107.43821  
10004.4384  
10057.85893  
10005.36798  
9936.543945  
10021.56012  
9895.663772  
10031.14276  
9894.224926  
10142.93642  
10086.16628  
10112.04342  
10018.05094  
9953.6856  
10097.25963  
9959.311207  
9921.510742  
9931.068597  
10029.54482  
9902.022157  
9945.952755  
9925.418312  
10092.15694  
10042.4702  
10145.69331  
10134.51093  
10004.34752  
9993.673063  
10016.64012  
10079.17235  
10098.34227  
10120.65506  
10004.6264  
9904.607132  
10040.41617  
9890.139041  
9949.125739  
9854.777317  
9938.045951  
9914.72973  
10030.20204  
10027.07601  
10188.01148  
10119.54896  
10069.56952  
9951.245434  
9905.032385  
9965.516786  
10098.74369  
10054.32736  
10111.12323  
9960.482316  
10047.3139  
9946.624842  
10019.07952  
9900.668787  
9953.292151  
10025.2154  
10022.96825  
9929.804371  
9972.234137  
9994.509343  
9962.060309  
9900.589369  
10019.52455  
9884.62434  
10033.1634  
9936.536898  
10054.393  
9939.770297  
9962.972867  
9964.374076  
10013.26217  
10017.98279  
9989.288931  
9986.844859  
10057.20059  
10063.22044  
10119.50655  
10144.3831  
10164.4644  
10023.69244  
10047.14902  
9960.969067  
9964.985246  
10077.27053  
9980.290514  
10010.11439  
9994.725032  
9953.44262  
9960.324931  
9913.123364  
9977.963102  
9956.103304  
10020.01201  
9989.947292  
9911.351536  
10002.12511  
9984.13181  
10056.59383  
9929.712838  
10096.54463  
10034.64577  
10080.67372  
