10736.44684  
10548.28727  
10573.65342  
10617.26337  
10632.32743  
10681.71704  
10659.80847  
10566.39722  
10653.01522  
10558.75987  
10620.61477  
10704.49292  
10619.78762  
10505.55371  
10760.89201  
10632.72994  
10659.70811  
10741.8855  
10608.8513  
10506.32308  
10577.64539  
10707.14396  
10611.26935  
10558.22251  
10784.02085  
10417.69458  
10781.84991  
10719.52549  
10761.83038  
10730.93117  
10666.2677  
10654.28257  
10663.0861  
10653.59981  
10617.48366  
10652.74225  
10616.23885  
10653.42778  
10568.46836  
10590.99886  
10751.40692  
10586.30766  
10591.12944  
10663.82499  
10684.50429  
10605.66223  
10614.25507  
10631.76947  
10656.24493  
10563.22437  
10637.01351  
10648.54726  
10550.37201  
10607.54281  
10635.00421  
10715.06742  
10654.21057  
10550.04899  
10701.42867  
10633.98981  
10592.10486  
10684.67692  
10535.59766  
10523.28613  
10604.89079  
10615.40057  
10601.00661  
10705.65841  
10670.86735  
10554.8741  
10583.09735  
10723.99847  
10553.95221  
10519.01406  
10607.23069  
10657.66394  
10546.84487  
10579.23167  
10550.73033  
10517.97044  
10754.21867  
10657.16274  
10802.99335  
10659.45776  
10645.27995  
10762.09196  
10704.56006  
10614.07815  
10731.63379  
10640.33931  
10569.10848  
10724.02887  
10545.46261  
10551.11967  
10705.59778  
10612.21171  
10595.45087  
10490.88007  
10647.27212  
10794.06362  
10716.8234  
10635.0957  
10751.74337  
10639.97038  
10645.71291  
10651.58126  
10565.48189  
10646.02816  
10584.17177  
10662.71346  
10724.63239  
10565.97927  
10582.32086  
10704.01693  
10591.59125  
10693.48407  
10674.61414  
10656.63879  
10616.87677  
10681.35419  
10692.85832  
10674.236  
10652.52454  
10646.79997  
10498.19513  
10667.85063  
10652.94012  
10648.08527  
10593.24729  
10535.76072  
10647.05721  
10515.92572  
10550.887  
10729.74443  
10613.9042  
10615.6298  
10652.92478  
10676.07318  
10594.34039  
10761.28255  
10660.52067  
10608.835  
10615.8524  
10625.06346  
10629.70693  
10495.58659  
10773.07994  
10633.7654  
10613.16305  
10761.66274  
10498.67865  
10637.30857  
10710.94802  
10559.10364  
10554.96096  
10653.11761  
10706.29065  
10699.53882  
10597.07851  
10640.68394  
