10218.24693  
10173.49084  
10128.28014  
10111.79432  
10213.00557  
10200.12426  
10080.80998  
10103.81738  
10120.22262  
10098.3191  
10200.74998  
10280.26104  
10207.5957  
10081.89094  
10169.11176  
10171.53227  
10212.87824  
10106.15621  
10178.2416  
10105.49867  
10058.78445  
10176.75779  
10185.50047  
10090.16191  
10311.41322  
9973.909727  
10285.70994  
10177.26729  
10411.99504  
10198.3927  
10276.31857  
10212.8073  
10118.37977  
10118.25643  
10151.1333  
10265.85652  
10199.25047  
10274.12854  
10220.41512  
10193.5792  
10177.80986  
10176.8125  
10187.31379  
10131.7127  
10194.43816  
10210.12994  
10057.29227  
10084.30373  
10182.97934  
10184.78912  
10108.8824  
10195.66344  
10125.99662  
10106.83643  
10179.8618  
10229.46498  
10171.74945  
10178.18033  
10106.60148  
10167.80209  
10179.63479  
10175.16691  
10105.79428  
10113.16846  
10050.78846  
10205.1716  
10114.37416  
10234.86666  
10161.87434  
10106.7174  
10154.61529  
10160.39877  
10123.50412  
10046.83352  
10132.43658  
10071.96902  
10125.20779  
10029.5534  
10149.18383  
10173.97545  
10329.03604  
10094.70996  
10253.08736  
10219.96389  
10235.76639  
10263.1652  
10164.6143  
10173.645  
10134.19469  
10162.16604  
10107.20848  
10111.6425  
10098.2876  
10116.7057  
10063.24568  
10162.25811  
10195.16926  
10167.75762  
10243.80729  
10293.09119  
10156.74252  
10193.33709  
10280.33582  
10142.286  
10097.15045  
10188.11703  
10086.00475  
10109.97428  
10148.75248  
10215.79135  
10293.11537  
10177.98385  
10110.24781  
10139.60803  
10148.28662  
10204.73004  
10184.99461  
10147.0152  
10157.81318  
10229.00309  
10269.43045  
10166.42717  
10155.06484  
10135.98904  
10060.10924  
10171.62318  
10188.58902  
10211.0991  
10146.1435  
10179.90658  
10279.31699  
10167.49854  
10101.43451  
10197.20502  
10047.22994  
10233.67754  
10259.18125  
10221.99242  
10054.35799  
10216.21  
10078.68471  
10064.37381  
10130.79437  
10089.04326  
10124.5151  
10206.64816  
10257.13453  
10113.68682  
10200.51684  
10274.60609  
10034.10695  
10164.80285  
10216.01494  
10096.68406  
10149.40848  
10172.86273  
10220.22029  
10159.03281  
10157.03561  
10221.114  
