10589.33177  
10292.62758  
10298.80695  
10505.37631  
10367.57485  
10354.48391  
10406.14585  
10340.18343  
10361.19046  
10428.90142  
10311.8655  
10484.3015  
10400.40801  
10322.70752  
10583.61023  
10539.05672  
10292.80276  
10476.96698  
10420.10481  
10376.6634  
10338.7776  
10598.91335  
10422.5257  
10298.9265  
10507.19659  
10306.58192  
10623.47863  
10468.05485  
10596.48509  
10588.62577  
10367.72608  
10275.39961  
10508.54811  
10338.29822  
10272.16933  
10252.62637  
10284.14861  
10369.71902  
10325.64231  
10324.32886  
10550.68471  
10402.34342  
10300.49602  
10517.37798  
10328.47169  
10329.69738  
10345.50704  
10515.12949  
10324.20234  
10276.20044  
10506.96807  
10310.37  
10317.40047  
10530.56887  
10331.73411  
10651.87771  
10569.45884  
10291.32795  
10467.0489  
10594.73344  
10359.19234  
10352.53748  
10559.76886  
10290.52894  
10405.06041  
10268.27798  
10314.42221  
10494.01447  
10607.64649  
10364.7716  
10294.10195  
10577.46927  
10434.15205  
10252.15134  
10310.21646  
10372.66765  
10313.46072  
10339.88405  
10400.05542  
10447.05725  
10418.10694  
10418.91539  
10531.68123  
10487.15731  
10319.83616  
10461.66494  
10508.21261  
10328.84825  
10419.65283  
10573.28678  
10320.81874  
10534.28366  
10318.93456  
10283.52671  
10489.17654  
10355.82954  
10309.94575  
10322.82668  
10358.67093  
10444.38804  
10587.00799  
10386.80494  
10329.10172  
10319.03595  
10527.17294  
10340.12748  
10315.43793  
10415.8084  
10476.28928  
10360.12347  
10323.06211  
10304.53822  
10317.48853  
10484.5031  
10506.57032  
10475.94039  
10535.92029  
10496.6054  
10445.39259  
10379.03146  
10499.06898  
10448.48892  
10487.88022  
10374.74193  
10492.76593  
10403.38993  
10604.54167  
10443.41574  
10293.4356  
10214.46151  
10308.39094  
10215.30525  
10331.27164  
10557.55094  
10457.99668  
10467.54384  
10501.80937  
10502.23984  
10364.84927  
10485.61621  
10432.84304  
10447.8198  
10422.3992  
10342.50965  
10283.28403  
10312.22601  
10657.95902  
10419.28501  
10448.99638  
10465.70159  
10501.80756  
10326.6373  
10430.41524  
10320.44662  
10371.54075  
10389.83442  
10464.40131  
10445.34724  
10377.69393  
10294.50071  
