10856.37199  
10769.22921  
11051.55589  
10797.82869  
10814.55967  
11041.42682  
10914.48358  
10670.59344  
10980.06002  
10699.20709  
10889.61426  
10767.38792  
10794.76343  
11023.73989  
10887.82587  
10790.57493  
10941.20968  
10920.71759  
10757.85425  
10826.31443  
10882.27024  
10780.44489  
10803.45599  
10785.86875  
10924.62779  
10706.97581  
10942.1156  
11030.10958  
11069.97717  
10856.68744  
10940.99477  
11069.04934  
10965.13485  
10812.69511  
10920.40938  
10819.77622  
10853.58848  
10937.25857  
10898.41581  
11053.70768  
10895.69879  
10738.93058  
10823.88987  
10884.47428  
10826.64026  
10994.24955  
10964.70003  
10770.80003  
10766.50462  
10915.64775  
10760.04248  
10777.32458  
10917.50382  
10787.48596  
10919.51119  
10841.08472  
10790.5481  
10810.19627  
10881.58604  
10750.30027  
10730.10055  
11065.80308  
10934.39465  
10665.0898  
10825.46218  
10768.37111  
10835.68673  
10931.92247  
10759.05444  
10672.18966  
10970.8571  
10719.14667  
10615.59442  
10723.86058  
11000.5187  
10893.32658  
10754.23004  
10998.50629  
10856.3856  
10926.13062  
11097.00714  
10780.76815  
10961.95516  
10822.90643  
11063.14364  
11124.88363  
10874.73016  
10779.59483  
10986.12449  
10743.56321  
10709.1214  
10868.80969  
10673.0473  
10860.35732  
10842.17126  
10760.23002  
11005.38973  
10959.65889  
10882.79411  
11120.06555  
10786.32485  
10765.62821  
11119.5507  
10968.74807  
10782.28056  
10774.91779  
10896.08323  
10883.72611  
10920.0697  
10989.41028  
10868.10406  
10786.58384  
10949.32113  
10880.02242  
10785.31616  
10755.87478  
10731.77051  
10710.85185  
10876.55271  
10754.60128  
10924.04478  
10886.1323  
10843.21342  
10872.79317  
10840.92428  
10751.00802  
10811.05629  
10763.81679  
10672.6262  
10833.68601  
11082.9365  
10974.53973  
10894.42049  
10835.89685  
10872.03253  
11069.90902  
10893.28731  
10846.27037  
10828.14386  
10881.07562  
10836.55642  
10769.06177  
10737.60232  
10761.41343  
10671.33433  
10827.61755  
10836.15562  
10920.16777  
10986.71049  
10953.70003  
10706.60878  
10988.28402  
11024.98346  
10904.13839  
10925.16235  
10939.66746  
10989.05105  
10800.21749  
10729.53056  
10835.23301  
