10921.76515  
10739.7977  
10753.56146  
10766.85306  
10775.32077  
10818.48455  
10824.72955  
10734.69881  
10873.31268  
10676.64109  
10787.21181  
10815.28356  
10767.08498  
10733.70556  
10887.02979  
10785.97859  
10781.98611  
10901.54329  
10767.57915  
10682.98784  
10729.58228  
10864.18822  
10735.48461  
10718.42228  
10876.59058  
10663.14512  
10935.21454  
10874.26105  
11011.04375  
10883.79654  
10823.16326  
10798.65404  
10881.49488  
10780.30875  
10769.42198  
10777.09749  
10770.16294  
10814.86218  
10726.98619  
10759.32846  
10878.93351  
10751.85006  
10717.16397  
10794.36477  
10783.92722  
10794.86511  
10816.87554  
10737.89499  
10779.15846  
10716.23212  
10803.53474  
10817.45482  
10732.39126  
10781.87266  
10836.11318  
10872.6026  
10774.15755  
10700.68748  
10849.91868  
10755.89131  
10712.8958  
10810.58326  
10767.35445  
10726.84826  
10796.53185  
10720.11115  
10745.97268  
10929.21935  
10827.0602  
10701.75375  
10721.17782  
10878.95268  
10649.23957  
10679.80811  
10828.10326  
10847.30241  
10696.9709  
10838.57558  
10710.33262  
10689.72972  
10961.92796  
10880.26717  
10952.12806  
10766.7959  
10756.19512  
10937.63008  
10840.8409  
10711.07384  
10873.85075  
10767.51706  
10719.08946  
10906.78083  
10687.09949  
10698.37987  
10881.20439  
10749.63871  
10724.89106  
10700.76267  
10808.40765  
10958.10245  
10823.80305  
10745.92443  
10871.58096  
10799.68342  
10771.56749  
10771.34753  
10709.64956  
10750.16806  
10725.36205  
10905.64079  
10804.77905  
10732.91221  
10762.04106  
10833.50115  
10762.66147  
10751.59814  
10746.60588  
10747.84744  
10823.35097  
10804.53474  
10883.06231  
10812.01659  
10787.55494  
10786.94673  
10658.52344  
10875.41194  
10827.78594  
10856.33177  
10747.55996  
10700.17767  
10809.99151  
10680.22983  
10749.6818  
10859.50917  
10719.73117  
10863.26208  
10871.60989  
10907.93055  
10746.75691  
10904.17966  
10799.54028  
10722.91801  
10709.69262  
10852.61698  
10724.52365  
10641.91578  
10891.4877  
10748.62831  
10767.34779  
10899.17276  
10776.97555  
10818.37025  
10911.81434  
10741.14575  
10725.35128  
10860.98992  
10910.99302  
10815.52002  
10716.48748  
10731.95343  
