10878.48396  
10766.28806  
10768.11869  
10750.26687  
10799.22556  
10827.55321  
10793.22219  
10730.02698  
10831.72298  
10698.64141  
10820.60849  
10809.13672  
10769.18092  
10733.46296  
10836.95064  
10769.99805  
10783.87499  
10829.40172  
10752.04587  
10687.23678  
10693.27105  
10821.47872  
10744.00495  
10693.89108  
10887.01926  
10663.44007  
10897.04597  
10845.73464  
11031.24872  
10857.84421  
10847.92416  
10804.30757  
10853.72892  
10770.82777  
10810.62054  
10782.52774  
10796.61428  
10847.50197  
10763.56332  
10785.13857  
10843.104  
10751.41466  
10753.43448  
10790.62733  
10797.39367  
10824.6265  
10775.81261  
10722.26079  
10787.59593  
10737.27099  
10790.82106  
10820.30156  
10749.47209  
10767.75337  
10868.1481  
10832.15572  
10759.64158  
10740.39558  
10816.08547  
10742.79596  
10709.50318  
10794.83262  
10776.65066  
10724.4044  
10749.91634  
10735.01267  
10735.15899  
10885.65727  
10789.112  
10706.25191  
10751.21873  
10829.55021  
10676.00229  
10685.19354  
10800.1917  
10783.99489  
10709.21288  
10782.16318  
10697.1206  
10707.60421  
10951.5093  
10843.39221  
10904.66873  
10760.69517  
10804.05451  
10923.03399  
10819.73908  
10733.63537  
10815.8873  
10750.75896  
10723.12126  
10855.51022  
10701.54028  
10710.11771  
10807.68602  
10753.10071  
10766.00045  
10747.63562  
10799.0416  
10929.60298  
10778.32508  
10744.30053  
10896.63443  
10774.30544  
10760.53994  
10775.28232  
10706.13779  
10744.81779  
10719.09098  
10929.18422  
10838.50353  
10735.85975  
10746.65949  
10805.46205  
10742.37053  
10747.7676  
10733.52325  
10748.82452  
10827.59061  
10814.90673  
10850.69215  
10807.58741  
10779.5356  
10766.36074  
10662.70403  
10845.62711  
10803.65206  
10848.01495  
10761.76075  
10732.47687  
10848.31666  
10712.51648  
10741.88059  
10829.38871  
10713.13009  
10870.19398  
10870.19567  
10865.69311  
10723.42266  
10862.0081  
10767.82482  
10704.89443  
10704.23894  
10760.02574  
10720.56085  
10723.27953  
10853.96937  
10733.24907  
10776.30764  
10881.72022  
10766.27699  
10814.00903  
10900.36054  
10731.74506  
10764.0319  
10836.97061  
10877.64447  
10788.76194  
10731.87969  
10772.40807  
