10439.86443  
10452.43776  
10408.49491  
10409.90632  
10522.71735  
10497.85097  
10493.59572  
10442.89601  
10395.56714  
10400.44757  
10439.09203  
10407.59743  
10418.41505  
10458.21197  
10389.23604  
10373.71253  
10491.04878  
10366.38455  
10451.34891  
10556.14185  
10448.34606  
10407.81407  
10401.06736  
10490.19386  
10433.49921  
10460.43121  
10452.32155  
10397.69077  
10590.86927  
10447.55375  
10476.9026  
10417.92228  
10383.70369  
10402.12307  
10414.32182  
10385.04601  
10402.90038  
10428.21749  
10414.54814  
10471.21605  
10437.26459  
10423.42658  
10472.40806  
10397.05326  
10440.64733  
10451.68595  
10422.98523  
10388.74301  
10499.36956  
10502.8366  
10454.12164  
10459.56712  
10451.89498  
10422.11854  
10409.20178  
10432.18456  
10408.72194  
10489.52595  
10414.83503  
10368.62848  
10462.00221  
10496.39551  
10419.38771  
10521.07162  
10390.24926  
10395.51938  
10478.92462  
10491.2443  
10375.49629  
10498.16971  
10501.68925  
10431.74081  
10398.4704  
10451.25256  
10483.07591  
10364.90726  
10442.64827  
10368.11091  
10364.07162  
10578.02432  
10466.72752  
10443.89002  
10434.33456  
10460.57085  
10475.82371  
10484.9771  
10372.76055  
10448.50243  
10435.96207  
10386.99286  
10508.01309  
10424.70869  
10441.96176  
10460.84311  
10422.55635  
10445.4918  
10504.99823  
10487.62514  
10477.83919  
10455.18884  
10401.67997  
10397.32858  
10486.23419  
10424.06935  
10420.35249  
10515.26803  
10422.84812  
10383.68049  
10567.23309  
10504.71399  
10406.82521  
10479.7016  
10447.68942  
10404.83115  
10360.20024  
10408.05724  
10408.83574  
10397.08737  
10513.19144  
10420.13925  
10420.82157  
10432.24584  
10419.18182  
10554.72128  
10633.82131  
10305.79877  
10348.33185  
10379.57843  
10384.2226  
10389.39531  
10417.7949  
10383.38792  
10391.18323  
10378.25745  
10358.68586  
10384.03262  
10425.55205  
10522.10198  
10424.29725  
10423.94342  
10391.79455  
10391.39916  
10410.23898  
10411.46828  
10441.18549  
10393.01135  
10464.45855  
10483.65567  
10537.14253  
10568.03965  
10513.83112  
10443.4996  
10456.16745  
10447.85553  
10526.46856  
10413.58157  
10418.26149  
10397.17909  
10411.35379  
10426.18694  
