10638.18235  
10672.17271  
10619.27603  
10659.0089  
10582.49341  
10579.45283  
10589.75193  
10641.80493  
10605.02158  
10617.67222  
10627.7182  
10590.23835  
10642.19491  
10577.98221  
10602.92627  
10550.01788  
10570.51038  
10673.12534  
10678.27514  
10631.19062  
10587.80253  
10621.91533  
10567.32205  
10595.49568  
10591.03158  
10722.79421  
10643.54299  
10517.3754  
10569.5506  
10654.81257  
10492.99812  
10642.19469  
10678.84745  
10640.64526  
10571.63885  
10669.59912  
10594.61405  
10479.96143  
10578.19224  
10552.1658  
10443.31695  
10561.43019  
10578.47887  
10638.84909  
10773.56877  
10737.18433  
10633.58621  
10636.55375  
10679.98989  
10579.85467  
10611.30032  
10615.71843  
10700.92406  
10650.02166  
10619.31601  
10635.22823  
10676.43011  
10681.38604  
10648.65923  
10630.37393  
10580.35238  
10555.67608  
10510.84134  
10535.47255  
10514.8173  
10538.25373  
10648.46918  
10577.00213  
10526.22369  
10601.42306  
10566.63274  
10576.05662  
10643.65154  
10575.09197  
10654.5114  
10562.90209  
10663.56524  
10597.87821  
10670.22551  
10596.87874  
10560.36663  
10657.44967  
10699.02122  
10618.40728  
10629.61191  
10664.99799  
10597.58431  
10632.97788  
10694.58042  
10560.92019  
10628.7561  
10564.20374  
10610.30983  
10613.16505  
10589.16721  
10707.47166  
10670.41248  
10595.7562  
10651.60859  
10635.75748  
10553.99773  
10546.57476  
10599.69057  
10666.48896  
10609.10757  
10577.31854  
10528.24988  
10555.19579  
10571.6679  
10576.39865  
10592.45466  
10570.37744  
10566.82549  
10548.04946  
10549.26373  
10545.51163  
10698.63186  
10588.15745  
10582.45507  
10734.62636  
10683.2659  
10677.80177  
10613.12478  
10635.92998  
10603.31768  
10695.90552  
10611.29249  
10732.94258  
10773.18806  
10823.93674  
10557.55053  
10652.62799  
10637.45998  
10583.74148  
10634.13273  
10590.96574  
10526.05243  
10637.00543  
10526.26506  
10601.22152  
10562.5675  
10578.3118  
10579.96107  
10600.82681  
10612.84718  
10596.82387  
10644.70813  
10570.32094  
10595.64041  
10661.67687  
10620.44901  
10606.53168  
10596.64892  
10641.47356  
10605.90102  
10581.34889  
10659.40889  
10625.52173  
10618.05873  
10611.12125  
