12378.27687  
12593.87163  
12452.95453  
12488.86431  
12418.7751  
12516.2447  
12632.89005  
12500.34692  
12489.30169  
12500.70063  
12527.94607  
12446.94663  
12595.41425  
12455.39247  
12553.15703  
12401.31918  
12375.03565  
12461.26568  
12612.6844  
12687.86064  
12507.8862  
12512.9919  
12442.28945  
12553.03631  
12567.63001  
12766.86451  
12704.48145  
12375.99237  
12604.59528  
12626.40298  
12344.12086  
12387.73213  
12516.41125  
12551.54533  
12387.84285  
12428.45839  
12743.71534  
12410.04122  
12491.7042  
12337.42448  
12298.0201  
12380.64299  
12585.21013  
12670.11398  
12762.35165  
12486.81179  
12448.62696  
12441.94537  
12483.86288  
12358.83517  
12453.19972  
12432.76418  
12443.07542  
12466.1168  
12464.52862  
12450.91786  
12495.89742  
12701.84179  
12484.97186  
12584.96911  
12502.32506  
12338.05153  
12265.93117  
12461.75843  
12330.15541  
12358.97568  
12437.26042  
12570.87734  
12497.82711  
12402.40887  
12494.14582  
12446.76065  
12497.88014  
12625.5185  
12687.24438  
12464.65911  
12554.3248  
12545.6169  
12588.64324  
12520.44543  
12529.22048  
12606.62876  
12821.70782  
12569.96749  
12603.49533  
12576.79031  
12515.21893  
12561.57347  
12567.83947  
12529.56308  
12525.42401  
12478.41745  
12460.17653  
12492.02783  
12399.82714  
12687.82012  
12514.80157  
12482.49227  
12555.98683  
12570.11435  
12466.64431  
12431.77316  
12465.00384  
12496.3033  
12502.70012  
12469.06449  
12442.84569  
12440.91822  
12506.12963  
12468.20169  
12529.9046  
12424.50566  
12387.00899  
12329.18959  
12435.83098  
12398.81921  
12475.118  
12470.5805  
12536.77687  
12693.54982  
12554.26373  
12524.62344  
12434.35116  
12376.20675  
12311.86218  
12603.07085  
12505.64744  
12544.78591  
12568.53273  
12766.42981  
12546.71969  
12581.99415  
12553.74064  
12401.23606  
12556.11083  
12563.37656  
12422.88445  
12547.32848  
12364.45504  
12539.85714  
12478.21551  
12473.34572  
12520.42886  
12518.19159  
12534.41722  
12496.3186  
12551.92929  
12488.19792  
12536.99988  
12447.43969  
12564.16953  
12647.28464  
12457.24421  
12528.97395  
12520.22292  
12469.77311  
12434.93554  
12465.59105  
12560.09761  
12444.98293  
