11781.49653  
11912.69761  
11810.10665  
11745.75377  
11866.66596  
11856.57731  
12001.26113  
11889.10035  
11784.18241  
11760.78629  
11882.72795  
11767.79037  
11851.12596  
11756.04395  
11811.13671  
11777.3849  
11818.70571  
11879.79709  
11881.17046  
11865.51644  
11938.85727  
11925.46029  
11856.29461  
11923.93366  
11957.14945  
11969.18211  
11894.15469  
11838.53113  
11784.15954  
11864.83361  
11719.87389  
11732.84767  
11852.75689  
11812.60414  
11666.18399  
11862.29618  
11729.91762  
11670.85256  
11731.28053  
11689.75329  
11763.52057  
11760.17562  
11906.68855  
11913.85638  
12030.80487  
11832.61338  
11826.70527  
11883.29537  
11932.74881  
11810.56994  
11798.33088  
11784.09591  
11832.85101  
11968.20718  
11842.55499  
11810.54891  
11823.50175  
11865.73411  
11825.87186  
11792.71094  
11948.5892  
11764.53151  
11706.38898  
11787.40121  
11788.42092  
11770.71562  
11889.74114  
11785.27291  
11920.86894  
11830.9421  
11820.40803  
11850.50931  
11894.92589  
11943.16632  
11923.8406  
11884.04752  
11979.98415  
11791.10143  
11813.71943  
11790.52926  
11822.76091  
11907.49938  
12064.78993  
11864.89636  
11792.02524  
11853.51302  
11844.95505  
11884.91395  
11854.72036  
11804.06408  
11757.94267  
11816.56589  
11715.51389  
11796.45634  
11831.39954  
11916.67599  
11831.36384  
11796.06648  
11803.13683  
11858.95864  
11881.94314  
11756.50782  
11761.35379  
11902.58373  
11811.38124  
11818.34268  
11709.58257  
11809.39915  
11919.68086  
11772.84905  
11869.42272  
11856.95228  
11866.31533  
11814.73079  
11844.20068  
11781.38154  
11886.55298  
11882.2936  
11770.97176  
12090.77161  
11902.37298  
11879.38447  
11833.54827  
11797.39107  
11826.95311  
11836.62273  
11850.06143  
11921.03994  
11869.18535  
12000.99142  
11821.87961  
11806.26615  
11796.15115  
11756.23159  
11761.02635  
11853.73251  
11873.36327  
11906.07454  
11783.30861  
11739.63273  
11796.7033  
11845.11406  
11806.68846  
11884.56572  
11794.93035  
11758.8037  
11811.16122  
11837.98806  
11881.59911  
11839.31067  
11916.25463  
11946.58098  
11802.49216  
11924.49615  
11813.87569  
11740.827  
11868.67165  
11887.30588  
11823.65702  
11849.98136  
