11467.99348  
11521.52323  
11649.73494  
11516.15806  
11360.04307  
11467.62278  
11414.92972  
11458.0689  
11552.19435  
11472.15033  
11396.92875  
11577.85841  
11304.58612  
11448.11741  
11453.04144  
11316.64936  
11472.20172  
11416.93865  
11479.38734  
11713.90297  
11528.80946  
11584.07127  
11711.69121  
11559.57667  
11548.83827  
11717.3029  
11455.59436  
11349.6446  
11197.02792  
11298.23657  
11274.62557  
11577.9651  
11310.30807  
11433.94664  
11394.12988  
11428.90618  
11390.1741  
11337.26151  
11333.8984  
11339.7151  
11360.08462  
11287.01268  
11434.46527  
11485.69026  
11668.70237  
11674.27982  
11693.06033  
11580.22225  
11460.74026  
11427.36032  
11468.45001  
11598.55556  
11487.02529  
11411.36639  
11421.02212  
11601.69289  
11650.7398  
11505.32058  
11387.87956  
11560.5545  
11465.04727  
11439.31703  
11407.77144  
11271.57403  
11529.88873  
11563.13168  
11416.75553  
11318.53058  
11495.13227  
11242.90815  
11234.14305  
11330.03629  
11393.83267  
11217.68146  
11454.42578  
11311.31386  
11403.73125  
11327.18071  
11720.19076  
11528.63939  
11356.27698  
11642.48296  
11472.87077  
11538.02942  
11701.08706  
11541.07762  
11444.2024  
11497.75892  
11777.86688  
11561.13402  
11452.68115  
11403.00834  
11613.4691  
11546.7953  
11369.14889  
11453.43596  
11499.04155  
11677.25739  
11625.91525  
11391.06839  
11350.07143  
11421.28516  
11723.04145  
11450.94608  
11452.89964  
11423.788  
11380.75801  
11398.99563  
11372.56427  
11507.67473  
11479.56428  
11397.41062  
11540.69588  
11304.64665  
11326.54738  
11451.89143  
11602.53354  
11431.34793  
11571.65806  
11577.71349  
11337.91798  
11309.37022  
11410.47117  
11596.85608  
11291.6326  
11557.87383  
11445.85703  
11615.89609  
11647.01224  
11776.45788  
11464.65131  
11740.32855  
11564.00996  
11457.98171  
11617.85366  
11317.7129  
11489.5197  
11435.13791  
11384.89745  
11368.06452  
11262.14931  
11482.55876  
11537.16293  
11372.47461  
11560.61085  
11506.45143  
11464.56359  
11350.90626  
11503.94439  
11634.04358  
11362.33212  
11367.19538  
11669.15878  
11411.374  
11340.53234  
11463.85397  
11433.37835  
11570.62568  
11576.57436  
11474.4422  
