10936.89093  
11006.02927  
10978.48274  
10914.14414  
10826.50479  
10869.26462  
10902.26303  
10911.79581  
10955.79179  
10871.88524  
10898.45718  
10960.74845  
10858.0198  
10886.8484  
10902.82943  
10804.68683  
10844.91419  
10888.41137  
10961.21731  
10995.3991  
10903.97328  
10968.5681  
10950.86608  
10929.12385  
10901.0131  
11114.87525  
10902.15232  
10863.22796  
10853.79843  
10883.20617  
10775.9244  
10969.8882  
10853.71491  
10960.31122  
10845.68633  
11007.77032  
10915.25299  
10803.09235  
10878.80257  
10887.03714  
10786.62048  
10854.65734  
10851.28107  
10901.64636  
11072.41299  
11049.06997  
10991.23354  
10907.48351  
10941.01731  
10886.30433  
10860.20581  
10934.96342  
10969.28666  
10890.21159  
10885.43576  
10932.86301  
10948.97898  
10968.72814  
10916.8583  
10986.62474  
10891.7388  
10884.06297  
10844.9771  
10802.94205  
10913.45898  
10918.67943  
10896.08811  
10844.10298  
10867.30485  
10846.89494  
10756.81302  
10822.30088  
10871.06651  
10751.27445  
10899.14476  
10861.13525  
10911.68844  
10847.47911  
11089.78247  
10933.99734  
10850.40308  
10990.86556  
10960.17719  
10921.50238  
10994.82392  
10936.65186  
10879.12062  
10932.94112  
11105.37249  
10895.04089  
10927.61614  
10856.64703  
11009.136  
10917.86226  
10836.02873  
10971.36427  
10945.577  
10999.70486  
10963.9484  
10856.75625  
10837.88231  
10858.99571  
10986.84327  
10925.05495  
10920.5539  
10856.38225  
10842.40323  
10843.74165  
10832.91759  
10902.2595  
10903.80798  
10867.45427  
10941.32043  
10783.36269  
10831.55446  
10854.12186  
11016.7331  
10901.39849  
10924.85258  
11008.61316  
10889.9269  
10838.43529  
10886.55583  
10994.48417  
10790.31912  
11038.46566  
10938.7199  
11044.76189  
11061.86314  
11120.56539  
10824.01148  
11034.70308  
10947.525  
10871.63088  
10981.7409  
10861.35599  
10862.26348  
10936.55242  
10842.48749  
10834.67606  
10786.98822  
10908.29716  
10874.10795  
10872.9322  
10978.3803  
10928.02702  
10959.95442  
10842.76822  
10913.26533  
11043.92205  
10875.01408  
10862.15647  
10939.1882  
10919.5779  
10865.9393  
10869.51613  
10908.26443  
10978.85871  
10926.44488  
10891.68099  
