11327.13614  
11374.20245  
11418.76172  
11356.42838  
11217.04799  
11314.57511  
11314.71001  
11367.01578  
11401.81504  
11341.87685  
11301.65272  
11388.68361  
11257.47291  
11306.78293  
11328.45092  
11194.35899  
11323.20987  
11343.29353  
11393.21943  
11509.04749  
11367.37622  
11424.5442  
11449.2184  
11386.25425  
11404.18462  
11533.00932  
11302.56339  
11193.41883  
11113.37289  
11217.82059  
11141.50393  
11391.34405  
11221.83258  
11283.4901  
11255.83667  
11297.98065  
11278.53529  
11174.37341  
11246.53399  
11210.87131  
11155.05532  
11160.05001  
11290.8342  
11317.39388  
11505.3935  
11493.03611  
11487.73  
11431.23135  
11362.81138  
11299.66145  
11341.56482  
11391.6517  
11379.36862  
11327.44554  
11308.21619  
11426.44555  
11486.5976  
11428.12611  
11301.95141  
11407.02901  
11312.22985  
11299.08524  
11258.65254  
11182.47424  
11365.62556  
11353.22297  
11324.19206  
11221.22113  
11313.27638  
11195.43482  
11198.86783  
11251.77286  
11332.88582  
11169.23633  
11311.81567  
11185.48387  
11288.27997  
11232.2322  
11513.54842  
11353.04826  
11226.18351  
11438.81089  
11345.1477  
11369.91486  
11499.36861  
11377.47193  
11303.67579  
11372.95414  
11590.71485  
11356.49342  
11319.40573  
11286.68751  
11416.87326  
11373.3567  
11262.25352  
11362.29882  
11376.03769  
11461.51452  
11466.02244  
11297.9821  
11241.91686  
11297.0124  
11484.94281  
11318.09443  
11310.93376  
11286.50088  
11212.87454  
11245.53704  
11256.81019  
11328.82301  
11326.84589  
11276.89356  
11377.08919  
11186.88507  
11208.49872  
11324.60191  
11473.58347  
11293.34379  
11360.89471  
11426.48818  
11270.13386  
11253.11178  
11310.18149  
11444.55069  
11189.64941  
11425.4802  
11327.7843  
11461.49277  
11490.62755  
11617.03983  
11312.45377  
11499.35723  
11393.60763  
11314.85163  
11471.18406  
11201.47925  
11310.34189  
11340.57558  
11250.45864  
11236.19556  
11184.86224  
11335.78669  
11354.37937  
11284.65413  
11405.9978  
11366.12058  
11345.00149  
11254.46622  
11362.78027  
11436.00712  
11250.01491  
11273.43242  
11440.25242  
11272.48275  
11232.87122  
11321.45655  
11333.45205  
11406.2591  
11373.18331  
11334.13569  
