10976.54599  
11080.12046  
11127.67361  
11055.9965  
10990.54358  
11170.27528  
11047.27093  
10984.17285  
10968.5768  
11077.99959  
11188.12307  
11150.36596  
11159.04182  
11097.8354  
10999.20692  
11042.89309  
10967.33442  
11100.10746  
11053.31715  
11050.4971  
11082.57816  
11076.62608  
11115.92978  
11109.24746  
11104.52886  
11074.45153  
11086.05834  
11080.50778  
11048.16487  
11012.24585  
11127.50295  
11083.74218  
11008.18471  
10990.76997  
11066.60664  
10981.48547  
11242.41618  
11158.72947  
11054.42878  
11064.61993  
11129.7321  
11146.94062  
11016.19017  
10989.90801  
11095.85145  
11087.21804  
11062.6022  
11005.88474  
11134.78425  
11071.19885  
11017.46993  
11170.21906  
11121.5769  
11035.63008  
10984.67581  
11059.18707  
11044.08037  
11017.31117  
11019.19391  
11051.98866  
11009.82306  
11075.89604  
11083.64236  
11064.56545  
11010.4009  
11029.15072  
11158.58079  
11037.99089  
11023.0639  
11042.01114  
11105.00356  
11074.37804  
11113.50566  
11074.67485  
11055.40481  
11059.99394  
11000.10763  
11135.4063  
11083.86184  
11061.81275  
11073.05523  
11029.13174  
10998.37457  
11026.751  
11102.62962  
11059.99222  
11086.06852  
11042.08486  
11110.29174  
11109.03704  
11166.77948  
11085.23145  
11081.77865  
11119.21424  
11141.00611  
11133.41247  
11048.89774  
11022.07206  
11127.63449  
11092.22536  
11109.15939  
11100.01619  
11073.00748  
11032.03557  
11045.02275  
11059.95386  
11037.9986  
11004.67337  
10987.51025  
11036.69759  
11039.31038  
11015.73445  
10973.41524  
11055.08373  
11100.72176  
10987.37821  
11050.9731  
11065.32028  
11052.87833  
11094.68377  
11105.5919  
11114.44438  
11112.13496  
11030.17046  
11013.6393  
11024.54884  
11049.24279  
11100.99241  
11033.09126  
11043.2322  
11077.53941  
11050.17892  
11100.97705  
11054.2239  
11142.73623  
11060.88343  
11030.02944  
11063.80012  
11162.40417  
11070.7969  
11081.63993  
11073.34859  
11049.64535  
11066.74722  
11002.40728  
10966.28608  
11079.29971  
11101.6457  
11047.94866  
11106.95431  
11099.12014  
11061.71926  
11057.49668  
11062.79388  
11115.40901  
11094.54545  
11083.19031  
11110.9885  
11022.25411  
11029.37004  
