9379.934562  
9390.26348  
9288.767447  
9272.304147  
9354.102208  
9276.615226  
9246.588266  
9302.548532  
9306.048209  
9278.211068  
9259.313442  
9393.450527  
9324.807085  
9309.79439  
9345.25531  
9275.578134  
9264.77036  
9350.996748  
9299.892168  
9256.418597  
9349.373814  
9318.663879  
9270.739912  
9364.731951  
9291.565273  
9256.009696  
9357.44969  
9316.193089  
9311.244114  
9341.434457  
9354.644296  
9257.418666  
9283.55494  
9331.033395  
9249.039237  
9286.7018  
9338.574079  
9426.947667  
9271.326224  
9322.0544  
9347.766514  
9249.822187  
9203.006008  
9327.746286  
9277.741455  
9248.710275  
9346.616847  
9351.57952  
9227.344012  
9275.203395  
9369.684457  
9444.985282  
9337.776716  
9219.269941  
9271.386893  
9332.753653  
9264.216213  
9268.291609  
9348.603646  
9276.130423  
9269.132874  
9340.521781  
9313.572353  
9290.69982  
9284.778303  
9368.614798  
9306.651228  
9238.386483  
9306.573077  
9350.931693  
9276.953979  
9300.77226  
9333.625523  
9251.629072  
9215.599191  
9252.026951  
9314.59559  
9270.115226  
9261.638471  
9359.6024  
9343.72692  
9315.991307  
9307.073364  
9391.79548  
9307.635437  
9273.18212  
9365.152021  
9340.940159  
9253.784668  
9373.718131  
9381.563634  
9300.27805  
9307.522862  
9337.03295  
9363.825126  
9314.970442  
9349.307007  
9344.527762  
9265.461278  
9212.87915  
9340.762948  
9361.830331  
9306.026385  
9250.104632  
9308.475595  
9377.330235  
9324.133484  
9260.227033  
9178.154742  
9322.504307  
9218.770926  
9249.242188  
9313.978986  
9321.906398  
9236.85675  
9268.682565  
9266.507185  
9333.050023  
9293.606053  
9280.589983  
9219.1892  
9357.697065  
9370.793963  
9317.618513  
9293.090777  
9306.961356  
9293.292367  
9286.376735  
9372.029872  
9394.818961  
9318.782427  
9322.946219  
9386.234174  
9402.246425  
9268.980713  
9257.916425  
9293.317514  
9382.757856  
9335.092616  
9228.021275  
9312.148839  
9215.360683  
9390.433123  
9324.535714  
9280.292297  
9303.01995  
9382.708139  
9239.491612  
9337.465846  
9337.122088  
9254.464024  
9331.779794  
9323.221741  
9283.505171  
9354.048854  
9353.340637  
9286.924072  
9275.359419  
9310.346235  
9293.870937  
