10831.58257  
10774.01288  
10723.91557  
10739.76674  
10788.62062  
10703.85303  
10716.28016  
10821.21239  
10854.91229  
10737.44666  
10752.56115  
10822.56527  
10730.07732  
10749.28466  
10841.12519  
10777.90237  
10785.82476  
10843.31615  
10763.25686  
10732.17026  
10824.39583  
10704.34904  
10755.28535  
10818.82784  
10676.4791  
10697.92637  
10817.53099  
10720.50158  
10713.31472  
10761.4568  
10815.15051  
10738.4353  
10780.43238  
10808.81129  
10720.50894  
10773.67775  
10843.0431  
10882.80421  
10727.46347  
10766.85647  
10785.10771  
10699.00156  
10699.78745  
10844.35871  
10779.35689  
10722.33959  
10817.01957  
10800.02818  
10696.26204  
10731.0719  
10794.1717  
10868.16637  
10727.136  
10674.05646  
10760.40407  
10837.2979  
10700.20573  
10733.11294  
10791.20645  
10768.75234  
10787.2535  
10854.06729  
10820.93588  
10723.71013  
10749.53498  
10837.39743  
10729.6733  
10745.064  
10801.16878  
10810.14033  
10728.54943  
10808.62821  
10839.31648  
10785.95236  
10750.14627  
10726.48928  
10779.9094  
10671.09371  
10740.79856  
10884.26747  
10849.44736  
10717.28085  
10739.69735  
10789.29594  
10721.98875  
10742.45748  
10848.31338  
10795.21957  
10708.95548  
10878.58202  
10859.45363  
10689.28748  
10745.4037  
10808.00291  
10794.61051  
10706.69295  
10764.53971  
10747.25486  
10656.52465  
10672.97562  
10849.55322  
10833.95906  
10765.93059  
10684.57535  
10740.04642  
10847.72142  
10797.9056  
10701.42164  
10703.73825  
10847.51984  
10701.99701  
10697.84194  
10781.97812  
10766.19444  
10738.38232  
10758.91176  
10767.86846  
10830.46179  
10733.82342  
10690.30916  
10698.8911  
10852.20414  
10794.7432  
10717.96599  
10747.45635  
10814.83927  
10786.80346  
10740.96897  
10804.55196  
10858.01749  
10802.91723  
10774.96475  
10844.45712  
10809.03773  
10740.93411  
10779.80737  
10812.72757  
10835.43623  
10733.7072  
10676.76155  
10783.39494  
10698.00458  
10828.73446  
10810.85072  
10704.70962  
10728.99923  
10796.62734  
10761.48278  
10792.40651  
10749.8055  
10710.35459  
10783.99058  
10828.86614  
10743.36903  
10809.19186  
10783.06975  
10694.29415  
10724.37217  
10828.69255  
10783.44419  
