11434.71239  
11498.8699  
11432.25453  
11455.52686  
11479.20806  
11471.99757  
11717.94997  
11650.63588  
11630.50813  
11375.87202  
11409.9795  
11494.80083  
11510.53563  
11561.80869  
11527.66016  
11743.53528  
11540.61436  
11568.64023  
11583.63858  
11437.08767  
11612.55084  
11459.1064  
11424.39596  
11561.65064  
11450.99853  
11435.49726  
11555.52481  
11436.05124  
11422.4363  
11442.72706  
11491.27854  
11523.32151  
11547.91299  
11515.73006  
11688.59779  
11572.35098  
11523.28024  
11563.34005  
11433.71449  
11497.77112  
11393.54835  
11424.90849  
11586.71318  
11703.54738  
11612.75925  
11397.41566  
11420.87896  
11458.10706  
11453.56201  
11471.57605  
11602.24865  
11526.40358  
11421.51839  
11407.30132  
11573.5373  
11644.71481  
11414.24125  
11465.09176  
11509.09822  
11749.32027  
11558.06462  
11555.23343  
11641.0355  
11465.86105  
11473.26205  
11477.69792  
11604.28973  
11682.33146  
11576.14241  
11532.45536  
11434.17294  
11477.25532  
11695.87879  
11639.06218  
11477.52908  
11334.64656  
11461.98831  
11369.47874  
11546.9833  
11724.18782  
11583.66065  
11431.17455  
11363.72166  
11436.88381  
11685.30828  
11487.72614  
11467.45809  
11463.40475  
11431.56444  
11657.42338  
11644.67292  
11451.93149  
11421.96065  
11497.49266  
11633.49039  
11437.56473  
11451.01881  
11421.3191  
11361.82155  
11468.02487  
11710.51623  
11627.78635  
11548.91087  
11401.4209  
11424.89802  
11641.19362  
11566.18468  
11426.78656  
11387.2838  
11702.71744  
11485.45078  
11377.20039  
11436.86025  
11427.32962  
11620.27704  
11598.12818  
11432.2448  
11529.94124  
11425.74454  
11379.03606  
11523.0155  
11645.14949  
11527.35273  
11426.27038  
11421.63527  
11574.26854  
11588.93819  
11436.7882  
11470.61008  
11549.01513  
11696.89799  
11488.16345  
11455.82666  
11530.3888  
11512.46562  
11637.77128  
11508.92689  
11542.23671  
11427.85164  
11548.73313  
11614.77186  
11405.93774  
11530.67057  
11563.60033  
11403.26528  
11423.73235  
11664.21649  
11454.2618  
11458.94266  
11477.76186  
11509.052  
11650.68877  
11665.49834  
11472.81846  
11422.74832  
11538.63199  
11423.99113  
11439.54647  
11555.21821  
11599.66008  
