11300.33397  
11292.1138  
11279.80586  
11310.7852  
11306.70241  
11294.26448  
11274.64371  
11272.84114  
11294.54051  
11247.25279  
11290.9378  
11302.0351  
11300.99184  
11269.8443  
11284.95403  
11334.21445  
11262.44668  
11292.15858  
11295.11751  
11264.90647  
11291.61695  
11251.32792  
11279.74798  
11312.44056  
11265.61872  
11262.23061  
11295.15809  
11256.34915  
11269.69075  
11300.71635  
11317.30988  
11258.52305  
11274.41149  
11281.16619  
11305.17398  
11237.901  
11301.75125  
11299.99598  
11312.55708  
11342.84373  
11286.44987  
11310.92456  
11261.52797  
11300.97582  
11306.698  
11256.63689  
11280.38846  
11252.45654  
11336.57523  
11281.47919  
11222.30167  
11278.10391  
11246.96019  
11313.89203  
11289.98576  
11290.00086  
11288.18938  
11328.3625  
11338.09702  
11316.44637  
11252.5251  
11281.82575  
11305.33807  
11263.2942  
11325.2334  
11312.56156  
11323.60664  
11290.20069  
11276.80292  
11263.32572  
11244.74865  
11329.38339  
11321.93282  
11287.33448  
11239.51733  
11237.51908  
11246.4694  
11224.27378  
11292.49211  
11312.41925  
11305.36883  
11285.11325  
11321.34211  
11294.36989  
11291.28178  
11238.00948  
11329.07847  
11306.07362  
11294.31173  
11266.6237  
11331.93842  
11281.03588  
11269.92632  
11288.90943  
11273.00439  
11252.95748  
11313.12662  
11274.21691  
11281.12223  
11286.97908  
11299.32026  
11320.04303  
11294.86672  
11228.1515  
11307.60254  
11304.49012  
11290.02875  
11246.08586  
11317.42589  
11334.61462  
11260.58467  
11260.68822  
11313.03351  
11298.93502  
11297.64529  
11263.61643  
11265.70817  
11316.80236  
11286.63706  
11268.16966  
11281.18115  
11297.43966  
11262.09491  
11303.89339  
11336.48634  
11309.09884  
11255.71952  
11248.1593  
11351.30464  
11335.55627  
11291.81471  
11236.13444  
11288.74951  
11316.41506  
11318.98678  
11280.57336  
11258.50735  
11291.45755  
11296.62946  
11271.59645  
11230.50281  
11251.0142  
11261.07825  
11292.22945  
11250.83491  
11287.91117  
11323.31541  
11259.26026  
11290.86604  
11277.86944  
11315.82314  
11297.97962  
11304.83378  
11237.66057  
11287.2155  
11292.55052  
11275.71267  
11312.67015  
11320.80509  
11302.08335  
