10165.70586  
10112.38238  
10080.94902  
10099.86346  
10138.55951  
10037.89254  
10104.63062  
10163.52756  
10150.03625  
10060.16717  
10099.95482  
10162.02332  
10099.23381  
10122.70285  
10190.72713  
10122.96561  
10079.31795  
10143.02193  
10076.52578  
10053.25568  
10176.67283  
10071.57805  
10107.92955  
10162.71641  
10040.67588  
10037.74178  
10123.83869  
10068.05111  
10061.44801  
10113.88652  
10145.43426  
10105.17838  
10130.62246  
10161.9007  
10070.24559  
10116.28807  
10180.73729  
10201.82078  
10065.45529  
10132.5475  
10128.88406  
10023.97131  
10072.73348  
10174.35699  
10116.59232  
10068.33982  
10163.20873  
10145.43162  
10013.07664  
10117.62244  
10155.13559  
10196.96504  
10099.24758  
10020.21131  
10104.99326  
10122.71303  
10025.49344  
10095.30523  
10156.24309  
10082.81482  
10090.54791  
10174.94307  
10139.41211  
10029.89652  
10094.57303  
10157.67814  
10084.59982  
10095.6784  
10133.59697  
10141.57654  
10073.21361  
10145.12633  
10174.13189  
10100.99031  
10053.91107  
10075.50555  
10116.36242  
10031.34053  
10096.70471  
10189.85568  
10143.75168  
10090.08133  
10108.13875  
10184.39818  
10110.68105  
10069.37154  
10171.96611  
10150.05262  
10091.7415  
10201.17074  
10173.19309  
10057.47639  
10133.54506  
10158.58832  
10118.57861  
10094.564  
10108.18807  
10084.371  
10004.78121  
10026.12199  
10184.00383  
10174.18598  
10102.87572  
10038.95594  
10112.14719  
10216.59176  
10141.89221  
10059.46195  
10048.05359  
10171.86666  
10013.081  
10030.43455  
10140.88822  
10101.06354  
10071.34021  
10112.28164  
10085.84936  
10135.54412  
10060.72504  
10034.29719  
10070.39957  
10217.73123  
10140.64797  
10053.77701  
10091.43414  
10137.90668  
10101.60811  
10079.9426  
10146.66346  
10205.22115  
10151.04537  
10111.89918  
10192.45613  
10156.35438  
10084.54068  
10111.36123  
10127.49529  
10167.1266  
10100.38064  
10039.46146  
10150.02  
10047.91307  
10195.45488  
10113.47291  
10041.50477  
10059.54949  
10146.37104  
10087.7307  
10120.00006  
10073.82855  
10085.65727  
10171.86191  
10170.91738  
10056.41572  
10122.85787  
10133.87846  
10053.1965  
10066.68557  
10170.0775  
10131.63695  
