10936.3303  
10823.03537  
10753.89401  
10738.42384  
10814.36115  
10706.80347  
10698.21238  
10775.44729  
10883.81367  
10810.72032  
10759.74559  
10854.66657  
10780.76038  
10798.52452  
10842.31073  
10743.07051  
10885.14644  
11035.73809  
10865.44212  
10872.78537  
10965.44184  
10789.59802  
10833.08678  
10960.07467  
10789.16331  
10740.9144  
10888.50278  
10782.19765  
10728.27065  
10744.94278  
10794.36823  
10713.73459  
10756.10213  
10778.99175  
10706.51352  
10805.77015  
10945.32594  
10935.4228  
10729.8897  
10782.12523  
10824.32885  
10702.76953  
10693.23832  
10815.91471  
10771.9288  
10851.52966  
10876.73065  
10856.72214  
10771.42836  
10741.54746  
10763.93634  
11008.15315  
10810.35854  
10699.08219  
10702.56238  
10917.53802  
10762.34016  
10708.5081  
10729.83055  
10734.78267  
10872.08371  
10966.00603  
10958.66853  
10802.72649  
10751.20602  
10843.51519  
10717.18702  
10766.06114  
10834.87548  
10945.57425  
10777.56005  
10797.89198  
10804.68978  
10842.32623  
10877.93792  
10894.17925  
10854.41155  
10721.81616  
10708.24512  
10871.86326  
10989.04577  
10822.13738  
10776.43989  
10819.98431  
10765.41286  
10894.09233  
10944.34007  
10826.09787  
10700.45041  
10845.07018  
10911.00568  
10748.03669  
10721.78106  
10776.7693  
10846.18144  
10832.04967  
10834.65119  
10785.67293  
10702.22081  
10680.82548  
10849.38141  
10918.72402  
10920.13239  
10780.63701  
10740.27214  
10825.11571  
10879.14499  
10779.22589  
10680.24614  
10828.77285  
10833.81071  
10795.14723  
10803.70226  
10777.28311  
10741.01918  
10812.42739  
10860.96705  
10919.02556  
10802.53498  
10707.90721  
10686.48052  
10872.05893  
10843.16298  
10774.0889  
10759.4834  
10781.98911  
10838.08006  
10866.53013  
10856.48638  
10842.75106  
10797.78214  
10904.28697  
10960.98032  
10855.26724  
10722.76312  
10787.92176  
10921.71018  
10854.40269  
10773.7983  
10702.54678  
10771.51546  
10735.00667  
10785.78338  
10884.31122  
10803.37193  
10721.9404  
10811.27757  
10863.39184  
10917.77867  
10769.55924  
10742.78877  
10795.36575  
10877.01638  
10905.67003  
10936.27696  
10831.82728  
10736.04499  
10733.14212  
10781.91327  
10803.97178  
