11165.78331  
11186.59036  
11118.74491  
11192.00727  
11111.17331  
11154.56707  
11155.66267  
11220.2821  
11012.97838  
11031.92753  
11126.28498  
11228.44214  
11182.82272  
11214.79694  
11117.69162  
11263.63953  
11060.27937  
11265.30334  
11039.48856  
11072.61673  
11255.27959  
11101.6597  
11251.88559  
11064.03791  
11115.99945  
11055.06037  
11157.48957  
11125.31664  
11150.92474  
11209.87148  
11148.23471  
11217.65574  
11099.26929  
11216.5964  
11057.54106  
11069.28269  
11070.3165  
11106.30835  
11124.73945  
11102.19862  
11244.11907  
11085.12039  
11185.65611  
11278.18519  
11162.32365  
11084.98528  
11322.64134  
11102.29458  
11176.66479  
11097.76595  
11174.76366  
11096.68095  
11071.24836  
11162.60024  
11274.22668  
11116.07155  
11175.73138  
11073.92924  
11139.39685  
11199.29787  
11117.53474  
11212.02391  
11061.22497  
11333.87082  
11096.6272  
11186.32888  
11127.18522  
11253.34925  
11060.32276  
11190.24003  
11160.62667  
11190.48741  
11233.56722  
11118.35772  
10988.95798  
11106.68648  
11272.70359  
11125.43918  
11091.62865  
11200.69974  
11117.14609  
11092.81715  
11173.58677  
11097.99044  
11077.90531  
11177.10325  
11270.73135  
11120.22732  
11197.34537  
11128.47789  
11191.71636  
11153.30964  
11094.53594  
11224.455  
11121.65013  
11073.52296  
11253.1981  
11091.54415  
11114.1338  
11148.79816  
11171.29503  
11233.43867  
11130.57937  
11170.1067  
11111.08829  
11124.05178  
11064.20775  
11153.6805  
11136.89136  
11216.03217  
11148.33185  
11155.99467  
11134.371  
11205.35643  
11054.49241  
11138.26306  
11164.05999  
11045.95163  
11099.08437  
11153.54565  
11128.41373  
11126.47633  
11093.08962  
11174.35652  
11090.81558  
11123.53916  
11142.63508  
11292.3028  
11101.31584  
11115.88162  
11161.43312  
11208.28624  
11129.0244  
11176.43924  
11064.54161  
11159.91925  
11040.0864  
11248.09878  
11162.3579  
11242.2469  
11085.85265  
11176.49177  
11086.7611  
11216.34108  
11080.16492  
11111.72353  
11104.46212  
11102.14966  
11240.59605  
11091.50814  
11254.95965  
11183.67877  
11090.08916  
11132.74472  
11200.88938  
11114.41498  
11155.32856  
11081.94622  
11216.36095  
11131.01748  
