10281.95648  
10177.09999  
10180.554  
10143.81314  
10192.35148  
10245.62412  
10282.80911  
10185.83435  
10141.85207  
10196.05653  
10212.12821  
10162.43757  
10251.29805  
10227.70316  
10211.83664  
10166.21886  
10209.40282  
10153.07483  
10175.17542  
10212.34092  
10217.12925  
10200.41522  
10146.67955  
10208.6862  
10241.36023  
10193.815  
10178.88451  
10251.0043  
10185.41985  
10202.74367  
10197.84986  
10185.70304  
10258.71949  
10189.70942  
10207.23225  
10167.98603  
10231.11706  
10163.4827  
10168.95632  
10210.7246  
10190.394  
10247.16647  
10274.92163  
10190.88997  
10181.79941  
10198.97225  
10131.63625  
10177.88523  
10218.61422  
10178.4312  
10267.02827  
10201.74667  
10141.4437  
10152.18736  
10177.29427  
10194.80477  
10164.02614  
10207.77687  
10222.83943  
10196.86099  
10199.05611  
10160.22794  
10221.45593  
10199.50229  
10246.80967  
10209.17304  
10264.24175  
10177.12782  
10204.47842  
10166.05951  
10271.60671  
10238.71701  
10187.86766  
10182.47308  
10165.30593  
10219.28941  
10173.4243  
10173.76895  
10261.765  
10199.14454  
10181.6099  
10240.08023  
10169.35942  
10164.72548  
10237.8103  
10223.71846  
10208.47941  
10251.13764  
10167.71682  
10195.61153  
10115.87286  
10171.54111  
10244.8484  
10201.06333  
10239.02814  
10201.70648  
10202.92271  
10204.94036  
10184.49729  
10226.56825  
10182.74829  
10203.63725  
10251.81889  
10212.66923  
10205.00554  
10187.75233  
10200.10503  
10158.61275  
10232.31684  
10172.8881  
10217.29214  
10183.18694  
10252.21858  
10188.06558  
10188.27515  
10230.90727  
10172.09736  
10205.52792  
10247.00397  
10184.23165  
10219.8484  
10146.72286  
10220.59684  
10159.62177  
10197.94927  
10231.15202  
10228.61076  
10160.14538  
10215.19495  
10175.9867  
10215.4805  
10195.8236  
10263.38566  
10218.52313  
10182.77085  
10181.08482  
10188.74822  
10174.65047  
10260.28641  
10168.11709  
10154.1867  
10115.89955  
10217.52134  
10191.62568  
10215.55025  
10205.55709  
10168.37451  
10217.95235  
10137.3133  
10185.30371  
10234.67777  
10227.71661  
10270.42013  
10227.79131  
10236.07015  
10226.51385  
10158.7981  
10222.10117  
10175.56078  
10197.07929  
