10326.16205  
10345.74028  
10382.38624  
10336.61685  
10306.43048  
10354.39831  
10381.74239  
10368.32775  
10307.90639  
10292.19824  
10310.80247  
10386.91611  
10364.68517  
10403.31054  
10388.62693  
10364.99038  
10296.64736  
10431.34215  
10326.45601  
10293.79715  
10402.31846  
10351.74368  
10339.17769  
10324.91112  
10357.7608  
10378.5425  
10406.46026  
10345.48877  
10266.51987  
10353.15362  
10406.86182  
10317.96439  
10322.34119  
10415.79436  
10293.59683  
10337.32836  
10267.05763  
10342.79431  
10343.63947  
10405.969  
10410.85321  
10293.45031  
10374.01291  
10438.42646  
10365.21737  
10308.77326  
10421.84377  
10370.78592  
10357.43507  
10345.15055  
10352.2406  
10365.55082  
10307.15081  
10342.47766  
10435.04866  
10341.06051  
10336.78443  
10326.02459  
10326.34903  
10428.98355  
10356.73193  
10363.58545  
10357.81793  
10439.93227  
10284.55081  
10339.27119  
10335.15805  
10396.73738  
10323.14857  
10305.75631  
10375.37017  
10352.9508  
10341.88723  
10350.32796  
10291.67614  
10327.02458  
10336.17357  
10392.50673  
10283.34552  
10309.48603  
10410.34868  
10302.62165  
10283.97188  
10395.79723  
10348.95676  
10374.32174  
10455.2589  
10290.45565  
10318.78685  
10365.19545  
10452.43305  
10349.87723  
10348.46914  
10463.97644  
10334.4165  
10284.00372  
10417.43264  
10338.72794  
10321.51789  
10314.61097  
10419.24521  
10296.53485  
10275.86452  
10358.57637  
10376.58082  
10311.57645  
10276.10146  
10324.47181  
10287.67978  
10372.5675  
10326.65401  
10411.09796  
10386.40453  
10335.61065  
10280.88802  
10333.71637  
10389.53194  
10317.2266  
10306.94232  
10279.75757  
10347.61311  
10397.25201  
10330.40097  
10371.62121  
10357.6656  
10322.85572  
10398.85011  
10412.51646  
10315.55884  
10344.58518  
10383.00243  
10426.33434  
10376.76164  
10364.37808  
10351.95174  
10295.48977  
10289.38187  
10308.21603  
10383.07136  
10368.88472  
10349.64362  
10319.61787  
10309.26621  
10403.45423  
10326.64611  
10287.86664  
10309.41211  
10321.81922  
10392.79166  
10346.14866  
10379.68994  
10430.69344  
10333.27866  
10341.01929  
10377.87135  
10357.76387  
10352.33879  
10288.41896  
10338.67521  
10381.98602  
