10196.84028  
10227.75655  
10263.80579  
10227.14084  
10207.40431  
10259.88111  
10268.65887  
10278.26698  
10241.30411  
10221.39035  
10217.31935  
10299.03492  
10263.88522  
10295.29208  
10272.01942  
10253.99429  
10172.99266  
10341.7644  
10235.04546  
10174.79454  
10282.5293  
10267.64811  
10250.93003  
10220.08986  
10250.74718  
10279.22016  
10310.07789  
10299.15717  
10192.01203  
10262.57529  
10318.006  
10236.50061  
10222.67696  
10307.17209  
10208.19334  
10230.69643  
10193.75333  
10219.56472  
10241.63326  
10275.63336  
10282.70573  
10168.71394  
10309.6369  
10323.14214  
10236.81096  
10191.12592  
10305.47067  
10264.39088  
10240.06109  
10204.16719  
10248.92911  
10257.95862  
10185.64524  
10277.3365  
10315.73859  
10261.32395  
10231.79593  
10235.64482  
10240.46522  
10305.68144  
10260.25678  
10275.78145  
10240.43066  
10304.10223  
10172.94848  
10250.38978  
10214.38278  
10237.60612  
10223.06599  
10208.24396  
10279.83565  
10249.55762  
10248.83963  
10239.59341  
10234.79762  
10238.43363  
10234.27033  
10287.67725  
10201.47481  
10239.28789  
10295.99839  
10228.15489  
10232.17097  
10305.96352  
10269.64126  
10277.99311  
10376.03644  
10180.43929  
10241.0126  
10259.80069  
10309.92193  
10196.5034  
10227.41569  
10312.74307  
10209.466  
10224.15431  
10332.26318  
10212.57476  
10235.08516  
10254.91708  
10287.9549  
10238.89319  
10182.74826  
10225.87587  
10246.50846  
10196.47419  
10182.78176  
10210.2262  
10177.19003  
10254.29425  
10204.00414  
10291.56758  
10291.00241  
10219.02554  
10197.22937  
10245.03628  
10266.52  
10229.24356  
10239.59574  
10237.73747  
10244.06302  
10292.13245  
10236.18376  
10249.51671  
10251.78319  
10267.86552  
10302.49546  
10296.87802  
10187.70432  
10230.11238  
10263.59236  
10244.95244  
10262.50063  
10249.55409  
10253.89055  
10193.49537  
10214.19038  
10247.66453  
10280.88569  
10272.52186  
10246.4352  
10240.43466  
10201.4879  
10299.3956  
10226.87777  
10180.17464  
10234.94414  
10192.05702  
10268.64952  
10256.23157  
10283.10688  
10259.95296  
10230.3025  
10261.50309  
10308.57565  
10262.66003  
10257.03848  
10222.65093  
10214.84816  
10284.98107  
