10214.75945  
10266.68837  
10320.82734  
10283.43531  
10228.03005  
10358.7773  
10295.26834  
10238.69034  
10330.66852  
10122.10838  
10327.9534  
10257.92641  
10280.44351  
10359.27882  
10308.70834  
10286.81457  
10271.9421  
10333.55651  
10326.07988  
10137.89908  
10340.11875  
10322.12476  
10278.15505  
10331.18697  
10241.71233  
10368.85099  
10392.66696  
10269.41861  
10243.26399  
10279.02275  
10332.57924  
10310.58175  
10319.80209  
10224.06513  
10226.42368  
10321.65207  
10141.86585  
10292.5796  
10226.09905  
10390.18212  
10336.11693  
10156.72102  
10271.36588  
10333.2175  
10356.93866  
10188.51218  
10295.74282  
10404.78618  
10284.453  
10349.49672  
10246.37695  
10245.89223  
10313.84474  
10251.7526  
10350.19231  
10300.7378  
10229.18983  
10355.61247  
10235.52515  
10360.43963  
10360.53933  
10343.30306  
10269.69721  
10286.5944  
10273.44543  
10295.48  
10347.43899  
10240.03821  
10262.46723  
10156.6578  
10303.06827  
10220.6922  
10247.85398  
10319.19716  
10239.21576  
10191.70487  
10269.52629  
10335.41535  
10157.22641  
10280.31193  
10365.86717  
10193.65467  
10206.24554  
10396.68978  
10208.18607  
10386.58092  
10507.05928  
10184.4727  
10296.4864  
10314.61729  
10373.32533  
10232.59419  
10321.6235  
10342.59868  
10317.31324  
10315.21896  
10393.08792  
10298.39866  
10264.47106  
10224.60146  
10377.27282  
10185.54328  
10171.65036  
10338.37293  
10245.08546  
10287.97912  
10084.19668  
10244.7945  
10189.01855  
10300.18149  
10210.91669  
10407.32392  
10338.6274  
10280.36843  
10174.2105  
10277.87052  
10392.89241  
10235.82796  
10201.9538  
10280.98266  
10281.95679  
10277.74348  
10244.73783  
10346.72589  
10337.43332  
10216.7255  
10388.43114  
10280.79259  
10293.94605  
10301.83702  
10295.10895  
10325.21487  
10316.82967  
10354.52734  
10289.21761  
10207.47915  
10219.90291  
10212.23477  
10328.90508  
10218.67742  
10295.91547  
10206.03209  
10257.6096  
10424.81276  
10329.94515  
10174.9297  
10350.96077  
10195.73117  
10192.17347  
10253.81535  
10367.86115  
10409.01632  
10252.15376  
10272.90679  
10339.08827  
10303.00874  
10278.78154  
10201.70697  
10246.10143  
10337.3543  
