10656.36121  
10843.78869  
10815.00163  
10779.8417  
10762.33022  
10830.14221  
10794.7265  
10790.28005  
10758.49266  
10676.36203  
10734.56851  
10765.29693  
10765.20406  
10846.25677  
10771.37679  
10701.59383  
10660.62933  
10862.92787  
10773.10518  
10642.50428  
10803.12386  
10741.44458  
10738.94296  
10701.16401  
10730.78211  
10782.04655  
10896.95792  
10713.97448  
10742.57832  
10886.06744  
10768.94479  
10783.61818  
10703.88886  
10798.27785  
10696.49401  
10784.58968  
10717.90617  
10773.01243  
10830.56145  
10754.09264  
10757.98662  
10807.40897  
10802.82578  
10820.21389  
10780.87569  
10677.77351  
10829.52956  
10835.19022  
10744.35031  
10748.33572  
10762.69476  
10712.53848  
10730.91975  
10772.95908  
10858.72662  
10807.37526  
10734.31329  
10707.26149  
10748.76882  
10892.94303  
10764.4755  
10878.29309  
10738.77948  
10817.61728  
10701.54456  
10807.09544  
10735.17099  
10817.86298  
10841.22598  
10790.20766  
10765.4921  
10680.46897  
10718.25036  
10837.33022  
10686.84866  
10635.41473  
10748.38303  
10863.7028  
10669.65899  
10705.657  
10863.26369  
10667.80519  
10769.78651  
10814.89919  
10778.50107  
10882.97192  
10864.21468  
10678.5638  
10816.68428  
10819.87532  
10835.77084  
10751.1627  
10682.08426  
10851.40333  
10763.02962  
10683.64799  
10873.68977  
10717.45917  
10813.39604  
10793.2929  
10829.91385  
10777.64039  
10677.4623  
10778.17209  
10704.08549  
10712.14639  
10660.80819  
10761.7166  
10733.21186  
10836.05149  
10754.31837  
10814.47996  
10739.79073  
10695.31711  
10710.5918  
10782.62745  
10882.38348  
10740.28722  
10635.41724  
10747.00722  
10745.01947  
10832.93033  
10728.26519  
10685.03346  
10807.50118  
10757.5679  
10749.50763  
10814.09549  
10703.5889  
10822.818  
10793.67313  
10861.25188  
10752.48612  
10806.68298  
10744.39331  
10693.83099  
10702.87868  
10743.11118  
10727.32929  
10780.88998  
10732.24859  
10762.61106  
10713.08332  
10830.57722  
10793.7466  
10692.67629  
10749.78752  
10679.7617  
10779.08974  
10730.51291  
10746.96513  
10911.52193  
10728.7373  
10816.68284  
10791.93758  
10723.09839  
10816.61114  
10723.35788  
10739.0433  
10840.93495  
