9938.598307  
9759.325502  
9894.896025  
9925.029584  
9675.643421  
9841.443972  
9925.544788  
9794.142731  
9734.382698  
9937.021082  
9788.779029  
9878.48786  
9774.688879  
9918.588963  
9784.041073  
9744.839767  
9716.296262  
9898.112879  
9750.742705  
9700.324563  
9840.979569  
9709.359356  
9750.456936  
9864.657016  
9905.265491  
9851.766755  
9826.34869  
9885.162875  
9837.840322  
9828.554343  
9944.04205  
9824.757583  
9721.745136  
9684.249445  
9910.051815  
9779.333429  
9765.443953  
9830.819604  
9773.44313  
9758.677428  
9825.399089  
9967.735218  
9737.052466  
9761.289886  
9732.047507  
9793.01844  
9766.258349  
9799.575923  
9830.161229  
9698.657744  
9893.155522  
9855.928768  
9750.505036  
9857.609796  
9705.940047  
9744.661382  
9872.554151  
9787.186677  
9762.48202  
9969.923158  
9703.180587  
9774.261125  
9768.992839  
9718.139495  
9826.531595  
9838.02518  
9727.341376  
9971.958391  
9846.618222  
9973.955212  
9792.735256  
9797.380534  
9844.59578  
9759.681353  
9969.666973  
9926.715322  
9817.529335  
9833.327282  
9772.530273  
9793.360524  
9855.600069  
9750.727616  
9820.283375  
9972.675724  
9796.12793  
9814.298024  
9983.456821  
9874.580863  
9746.098863  
9671.106924  
9924.612075  
9956.906441  
9745.102003  
9768.717965  
9877.013002  
9783.640836  
9675.582338  
9893.354875  
9937.666456  
9794.528129  
9814.182502  
9925.647174  
9853.830595  
9756.677007  
9806.232192  
9992.140797  
9919.189606  
9732.425551  
9716.461512  
9944.178979  
9738.357192  
9792.899012  
9806.756989  
9765.174709  
9760.071232  
9812.361481  
9940.705691  
9748.440621  
9781.016353  
9804.991594  
9784.0126  
9839.54565  
9830.12904  
9772.608226  
9809.088561  
9741.328738  
9727.912358  
9668.614756  
9795.351926  
9799.166456  
9854.417413  
9831.098863  
9784.307043  
9835.425647  
9901.851084  
9881.680319  
9712.991939  
9758.746362  
9810.219727  
9841.195925  
9811.85882  
9797.467812  
9924.4492  
9819.041935  
9885.60296  
9901.877796  
9953.839595  
9854.595014  
9811.157495  
9785.423617  
9749.404048  
9791.496936  
9851.391046  
9824.229684  
9821.200463  
9890.820466  
9758.768497  
9742.523552  
9884.77991  
9807.232652  
