9865.120254  
9800.209751  
9839.258224  
9949.902933  
9730.59379  
9822.624927  
9894.563073  
9806.387001  
9774.829408  
9930.326527  
9894.183222  
9853.543901  
9810.134072  
10010.08439  
9914.843831  
9696.60446  
9772.092911  
9883.628713  
9739.18206  
9778.488709  
9732.5917  
9801.859327  
9746.450292  
9748.992422  
9860.096559  
9973.670333  
9767.525439  
9953.836688  
9818.48381  
9776.958161  
9924.80137  
9954.332499  
9790.890149  
9679.492341  
10054.68167  
9879.433231  
9715.399616  
9911.208331  
9859.421294  
9843.450486  
9848.640318  
10031.58599  
9842.411996  
9715.895072  
9868.610489  
9767.674732  
9774.77376  
9812.941995  
9802.644935  
9754.358624  
9787.471704  
9723.978984  
9873.165717  
9824.051556  
9847.710461  
9701.560248  
9817.82434  
9809.877873  
9704.063424  
9915.908445  
9800.366163  
9678.861005  
9876.038199  
9720.625048  
9711.656419  
9919.169946  
9664.705344  
9888.351869  
9984.35542  
9905.060135  
9841.133708  
9931.689913  
9821.475723  
9846.774341  
9915.977902  
9806.943424  
9810.518539  
9981.113427  
9820.474666  
9816.835526  
9888.972826  
9760.658962  
9740.951559  
9886.603459  
9817.447435  
9803.623596  
9979.149511  
9995.333742  
9858.117736  
9748.866243  
9837.221066  
9939.848923  
9799.250323  
9797.735666  
9885.168542  
9866.393224  
9812.85149  
9992.62634  
9936.690704  
9727.437355  
9937.682109  
9943.756812  
9848.443658  
9749.45365  
9779.712229  
9926.296601  
9968.804405  
9886.766335  
9692.915878  
9923.926637  
9792.910003  
9736.266791  
9758.762364  
9907.652207  
9871.770435  
9839.657848  
9906.850295  
9806.306156  
9692.325381  
9760.121941  
9945.20804  
9921.961107  
9843.448404  
9822.031436  
9968.407453  
9829.625856  
9742.766666  
9727.53761  
9751.418735  
9797.487135  
9865.113491  
9803.051826  
9833.318811  
9850.027061  
9884.905596  
9932.820425  
9837.493325  
9823.59484  
9846.256868  
9856.374984  
9825.729428  
9764.544534  
9775.180293  
9825.253745  
9823.332217  
9855.169906  
9884.930325  
9794.824316  
9861.107018  
9946.602741  
9869.571241  
9836.073194  
9860.705264  
9770.407977  
9746.771299  
9855.198363  
9888.128656  
9746.96628  
9834.681027  
9939.859569  
