10492.31977  
10374.03561  
10556.13634  
10570.09218  
10322.37983  
10442.93287  
10519.75046  
10390.37905  
10362.26964  
10543.33348  
10560.24805  
10446.45404  
10315.36624  
10618.61658  
10519.73574  
10215.25013  
10317.85641  
10440.22546  
10292.82799  
10362.72761  
10337.50991  
10415.92534  
10306.2152  
10403.80269  
10453.36874  
10492.97237  
10363.30388  
10615.39038  
10428.01768  
10368.83681  
10614.17894  
10612.07388  
10341.87166  
10307.23207  
10679.38682  
10394.75924  
10290.80147  
10559.12756  
10496.10717  
10420.1158  
10394.57349  
10630.43954  
10406.90315  
10297.20861  
10435.50919  
10328.47861  
10399.7374  
10461.29643  
10430.59611  
10328.03059  
10387.17746  
10364.03833  
10496.34608  
10448.25578  
10455.05775  
10329.7133  
10425.14903  
10367.99112  
10316.03094  
10558.15042  
10353.65141  
10295.72436  
10500.8296  
10295.50249  
10365.23519  
10615.19278  
10258.28362  
10565.44885  
10621.54506  
10520.18304  
10446.19119  
10635.03419  
10393.65168  
10437.89221  
10470.85781  
10372.60609  
10427.99983  
10613.99506  
10344.13971  
10389.37504  
10471.60276  
10302.60687  
10333.93354  
10490.41456  
10423.41828  
10422.33344  
10646.94873  
10631.42511  
10405.43785  
10321.31476  
10483.31961  
10508.63077  
10427.44076  
10427.47602  
10494.45548  
10496.03163  
10489.39864  
10622.34687  
10498.49114  
10280.64414  
10520.16654  
10528.6946  
10382.61158  
10346.45414  
10387.69743  
10526.95146  
10527.32784  
10402.57942  
10253.03773  
10484.50394  
10370.42437  
10302.47511  
10368.49479  
10496.23188  
10495.36442  
10442.46754  
10502.53258  
10375.90555  
10250.82876  
10350.95304  
10543.10416  
10557.94703  
10461.53635  
10493.85846  
10643.33629  
10417.29601  
10280.16882  
10283.86289  
10347.72395  
10387.94036  
10477.3383  
10326.64034  
10401.02951  
10427.1964  
10474.78469  
10504.98189  
10485.12507  
10392.03149  
10457.919  
10452.57833  
10371.92677  
10343.905  
10372.33124  
10373.41346  
10403.93834  
10509.40925  
10491.02955  
10391.37613  
10464.75863  
10589.41651  
10492.15545  
10394.00263  
10430.28594  
10340.6136  
10321.60567  
10487.24669  
10521.3298  
10360.06739  
10464.40987  
10593.34188  
