10831.28327  
10788.90605  
11057.34804  
10854.38616  
10671.50625  
10832.47749  
10909.94885  
10665.50966  
11047.95449  
10797.48785  
10657.24435  
11086.75945  
11123.74456  
10974.31554  
10855.23383  
10586.69541  
10792.09111  
10849.1164  
10656.20608  
10832.51489  
10750.63416  
10813.06219  
10690.67149  
10773.08317  
10918.0664  
10861.95216  
10739.4645  
10865.60932  
10868.40153  
10748.02056  
10862.18126  
10977.21842  
10820.37881  
10813.85012  
11078.98716  
10977.86309  
10669.29307  
10914.60808  
10918.68396  
10880.48113  
11079.19788  
10877.68876  
10822.93954  
10825.76297  
10922.8483  
10738.36802  
10990.36486  
11061.91557  
10677.25822  
10872.07018  
10782.28304  
10686.05744  
11009.58277  
10720.31886  
10659.55269  
10982.67148  
10861.99611  
10748.39616  
10831.43697  
10767.76036  
10818.45887  
10713.41515  
10898.49433  
10832.21025  
10668.89777  
10850.93639  
10867.5707  
10848.51325  
10911.37171  
11124.80342  
10687.56475  
10873.81775  
10891.48172  
10956.57517  
10892.59647  
10721.44153  
10780.76787  
10961.50704  
10912.51761  
11033.59995  
10929.41078  
10942.55877  
10978.16857  
10781.4664  
10685.03106  
10814.86502  
10959.11851  
10967.91142  
10855.48811  
10636.21551  
10603.5428  
10668.48202  
10719.99083  
10911.99561  
10986.13791  
10896.25658  
10729.08258  
11066.33622  
10875.37132  
10775.09705  
10987.90949  
10950.92216  
10828.2078  
10662.22316  
10765.8686  
10845.61958  
10869.26201  
10765.47126  
10791.74005  
10813.4948  
10805.17674  
10777.40253  
11047.63444  
10865.05051  
10923.69419  
10943.75259  
10894.63879  
10853.37196  
10765.40018  
10709.10696  
10882.59225  
10763.49226  
10681.35807  
10743.4473  
10927.59192  
10802.78799  
10652.72832  
10840.80626  
10986.63744  
10937.59361  
10866.42416  
10803.40037  
10994.72743  
11008.88304  
10777.58465  
10686.09369  
10809.39153  
10969.13082  
10986.52627  
10973.12293  
10923.61317  
10763.77508  
10884.6965  
10838.14755  
10796.35596  
10802.68247  
10740.35585  
10640.02109  
10746.30167  
10848.61804  
10900.63461  
10873.89316  
10945.32102  
10961.31985  
10786.48443  
10676.6885  
10902.61474  
10857.92511  
10756.70506  
10957.77828  
