11697.05569  
11618.20894  
11820.01837  
11671.82056  
11624.06156  
11744.80204  
11669.36203  
11621.21497  
11712.09528  
11704.22532  
11618.95409  
11716.83526  
11405.26409  
11545.86598  
11485.9957  
11582.45753  
11483.46462  
11528.87447  
11556.7578  
11530.22266  
11654.65096  
11564.40529  
11531.4854  
11736.79684  
11786.22869  
11532.73792  
11653.71718  
11644.05445  
11526.60202  
11604.23842  
11727.24704  
11581.7677  
11580.75494  
11736.37955  
11721.81971  
11549.77282  
11669.23387  
11717.77222  
11513.13909  
11524.96716  
11574.48228  
11654.98018  
11527.76749  
11648.09193  
11518.96021  
11550.47663  
11705.70148  
11600.1553  
11661.37709  
11566.28026  
11657.83445  
11742.35539  
11670.98845  
11645.01318  
11509.84756  
11620.22419  
11749.26219  
11583.57849  
11636.29439  
11703.43718  
11516.51276  
11702.78792  
11584.3433  
11665.38037  
11689.6415  
11730.62881  
11656.66382  
11753.06577  
11649.17879  
11667.12981  
11663.84825  
11669.11323  
11705.09198  
11519.37233  
11586.31118  
11530.38695  
11672.46421  
11615.6283  
11611.91584  
11585.67079  
11578.55087  
11589.789  
11644.99508  
11627.26142  
11593.6832  
11657.47028  
11767.78492  
11684.02847  
11615.89553  
11644.5216  
11713.9973  
11653.51633  
11634.32238  
11631.95513  
11640.60392  
11578.95061  
11676.47331  
11636.33868  
11723.16937  
11553.00443  
11653.47724  
11607.8075  
11609.30901  
11686.99279  
11761.08058  
11825.57309  
11659.48774  
11516.94897  
11614.86724  
11626.05815  
11539.97084  
11570.66888  
11762.66256  
11517.79692  
11582.20449  
11542.49007  
11549.30403  
11477.38315  
11574.19131  
11700.95036  
11679.31986  
11571.68728  
11673.69272  
11723.19844  
11663.77824  
11507.68401  
11476.91441  
11567.15412  
11595.206  
11591.61506  
11620.95341  
11551.13926  
11622.60334  
11613.38668  
11655.42218  
11603.13778  
11597.82548  
11586.75705  
11613.94784  
11622.2694  
11591.08899  
11691.38101  
11647.7794  
11504.50176  
11682.7171  
11763.85397  
11670.70933  
11631.74434  
11673.316  
11641.74388  
11633.4886  
11556.73415  
11598.18604  
11632.45106  
11614.36719  
11635.36975  
11628.48339  
11619.20319  
11671.51514  
11687.17279  
