10226.24408  
10222.1359  
10368.01929  
10323.02186  
10082.1991  
10183.27832  
10281.4782  
10153.06081  
10163.74811  
10311.17492  
10293.69687  
10243.51564  
10147.08173  
10410.40818  
10251.94159  
10023.75578  
10035.13094  
10223.72178  
10111.89788  
10113.17032  
10104.2729  
10065.8131  
10127.75755  
10098.10083  
10235.92002  
10361.99912  
10096.86019  
10387.37528  
10167.98948  
10153.0109  
10378.88481  
10349.47513  
10130.45067  
10039.53444  
10371.11203  
10202.29442  
10047.11025  
10321.33998  
10241.63263  
10271.66735  
10204.14232  
10381.85884  
10219.48884  
10065.58462  
10165.11591  
10152.92437  
10174.71458  
10236.0901  
10245.68331  
10085.44762  
10143.95506  
10117.95029  
10227.55471  
10224.50367  
10194.18082  
10072.36009  
10168.27093  
10128.72381  
10052.91763  
10337.95578  
10133.30614  
10020.49332  
10150.20647  
10094.47529  
10135.12626  
10304.71841  
10058.33656  
10368.3509  
10457.04385  
10212.17118  
10210.9266  
10397.93178  
10247.82701  
10288.17915  
10306.69892  
10199.8875  
10212.3987  
10331.93246  
10156.83056  
10186.90751  
10195.87163  
10124.19322  
10089.64852  
10256.3362  
10167.1254  
10180.79861  
10395.4759  
10347.83257  
10146.23224  
10091.99695  
10285.05375  
10267.75448  
10154.74707  
10171.41916  
10167.71728  
10191.97579  
10246.90478  
10401.50415  
10309.26822  
10082.22001  
10323.9368  
10307.17476  
10166.35067  
10146.45783  
10150.76437  
10326.80865  
10259.92146  
10223.34614  
10065.97537  
10281.308  
10093.80804  
10087.14029  
10152.82346  
10279.76377  
10269.13247  
10277.27451  
10332.29725  
10132.85395  
10069.45179  
10164.30953  
10275.55256  
10334.15163  
10277.50542  
10274.21363  
10384.29399  
10148.2615  
10081.58913  
10039.84259  
10094.29737  
10154.5673  
10225.71  
10128.3465  
10175.26032  
10211.91185  
10231.99207  
10261.49241  
10215.10296  
10185.67995  
10232.37093  
10211.20026  
10151.03087  
10183.26748  
10136.03669  
10165.64116  
10218.6148  
10310.00731  
10317.39055  
10195.30923  
10241.51702  
10298.50239  
10175.59317  
10145.30361  
10198.34245  
10115.55313  
10095.66448  
10262.12604  
10272.01794  
10141.88925  
10248.00907  
10349.73952  
