10290.13451  
10125.92113  
10209.01894  
10295.21233  
10104.40801  
10134.70264  
10302.4125  
10125.2521  
10180.73106  
10277.69473  
10302.15761  
10165.01698  
10062.53699  
10289.3822  
10266.44966  
9969.590944  
10178.67349  
10116.06791  
10020.64229  
10116.94501  
10074.58293  
10247.27594  
10004.98159  
10132.04839  
10188.92287  
10234.06643  
10086.945  
10245.34256  
10229.81661  
10089.35731  
10234.09425  
10340.30378  
10127.72496  
10057.69468  
10381.5991  
10242.99118  
10044.71138  
10157.68136  
10257.02844  
10139.91897  
10162.14057  
10310.94536  
10176.18261  
10068.9263  
10286.90739  
10057.63111  
10074.19776  
10213.89201  
10133.0638  
10156.7608  
10131.46699  
10084.49108  
10279.32061  
10149.39344  
10161.90786  
10152.28764  
10177.40034  
10072.46127  
10110.78097  
10226.29094  
10172.57849  
10055.3821  
10320.22219  
10059.18751  
10103.34459  
10318.93334  
10045.97331  
10218.82659  
10216.26968  
10363.21387  
10223.59436  
10271.64167  
10162.85404  
10190.36255  
10149.70442  
10057.32664  
10070.85626  
10360.75721  
10193.46991  
10150.67587  
10301.11374  
10094.48377  
10099.65937  
10192.8458  
10088.20808  
10119.12939  
10262.68898  
10360.48191  
10252.0657  
10082.507  
10121.84893  
10188.03493  
10107.33553  
10226.38863  
10315.63612  
10269.37507  
10137.74739  
10185.35702  
10207.5443  
10106.01834  
10265.54717  
10311.98951  
10138.86063  
10011.95838  
10063.36644  
10207.69772  
10311.99991  
10196.17436  
10047.74303  
10188.03868  
10212.74046  
10131.55956  
10106.52096  
10207.13943  
10211.99273  
10218.61618  
10139.32473  
10210.3405  
10027.73718  
10068.8113  
10276.63226  
10208.23451  
10123.19829  
10124.73449  
10318.69323  
10249.5366  
10102.78065  
10138.80249  
10162.3598  
10158.9124  
10233.48213  
10156.13791  
10228.83754  
10264.96964  
10178.27786  
10194.32526  
10189.17335  
10186.46262  
10261.57332  
10240.84749  
10189.96354  
10070.57173  
10101.49023  
10187.77369  
10092.36249  
10187.73446  
10168.33633  
10071.38983  
10133.75608  
10310.03336  
10293.07011  
10249.89579  
10267.25351  
10138.9905  
10055.48045  
10129.13059  
10284.79336  
10135.70104  
10079.87236  
10245.09872  
