10648.47182  
10635.92029  
10733.6976  
10686.81404  
10707.37038  
10709.55455  
10666.48485  
10722.11476  
10638.2038  
10708.82464  
10679.43428  
10696.76857  
10710.49884  
10797.05344  
10721.32827  
10771.16254  
10752.9697  
10664.16136  
10699.11985  
10769.68637  
10801.60791  
10693.30469  
10766.64129  
10719.59337  
10767.65055  
10698.50134  
10796.10729  
10745.08071  
10794.67321  
10704.15105  
10696.43233  
10653.82113  
10718.90213  
10679.36502  
10716.51997  
10653.72844  
10769.35303  
10630.61923  
10654.0872  
10594.24638  
10667.12556  
10710.79559  
10653.337  
10621.152  
10621.73074  
10586.2703  
10589.06596  
10703.13739  
10715.03328  
10734.04021  
10678.71325  
10644.91233  
10716.99426  
10754.35604  
10671.88349  
10743.56097  
10690.63471  
10767.08893  
10699.55894  
10600.68899  
10737.66116  
10657.4095  
10624.03739  
10649.78708  
10668.27228  
10662.7337  
10755.77186  
10674.83955  
10716.04722  
10760.5762  
10659.74716  
10746.1963  
10711.7309  
10650.29128  
10697.08001  
10762.82461  
10723.8756  
10772.44465  
10758.35897  
10793.42342  
10709.96687  
10657.40713  
10788.08671  
10787.0712  
10697.54665  
10643.0662  
10625.84403  
10726.69208  
10760.23355  
10701.09198  
10736.53962  
10668.26513  
10732.5358  
10730.37532  
10642.12802  
10729.50673  
10823.79937  
10720.93918  
10776.55161  
10770.9533  
10757.4419  
10681.58775  
10724.65021  
10734.12139  
10754.55304  
10666.13598  
10798.82597  
10690.06214  
10771.04326  
10756.02483  
10684.18587  
10731.62979  
10599.58853  
10661.21007  
10704.34253  
10599.05617  
10652.96384  
10702.15348  
10634.81581  
10726.46851  
10702.10136  
10640.49337  
10767.48471  
10711.1417  
10734.91803  
10725.66707  
10627.48585  
10725.70195  
10656.26401  
10712.73951  
10691.47572  
10684.04636  
10690.44228  
10713.40274  
10680.73398  
10655.98519  
10709.5729  
10798.52479  
10788.42766  
10862.91091  
10707.90968  
10638.00037  
10744.08217  
10798.26637  
10731.09955  
10790.20572  
10694.53992  
10675.31201  
10663.839  
10656.97079  
10624.61387  
10668.72144  
10689.14004  
10715.47387  
10650.70498  
10726.33388  
10779.83189  
10713.67735  
10663.79677  
10744.38916  
