10263.32551  
10181.21009  
10357.73781  
10292.50629  
10293.70592  
10222.60311  
10297.4031  
10231.31232  
10163.88607  
10365.53874  
10133.62436  
10246.91581  
10361.43345  
10527.87978  
10366.64333  
10272.5228  
10291.8794  
10394.05245  
10338.36321  
10480.06424  
10451.80757  
10292.55729  
10267.11134  
10348.06246  
10373.19391  
10341.50773  
10398.31174  
10264.83796  
10333.54327  
10384.50016  
10250.66433  
10123.73841  
10356.25325  
10243.45271  
10193.132  
10257.47581  
10246.75327  
10172.28175  
10272.58382  
10124.74942  
10198.85526  
10215.08034  
10256.57989  
10178.83558  
10174.48996  
10104.12421  
10046.6152  
10263.84691  
10474.97714  
10410.61767  
10285.75939  
10214.71113  
10467.33722  
10341.87036  
10201.75778  
10405.3795  
10254.40356  
10385.67724  
10386.90058  
10107.853  
10361.29418  
10283.91902  
10226.86657  
10224.65883  
10143.39338  
10163.65032  
10269.13046  
10270.60633  
10299.74298  
10238.08937  
10257.10353  
10307.33921  
10413.65219  
10165.61215  
10283.95455  
10373.34332  
10380.4302  
10341.25013  
10486.44631  
10385.59957  
10279.41291  
10217.09994  
10359.76145  
10426.82936  
10335.9809  
10168.88308  
10141.8598  
10289.62213  
10421.82207  
10211.25663  
10225.58444  
10207.80737  
10333.5075  
10381.2862  
10156.40139  
10280.28541  
10423.53693  
10368.19676  
10389.03745  
10454.46722  
10356.90093  
10422.46257  
10289.49849  
10301.23086  
10269.23801  
10270.1591  
10435.00763  
10349.26074  
10434.15748  
10330.51691  
10373.73953  
10269.45825  
10236.37492  
10210.34472  
10249.76581  
10207.25577  
10188.87381  
10255.01337  
10183.75553  
10221.1275  
10340.06208  
10114.23204  
10371.31492  
10286.8275  
10390.18076  
10299.4557  
10204.55419  
10401.95034  
10205.42624  
10402.37242  
10214.50466  
10360.02639  
10258.81534  
10377.59702  
10346.4183  
10256.7081  
10530.01373  
10400.22221  
10476.85983  
10508.00634  
10431.91069  
10247.12341  
10332.77637  
10455.04632  
10326.72393  
10289.69197  
10378.54158  
10180.18048  
10206.24776  
10203.91833  
10132.58198  
10324.18938  
10228.53272  
10260.9699  
10213.07851  
10238.69732  
10413.4955  
10328.59033  
10145.90947  
10336.94764  
