10148.69405  
10100.54035  
10135.30371  
10133.15314  
10113.97186  
10118.07096  
10083.72872  
10109.27879  
10128.55533  
10102.49228  
10123.37997  
10147.69613  
10141.11748  
10171.16455  
10134.4282  
10145.85911  
10116.44369  
10168.34197  
10134.16431  
10153.03367  
10171.63583  
10108.7162  
10144.59877  
10106.17452  
10163.30222  
10134.36248  
10182.04845  
10160.25619  
10134.72161  
10146.4852  
10135.05644  
10127.72168  
10103.40687  
10113.61126  
10116.26445  
10079.60227  
10105.54905  
10095.05566  
10121.16704  
10063.31578  
10098.33463  
10104.07218  
10117.48841  
10089.7033  
10091.34346  
10064.27137  
10076.09459  
10103.63421  
10138.42627  
10169.55526  
10150.79565  
10108.15836  
10131.56305  
10155.42052  
10147.76946  
10122.3801  
10112.41067  
10152.54883  
10105.65869  
10073.72152  
10116.00291  
10150.5457  
10124.6161  
10103.68131  
10125.87156  
10130.13354  
10149.20381  
10134.77772  
10122.26389  
10108.84111  
10148.71384  
10176.27197  
10141.94356  
10134.54763  
10114.41764  
10159.0651  
10130.71338  
10174.00886  
10167.81612  
10187.85059  
10126.5202  
10139.03298  
10158.1644  
10161.24603  
10102.43142  
10079.32537  
10081.69218  
10135.60491  
10113.48149  
10112.76305  
10065.17267  
10076.53169  
10125.68526  
10122.18732  
10070.41628  
10174.43808  
10192.66613  
10126.361  
10173.36397  
10196.91466  
10169.87036  
10126.2332  
10147.9529  
10144.66744  
10140.15743  
10117.3519  
10159.10835  
10106.48764  
10135.02894  
10164.83103  
10126.19429  
10174.19474  
10082.99154  
10073.92103  
10097.53458  
10041.89129  
10098.00628  
10104.8499  
10125.22805  
10141.94287  
10092.62602  
10102.01807  
10135.99811  
10107.37096  
10111.67618  
10122.6697  
10107.08361  
10125.00533  
10125.45064  
10139.99003  
10133.14844  
10119.97898  
10138.52896  
10182.99374  
10128.93643  
10085.21973  
10131.98642  
10156.46731  
10181.59537  
10163.74594  
10127.32566  
10136.40454  
10168.73637  
10168.44107  
10162.67518  
10151.98844  
10128.47053  
10105.91693  
10112.07551  
10144.9842  
10062.74467  
10081.05069  
10124.44786  
10112.28711  
10108.96977  
10107.39833  
10169.37076  
10142.23007  
10104.26636  
10160.11437  
