13563.14634  
13785.92762  
13539.30085  
13675.91806  
13544.30324  
13699.18247  
13596.27555  
13757.76693  
13880.469  
13635.52025  
13790.45767  
13632.66278  
13657.41356  
13716.08695  
13641.72283  
13749.7684  
13756.79557  
13486.95962  
13868.88376  
13670.80515  
13677.8992  
13580.79504  
13905.6057  
13730.09742  
13874.37561  
13714.54041  
13670.07554  
13777.73441  
13718.50223  
13582.28088  
13594.16084  
13574.26931  
13548.19949  
13613.76455  
13759.81404  
13813.56478  
13842.03553  
13667.76846  
13652.65757  
13553.38381  
13654.3914  
13542.18812  
13476.59092  
13528.97884  
13596.43399  
13573.22045  
13537.16212  
13634.78649  
13617.64434  
13689.37806  
13679.47371  
13716.97198  
13583.08102  
13811.43578  
13692.7271  
13991.47538  
13940.95136  
13896.83743  
13670.26085  
13471.39534  
13517.03518  
13465.57545  
13422.09652  
13499.23132  
13656.95306  
13612.27904  
13723.82027  
13676.27255  
13749.45987  
13882.889  
13787.83722  
13694.30334  
13609.01041  
13712.3511  
13616.82175  
13831.52981  
13728.75543  
13711.41469  
13819.19503  
13971.06221  
13701.077  
13613.67529  
13847.70986  
13741.1548  
13546.20427  
13572.6265  
13581.24913  
13739.73991  
13680.08304  
13638.61052  
13612.7004  
13520.41648  
13577.943  
13641.01553  
13662.53048  
13681.74274  
13920.45103  
13546.21036  
13771.28366  
13709.44035  
13766.97259  
13862.31117  
13882.01869  
13753.67286  
13819.94384  
13659.01542  
13757.41128  
13678.13337  
13760.48892  
13863.73371  
13601.88283  
13721.45146  
13470.18975  
13552.36843  
13854.03235  
13521.94723  
13560.15421  
13861.98835  
13696.70525  
13611.67844  
13564.64582  
13621.70257  
13673.08993  
13809.7026  
13570.61393  
13702.30643  
13630.06021  
13639.36514  
13713.96845  
13597.08186  
13807.66327  
13582.94402  
13690.05123  
13761.06566  
13666.09692  
13807.4715  
13714.00523  
13915.08407  
13702.21651  
13830.1523  
13677.08035  
13614.24934  
13685.42612  
13788.7017  
13584.71912  
13857.36437  
13525.39524  
13777.33036  
13534.01641  
13474.63937  
13518.80373  
13728.15161  
13805.78378  
13788.76016  
13567.47179  
13778.0882  
13713.64102  
13678.17593  
13711.74937  
13578.79674  
