10819.7471  
10868.20107  
10882.08883  
10870.97183  
10910.17383  
10911.34879  
10840.1088  
10976.18258  
10819.50325  
10908.84096  
10930.51471  
10880.95299  
10892.27142  
11006.64608  
10926.88419  
11031.42982  
11011.67221  
10817.69581  
10917.57929  
10941.39016  
10983.95073  
10913.25605  
11050.18672  
10910.2155  
10999.94902  
10911.4393  
10993.17054  
10954.97207  
11023.69477  
10844.52202  
10885.27161  
10881.33861  
10893.25676  
10895.60272  
10954.76517  
10863.63648  
10978.96779  
10852.66537  
10840.68855  
10783.19422  
10884.49951  
10904.41491  
10801.63789  
10786.95252  
10785.34786  
10775.77546  
10809.10079  
10917.62063  
10836.37514  
10892.1676  
10870.13624  
10853.08217  
10875.3104  
10987.30687  
10884.61609  
10929.39815  
10914.99881  
11004.67164  
10882.08134  
10799.66964  
10946.30664  
10794.80126  
10765.43198  
10822.60001  
10865.6551  
10864.10188  
10986.83207  
10889.98273  
10947.09231  
11072.5668  
10893.2444  
10962.73013  
10850.15258  
10828.58002  
10884.94625  
10958.83226  
10928.19811  
10987.66159  
10942.10026  
11002.01767  
10919.26661  
10876.50204  
11031.47429  
10974.76858  
10856.03091  
10823.07572  
10837.2409  
10896.64834  
10972.46646  
10932.34092  
11023.7374  
10895.08016  
10947.45929  
10890.78125  
10858.33396  
10925.94514  
11067.57408  
10931.19634  
11007.39319  
10977.18312  
10958.73553  
10888.52238  
10956.37118  
10986.15742  
11013.82668  
10851.86211  
11053.89143  
10901.65324  
10988.0515  
10944.0707  
10859.01743  
10932.29954  
10771.72751  
10866.95064  
10911.77222  
10775.64411  
10813.43186  
10880.57904  
10842.69164  
10947.9819  
10865.97281  
10871.66355  
10995.53081  
10939.40572  
10926.26654  
10923.2448  
10840.29274  
10899.91487  
10861.60286  
10893.14028  
10933.20984  
10847.74953  
10911.78503  
10909.18727  
10858.27173  
10872.31804  
10864.18656  
11052.24635  
11006.17569  
11099.07535  
10886.40501  
10847.14111  
10966.37661  
10979.56802  
10932.91096  
10989.16737  
10869.73601  
10909.54891  
10841.9066  
10832.38  
10849.10281  
10852.67946  
10888.49602  
10937.50115  
10850.60976  
10975.25215  
10956.01583  
10904.86206  
10882.99398  
10956.1757  
