10949.26659  
10838.35698  
10862.31732  
10897.23281  
10950.74497  
10899.28615  
10916.55821  
10953.8671  
10824.92973  
10855.26877  
10941.92169  
10876.16042  
10955.61912  
11050.64143  
10998.33632  
10819.88103  
10849.27283  
10891.04548  
10885.13695  
10961.62724  
10942.70862  
10930.02962  
10869.1154  
10961.02456  
10909.22579  
10991.02916  
10939.8573  
10916.96291  
10895.99054  
10889.76995  
10842.746  
10783.18429  
10912.6725  
10931.46828  
10873.82947  
10903.15829  
10882.97833  
10970.40528  
10922.97077  
10854.89964  
10953.31199  
10833.33923  
10829.54228  
10840.17758  
10823.2537  
10837.76579  
10820.02169  
10916.53618  
10987.4021  
10983.96696  
10935.24894  
10871.51028  
10984.52142  
10880.51473  
10883.78734  
11036.26124  
11007.54084  
10928.49343  
10894.11257  
10742.88711  
10856.22286  
10860.23958  
10820.29811  
10832.26453  
10843.62976  
10845.50577  
10901.02663  
10918.61085  
10899.86244  
10966.73434  
10893.10586  
10919.8004  
10932.74598  
10839.82469  
10949.97907  
10860.8408  
10980.28437  
10965.44434  
10984.17909  
10798.38927  
10846.75016  
10864.90444  
10951.41909  
10851.50401  
10814.05541  
10758.73156  
10811.62873  
10899.40586  
11004.18286  
10975.04557  
11000.0082  
10979.78098  
10981.76307  
10944.36903  
10925.58247  
11007.90867  
10934.3318  
11010.45356  
10981.63874  
10940.90315  
11016.69224  
10999.3122  
10904.66347  
10974.89722  
10877.6732  
10904.55111  
10997.98184  
10872.82458  
10979.67847  
10873.98583  
10934.48237  
10829.45927  
10803.29676  
10891.41921  
10833.87287  
10780.93719  
10855.35279  
10870.06081  
10880.05161  
10890.1424  
10919.61622  
10931.97927  
10995.30855  
10897.64785  
10970.75101  
10898.80585  
10872.93537  
10899.10263  
10859.92276  
10973.89959  
10849.82902  
10937.6332  
10988.36017  
10943.26377  
10954.85647  
10918.18297  
11040.23381  
10999.69445  
11029.52299  
11038.31942  
10959.662  
10940.61935  
11004.27097  
10923.61216  
10940.13038  
10867.1986  
10921.66112  
10824.59604  
10895.92034  
10873.75724  
10772.75782  
10869.37503  
10830.70928  
10875.41301  
10931.96042  
10891.20901  
10915.27813  
10941.28081  
10863.24138  
10891.66507  
