10288.72735  
10262.22625  
10419.50977  
10319.96173  
10377.29592  
10343.36781  
10348.57914  
10331.38755  
10265.43632  
10406.11613  
10266.22452  
10312.71172  
10362.91782  
10503.00638  
10396.79663  
10410.52745  
10413.08566  
10333.40372  
10337.66082  
10478.95644  
10502.05703  
10328.85445  
10407.80445  
10394.21105  
10432.26186  
10356.568  
10442.57855  
10383.11218  
10427.83617  
10382.70954  
10319.5918  
10263.05733  
10399.37857  
10290.41293  
10338.67245  
10322.74813  
10435.16665  
10275.43488  
10297.8792  
10218.26386  
10293.37558  
10353.92567  
10273.88691  
10242.61278  
10250.51237  
10184.68542  
10185.62935  
10335.29232  
10400.23848  
10415.84256  
10315.66602  
10275.08153  
10429.95247  
10415.63693  
10319.78511  
10439.02373  
10374.99686  
10443.71517  
10384.03821  
10205.55353  
10408.82553  
10296.53569  
10245.01614  
10277.49841  
10274.81473  
10277.48101  
10387.24606  
10311.61404  
10381.5507  
10419.49736  
10296.69309  
10400.25065  
10407.10499  
10255.02711  
10359.80842  
10406.65026  
10388.67728  
10459.47365  
10422.83821  
10437.42491  
10351.60756  
10282.7399  
10414.7981  
10460.89572  
10358.55799  
10252.37958  
10229.09714  
10359.81871  
10441.22616  
10354.83026  
10405.82175  
10318.87688  
10415.06139  
10449.22284  
10276.1101  
10376.04532  
10501.20029  
10387.6399  
10436.89633  
10450.4406  
10408.39441  
10373.16181  
10367.71798  
10371.32678  
10395.75842  
10303.52804  
10475.11961  
10337.45633  
10443.65496  
10412.00707  
10357.92436  
10352.64416  
10231.10844  
10305.35394  
10331.63012  
10266.0667  
10270.18875  
10355.03685  
10254.50511  
10359.78965  
10400.3252  
10257.95698  
10420.3649  
10359.13837  
10411.13616  
10368.56616  
10262.83701  
10426.38077  
10292.32122  
10411.64583  
10315.06959  
10368.89601  
10316.16144  
10383.42019  
10318.46124  
10290.09075  
10433.00934  
10457.76546  
10475.6377  
10554.01681  
10381.04471  
10265.03963  
10411.19386  
10507.55274  
10375.64673  
10439.30421  
10361.37479  
10316.51524  
10313.99324  
10282.83835  
10235.66427  
10323.75259  
10310.79318  
10363.54861  
10278.6672  
10363.39185  
10463.91625  
10385.40944  
10276.34843  
10386.66693  
