12151.30501  
12116.19859  
12034.47994  
12078.83381  
12088.5403  
11945.39068  
12039.99702  
11950.76152  
12040.3859  
12048.45404  
11965.07287  
12095.40424  
12048.82217  
11976.4786  
12097.05167  
12125.63709  
12061.06314  
11968.34343  
12116.09645  
12121.5501  
12097.34145  
12033.62644  
12121.15934  
12142.05856  
12054.21171  
12178.84988  
12076.60637  
12096.92904  
12044.3785  
12206.77007  
12108.80968  
12259.86281  
12026.57703  
12179.28492  
12074.01976  
12140.21523  
12024.39841  
12220.56763  
11997.73359  
11995.15698  
12079.65541  
12027.61542  
11927.68085  
12091.48407  
12058.32419  
11927.71183  
11914.97913  
11997.73238  
12098.74919  
11979.60654  
12023.68341  
11926.75697  
12155.2631  
11974.97801  
12153.06564  
12135.20947  
12101.36267  
12021.15186  
11991.0616  
12173.79286  
11960.376  
12117.90671  
12026.65409  
11984.96477  
11987.76905  
12014.33785  
12147.90131  
12092.94358  
12157.39262  
12298.85677  
12195.883  
12074.74779  
12065.70252  
12166.17332  
12082.51761  
12205.08556  
12067.49706  
11969.02882  
12114.58276  
12131.33916  
12092.45374  
12037.053  
12003.76211  
12087.78219  
12052.20966  
12004.19925  
11950.46626  
11996.0297  
12108.41353  
12022.73041  
12084.11689  
12230.61953  
11988.17421  
11941.26476  
12121.63401  
12067.8742  
12191.97046  
12003.69921  
11974.26742  
12104.78562  
12011.2112  
11906.76646  
12025.32566  
12064.27404  
12016.79478  
12216.18361  
12128.06412  
12107.94589  
12045.91592  
12060.93939  
11993.88636  
11999.07405  
11987.67973  
11990.27883  
12131.33533  
12048.437  
12049.45247  
12113.05203  
12029.9642  
12010.08298  
12020.9072  
12085.28273  
12023.2062  
11920.68755  
12102.34004  
12145.04884  
12026.49406  
12027.31651  
12121.56965  
12089.5671  
12073.19728  
12169.59376  
12109.39375  
12152.92257  
12116.92228  
12178.13541  
12135.94647  
12020.19215  
12050.51363  
12081.88104  
12088.74368  
11978.12869  
12086.26834  
12089.58387  
12179.49302  
12028.31226  
11896.63205  
11910.62499  
12063.94858  
12024.29287  
11946.76403  
12014.44137  
12085.5619  
11992.8445  
11949.61988  
12350.83095  
12250.37826  
12097.93092  
12018.06522  
12010.58063  
