10704.01157  
10795.62568  
10641.67867  
10681.44268  
10821.79078  
10626.65897  
10732.86095  
10708.65302  
10669.97981  
10776.69999  
10647.52939  
10730.08726  
10840.79496  
10717.65522  
10691.33053  
10761.15415  
10734.96038  
10708.31539  
10718.72569  
10835.1017  
10671.14332  
10738.9713  
10743.13521  
10778.9313  
10776.93678  
10666.55496  
10717.98656  
10724.83533  
10839.98396  
10686.48539  
10879.03189  
10809.82538  
10716.96918  
10785.06556  
10732.74086  
10701.65356  
10638.83971  
10785.98559  
10724.40439  
10728.81021  
10755.86848  
10788.06275  
10621.17904  
10687.89228  
10762.74508  
10800.11435  
10695.49533  
10633.9065  
10650.66724  
10693.50377  
10746.68805  
10620.54875  
10697.74851  
10675.34609  
10724.96424  
10838.87791  
10724.94694  
10797.89794  
10627.52743  
10743.56077  
10708.20615  
10632.08085  
10724.50079  
10767.43429  
10713.51519  
10656.8703  
10739.68532  
10756.06261  
10786.98447  
10831.25749  
10720.22529  
10784.36601  
10663.70677  
10838.79845  
10695.52073  
10751.07542  
10763.49016  
10697.60501  
10785.4586  
10740.16973  
10678.59471  
10759.64158  
10706.99645  
10634.07838  
10720.41272  
10807.13066  
10682.49951  
10623.30952  
10736.17961  
10779.36095  
10683.92106  
10733.48114  
10792.97244  
10638.41411  
10847.70266  
10718.44778  
10771.48447  
10718.11881  
10624.13634  
10655.23595  
10689.14806  
10606.90978  
10602.99235  
10784.66415  
10738.70851  
10641.979  
10777.77546  
10773.96961  
10830.57013  
10887.00367  
10646.57721  
10699.13472  
10652.37762  
10686.01154  
10694.97244  
10774.42551  
10733.92398  
10780.70706  
10770.61038  
10796.65898  
10713.23094  
10725.29925  
10708.95141  
10706.31087  
10713.39875  
10737.43465  
10815.93485  
10707.41587  
10738.75108  
10813.07262  
10723.64544  
10734.42887  
10749.68894  
10749.9495  
10734.6859  
10700.00024  
10748.28312  
10754.99455  
10727.82957  
10662.5757  
10721.34627  
10739.46187  
10760.04084  
10679.0509  
10788.73685  
10790.92  
10652.86938  
10662.72909  
10727.22837  
10797.92921  
10706.90679  
10640.04159  
10710.24532  
10729.1434  
10696.13078  
10724.38844  
10731.81394  
10754.90429  
10778.14386  
10736.90077  
