10541.62996  
10513.75655  
10438.07154  
10549.75722  
10548.49791  
10474.46819  
10593.41248  
10437.5278  
10524.12448  
10546.86907  
10441.02155  
10575.10693  
10490.84412  
10480.72216  
10551.94006  
10490.58185  
10481.39384  
10503.71057  
10572.21526  
10516.86019  
10428.68745  
10502.61743  
10582.78345  
10549.79615  
10490.89435  
10496.64217  
10536.52225  
10542.62972  
10554.24845  
10532.5177  
10564.43234  
10547.2538  
10450.56864  
10611.1891  
10466.56789  
10466.66425  
10449.87896  
10619.68833  
10469.54241  
10527.62999  
10608.38876  
10500.52532  
10416.55883  
10565.70914  
10529.67715  
10475.37843  
10464.78092  
10487.25115  
10533.05466  
10440.78252  
10484.9984  
10460.69402  
10584.70021  
10435.41066  
10576.11232  
10506.7768  
10584.0031  
10505.03953  
10495.39409  
10579.9322  
10426.14623  
10555.35054  
10522.37404  
10527.19768  
10451.33262  
10491.73537  
10553.50087  
10514.91944  
10560.8142  
10551.59973  
10521.55639  
10495.46573  
10489.52303  
10574.63014  
10501.32007  
10578.56926  
10493.17507  
10461.31344  
10599.39366  
10522.34306  
10551.65935  
10461.9119  
10503.91906  
10535.80783  
10468.82455  
10512.40565  
10420.08433  
10453.50763  
10607.66377  
10489.66269  
10486.61804  
10574.74455  
10454.37294  
10522.87225  
10528.08121  
10529.85136  
10615.49936  
10459.61303  
10503.062  
10548.34685  
10427.31896  
10425.68956  
10532.00283  
10520.75543  
10449.83968  
10524.77143  
10518.01924  
10539.47586  
10522.93708  
10548.49492  
10421.71718  
10518.50509  
10425.83904  
10468.82535  
10513.01863  
10507.97809  
10555.56321  
10629.48805  
10484.40881  
10531.81191  
10539.65919  
10601.24616  
10498.07678  
10485.17975  
10556.52984  
10539.18229  
10514.91683  
10494.51774  
10564.20072  
10475.14467  
10492.01736  
10589.14167  
10486.76586  
10504.59684  
10485.92421  
10539.92142  
10507.47026  
10459.58182  
10505.70717  
10506.12635  
10563.31964  
10468.40111  
10546.48823  
10550.78718  
10579.21371  
10479.48162  
10434.98925  
10492.80709  
10538.93724  
10489.54117  
10466.98927  
10503.16169  
10587.65104  
10487.52691  
10489.50125  
10593.49731  
10576.4085  
10527.3952  
10462.04479  
10484.64606  
