10966.99209  
11041.30507  
10932.09076  
11003.47511  
11082.34372  
10925.08912  
11023.47915  
10973.47821  
10990.91954  
11061.72491  
10906.93744  
11052.52271  
11081.07637  
10982.01654  
10983.62113  
11038.7431  
10995.13354  
10974.45604  
11013.40768  
11075.54026  
10932.19324  
11001.32012  
11024.43056  
11072.78805  
11033.79477  
10968.87451  
11012.01335  
11044.00664  
11113.35833  
10985.6802  
11137.21688  
11071.74187  
10971.00591  
11105.97611  
10991.35789  
10982.46034  
10901.40028  
11114.75126  
10985.6337  
11009.03613  
11098.57592  
11006.40528  
10895.25404  
10991.47642  
11049.78231  
11038.04332  
10959.66654  
10935.71915  
10961.23268  
10967.55869  
11017.07522  
10913.29396  
11025.43431  
10943.00043  
11034.64479  
11088.03905  
11013.51706  
11037.72016  
10905.8209  
11080.09325  
10937.61311  
10944.92565  
11002.38684  
11060.04144  
10962.18935  
10973.18725  
11055.40557  
11030.26076  
11094.15185  
11074.23882  
11035.53488  
11034.60321  
10962.83323  
11101.59929  
10978.80539  
11036.80219  
10997.51501  
10954.17078  
11115.49838  
11006.38834  
10983.57056  
11000.99201  
10999.51808  
10965.86786  
10991.87643  
11043.81884  
10933.71868  
10916.75095  
11070.67534  
11036.30267  
10959.41414  
11046.19847  
10995.4683  
10920.07389  
11074.90577  
10990.50538  
11117.30351  
10973.25528  
10946.3566  
10989.3654  
10938.97426  
10881.30956  
10928.24234  
11034.76422  
10976.62057  
10996.71422  
11045.87798  
11029.85233  
11075.09193  
11135.40296  
10915.36234  
10991.01607  
10916.6135  
10969.094  
10996.50207  
11046.94056  
11044.30922  
11098.6695  
11010.60383  
11030.4836  
10991.55861  
11033.74003  
10990.13024  
10967.62089  
11026.61595  
11029.51918  
11037.26261  
10971.84097  
11030.59681  
11058.24589  
10990.92582  
11050.34814  
11007.22687  
11023.54777  
11006.01336  
11009.15623  
11043.11814  
11005.97122  
10997.91705  
10971.63564  
11022.55094  
10984.91721  
11041.43765  
10978.64097  
11068.3032  
11011.90547  
10921.5346  
10960.18997  
11009.87134  
11051.99301  
10968.07794  
10928.41181  
11037.2535  
10988.20552  
10967.40787  
11089.12574  
11035.44815  
11024.1795  
11021.05887  
10991.62256  
