9838.753852  
9913.497972  
9846.562583  
9849.24298  
9951.395445  
9812.287752  
9858.010801  
9847.84663  
9826.859805  
9920.262286  
9842.153888  
9870.879011  
9939.341496  
9895.91882  
9840.142278  
9898.046842  
9920.652895  
9895.983615  
9846.405015  
9952.597619  
9908.834615  
9893.561478  
9851.74889  
9907.945734  
9928.617759  
9851.421115  
9844.239162  
9834.526593  
9969.327165  
9898.581618  
10026.73642  
9875.951406  
9880.788132  
9890.029539  
9904.728441  
9826.119487  
9830.333605  
9895.752454  
9883.697787  
9915.391572  
9862.198872  
9926.819979  
9830.252312  
9840.84976  
9862.831693  
9910.627725  
9871.707173  
9785.031388  
9821.67725  
9830.665678  
9903.706856  
9782.746382  
9812.562087  
9851.967031  
9878.149364  
9934.073743  
9836.806353  
9915.862288  
9836.826414  
9892.832874  
9886.475444  
9826.00232  
9796.762224  
9890.008931  
9889.965633  
9870.449703  
9939.774122  
9922.968612  
9869.642169  
9975.344881  
9843.698359  
9943.510521  
9822.662948  
9983.243965  
9851.367734  
9863.776321  
9929.776651  
9864.64724  
9916.594389  
9907.781233  
9831.032277  
9912.294855  
9881.724684  
9828.018271  
9863.925752  
9903.954782  
9849.138463  
9775.39931  
9874.566627  
9898.471066  
9862.703626  
9878.352005  
9874.906471  
9854.476951  
9962.484667  
9841.133217  
9863.354171  
9885.031263  
9832.000505  
9800.62785  
9833.962423  
9817.25389  
9787.614638  
9917.826781  
9869.784009  
9841.747759  
9935.981028  
9953.686227  
9880.293298  
9987.374541  
9806.755872  
9866.657944  
9862.468379  
9870.889031  
9819.906359  
9953.812087  
9846.973624  
9882.173352  
9943.997943  
9958.970774  
9845.095557  
9843.951844  
9872.271881  
9887.830825  
9868.752633  
9859.521852  
9946.979025  
9884.464865  
9838.396923  
9918.530783  
9853.59943  
9901.37374  
9891.918582  
9922.423102  
9925.982372  
9870.367342  
9893.511418  
9908.870885  
9896.680355  
9828.20025  
9862.174671  
9883.933623  
9932.678122  
9823.646455  
9883.132833  
9912.641873  
9837.997675  
9843.050005  
9825.850936  
9918.423907  
9889.789388  
9769.342957  
9833.840733  
9877.123352  
9911.169196  
9920.811386  
9874.449102  
9859.408658  
9915.798277  
9932.298319  
