9066.304713  
9099.250631  
9048.391172  
9036.771367  
9152.205777  
9054.856993  
9029.49867  
9048.811843  
9023.639446  
9104.06  
9088.537539  
9064.740058  
9149.111631  
9093.979686  
9035.113256  
9170.710028  
9139.679789  
9121.705794  
9053.838084  
9167.537539  
9136.836409  
9133.324177  
9067.676808  
9114.630657  
9165.334279  
9090.825827  
9029.981344  
9052.280661  
9193.534651  
9095.439428  
9261.63437  
9086.386811  
9103.750109  
9083.55063  
9105.115192  
9034.97498  
9085.834405  
9056.907639  
9070.790536  
9118.644725  
9062.558156  
9131.107489  
9067.727388  
9039.829859  
9080.690371  
9120.023985  
9100.817964  
9030.563182  
9026.498257  
9056.506036  
9084.060185  
9003.185277  
8996.947291  
9100.106395  
9062.270525  
9138.736833  
9096.047852  
9117.95086  
9047.974399  
9071.005413  
9110.040569  
9013.777234  
9011.703521  
9094.92307  
9094.667927  
9103.661579  
9092.792472  
9140.544594  
9096.552776  
9193.561852  
9050.443368  
9146.965458  
9024.18734  
9187.644885  
9080.404634  
9071.386239  
9128.285072  
9088.643353  
9095.270331  
9128.284079  
9022.390221  
9097.031225  
9089.671016  
9054.299022  
9107.392898  
9110.546437  
9059.215374  
9018.114586  
9076.016071  
9129.311759  
9094.405964  
9039.423247  
9094.417472  
9108.89965  
9170.939302  
9072.561961  
9060.260279  
9102.675108  
9052.948646  
9015.042581  
9068.462655  
8998.413894  
8949.324623  
9092.115377  
9075.239788  
9061.796606  
9123.001633  
9185.20672  
9099.501557  
9218.07666  
9034.386129  
9073.595206  
9092.120193  
9092.870521  
9010.809781  
9179.301017  
9087.751919  
9083.577064  
9156.192088  
9157.940026  
9046.6743  
9071.620782  
9071.080912  
9127.634816  
9101.029617  
9102.030198  
9132.689739  
9075.413347  
9056.4202  
9162.317871  
9085.296505  
9095.820178  
9091.736724  
9118.904027  
9105.897453  
9073.834624  
9082.956046  
9107.232481  
9118.574909  
9025.783068  
9061.285434  
9101.979955  
9126.81053  
9056.857102  
9062.702872  
9136.016846  
9093.750328  
9094.545469  
9049.783792  
9130.816263  
9085.012535  
9011.764009  
9033.994402  
9078.200793  
9114.557205  
9110.765936  
9048.335483  
9098.549485  
9126.285602  
9130.777706  
