10617.25596  
10608.1038  
10678.4075  
10605.24441  
10630.59372  
10668.98618  
10612.98017  
10670.62788  
10632.71453  
10625.95768  
10652.34376  
10595.1366  
10616.3  
10635.14365  
10600.14651  
10611.38431  
10668.73149  
10644.50383  
10601.44817  
10640.1096  
10668.06731  
10638.59176  
10593.43546  
10616.95623  
10645.24286  
10634.07904  
10594.48442  
10633.30976  
10639.92961  
10630.61289  
10714.27058  
10639.17646  
10678.1087  
10591.23246  
10629.63422  
10570.00892  
10684.64322  
10602.96647  
10660.52239  
10651.29252  
10598.17401  
10604.59956  
10655.74279  
10607.11699  
10598.81118  
10648.41333  
10653.85697  
10609.07224  
10610.50764  
10611.25988  
10658.58105  
10646.55978  
10612.83301  
10646.81785  
10605.58483  
10665.03441  
10606.3814  
10645.96011  
10598.53033  
10576.00306  
10681.72512  
10608.35246  
10634.78951  
10626.30027  
10641.29565  
10633.90775  
10623.48146  
10674.39147  
10657.45434  
10636.94597  
10623.38818  
10644.44178  
10608.10892  
10620.3435  
10630.47657  
10634.04118  
10611.86875  
10607.28551  
10647.33545  
10668.99902  
10615.38453  
10616.29161  
10645.29046  
10596.65297  
10613.3624  
10626.25813  
10660.42182  
10603.8861  
10601.04342  
10647.61961  
10638.84425  
10617.33311  
10634.85665  
10625.91445  
10632.40085  
10628.76316  
10629.29945  
10672.23272  
10621.57237  
10597.22789  
10686.93812  
10632.12282  
10627.14789  
10596.53523  
10663.49661  
10589.02473  
10649.761  
10660.26183  
10620.80637  
10658.70521  
10600.22745  
10576.69165  
10641.20043  
10628.33362  
10616.16864  
10673.03003  
10636.40868  
10623.82205  
10636.08943  
10641.26017  
10600.22668  
10610.89495  
10605.6652  
10673.359  
10584.84897  
10631.2328  
10671.77159  
10638.04949  
10632.25231  
10659.54575  
10628.86588  
10616.16085  
10619.71336  
10651.00858  
10649.34203  
10597.02445  
10618.01325  
10679.0657  
10670.38032  
10573.031  
10630.06573  
10628.68212  
10659.61002  
10593.36611  
10624.15738  
10618.79202  
10661.91904  
10619.52195  
10635.38767  
10679.97235  
10658.94836  
10598.99559  
10597.06002  
10618.42363  
10641.43885  
10613.77141  
10627.83708  
10635.56823  
10652.92802  
10637.61782  
