10934.27676  
10829.83058  
10821.57157  
10907.07292  
10842.65772  
10828.1378  
10908.57745  
10799.86415  
10850.64997  
10840.86618  
10814.93427  
10904.71574  
10821.32499  
10799.92002  
10914.9969  
10830.75851  
10834.39265  
10866.29084  
10953.77214  
10813.46607  
10847.68337  
10846.54759  
10948.90587  
10884.06885  
10852.87122  
10848.88191  
10884.50066  
10898.30863  
10876.27931  
10993.34617  
10925.79131  
10990.94554  
10848.69769  
10923.04228  
10840.19413  
10884.21885  
10829.34183  
10929.64524  
10791.97884  
10859.03474  
10899.83877  
10787.10106  
10803.02562  
10950.95021  
10846.75208  
10772.73372  
10832.37426  
10822.60494  
10888.16629  
10774.50915  
10809.23179  
10768.19312  
10912.37055  
10784.33508  
10961.68683  
10877.28885  
10910.56034  
10786.32689  
10786.6687  
10912.88588  
10827.35093  
10937.20305  
10862.52465  
10852.96284  
10840.80432  
10833.32198  
10906.41461  
10880.66458  
10889.62348  
10876.69619  
10891.63977  
10846.50931  
10827.88194  
10856.29324  
10811.57559  
10941.70095  
10856.27501  
10775.51412  
10851.9958  
10862.80269  
10937.69633  
10830.5568  
10800.02538  
10898.96756  
10817.99978  
10810.09922  
10808.82545  
10857.69916  
10934.5543  
10848.76027  
10873.63129  
10977.66979  
10796.88489  
10859.42994  
10882.70891  
10876.13005  
10875.08575  
10842.03416  
10810.84552  
10847.48322  
10793.93559  
10804.44541  
10882.84169  
10828.1506  
10808.91934  
10884.84675  
10842.75428  
10862.44388  
10968.78884  
10885.36625  
10824.60675  
10795.81545  
10840.81627  
10841.95451  
10950.2924  
10897.70308  
10923.47663  
10927.6822  
10833.8746  
10883.36245  
10905.48921  
10921.65867  
10853.28257  
10825.58468  
10867.10981  
10900.12711  
10827.55153  
10819.32565  
10879.25293  
10822.82726  
10852.19629  
10921.32639  
10834.4774  
10831.57394  
10853.27779  
10959.78046  
10901.35944  
10831.42195  
10852.92637  
10882.21033  
10892.56651  
10787.64083  
10867.06176  
10882.95791  
10909.32798  
10832.6041  
10826.85587  
10814.59784  
10891.03358  
10816.39516  
10819.67876  
10857.4712  
10884.08152  
10820.5796  
10796.49319  
10918.67449  
10969.03904  
10904.98135  
10848.29267  
10849.5239  
