10422.41043  
10323.78552  
10320.66747  
10454.74672  
10460.60953  
10487.40587  
10362.8788  
10494.64143  
10429.49903  
10414.91611  
10327.95336  
10361.615  
10320.53171  
10414.21513  
10376.22944  
10410.51491  
10374.36978  
10365.89218  
10407.3998  
10364.80924  
10332.84817  
10472.37341  
10337.22009  
10279.80832  
10297.29155  
10364.30122  
10356.63338  
10392.67134  
10407.69057  
10411.56782  
10384.74755  
10443.39997  
10343.34848  
10415.84214  
10391.78199  
10416.00885  
10323.25511  
10387.85057  
10393.36513  
10352.07257  
10365.44576  
10341.25791  
10461.57651  
10462.72192  
10345.65848  
10349.35323  
10286.22818  
10328.57834  
10439.23487  
10434.66947  
10442.40707  
10436.95333  
10449.02475  
10333.12021  
10339.65102  
10528.47921  
10490.12193  
10438.71367  
10386.18316  
10410.99619  
10414.21872  
10401.83671  
10370.76607  
10366.04248  
10317.42354  
10333.52022  
10373.60698  
10331.08235  
10463.9266  
10412.1385  
10413.07858  
10367.48007  
10424.82962  
10439.98028  
10384.35786  
10430.66543  
10384.21086  
10420.54037  
10425.63926  
10350.98104  
10324.21643  
10274.04489  
10371.22536  
10383.80465  
10297.20499  
10296.60947  
10386.78167  
10386.99886  
10403.14956  
10372.97817  
10414.44647  
10391.66272  
10401.96294  
10393.70959  
10413.59369  
10434.51353  
10391.59889  
10401.16243  
10407.98693  
10444.69279  
10394.01638  
10394.56518  
10398.1988  
10404.35554  
10404.20782  
10352.87199  
10361.95478  
10332.5061  
10432.51271  
10380.96946  
10442.05181  
10440.93514  
10454.27216  
10408.00668  
10366.06216  
10355.88996  
10327.51802  
10285.26185  
10306.74504  
10367.99459  
10394.2856  
10332.09875  
10316.42225  
10342.64044  
10321.48674  
10389.37987  
10396.37847  
10437.66908  
10385.81177  
10433.24343  
10359.34117  
10410.36748  
10399.82688  
10417.66338  
10426.7494  
10408.03855  
10383.69974  
10354.41292  
10322.04854  
10374.58036  
10411.95989  
10421.59176  
10394.83909  
10351.73317  
10413.56799  
10376.63003  
10393.62685  
10412.32277  
10388.9937  
10462.76206  
10433.78612  
10353.12722  
10354.34675  
10396.78198  
10342.58772  
10425.20361  
10445.1829  
10346.71067  
10379.79085  
10385.07691  
