12483.58048  
12438.04479  
12434.05711  
12541.80739  
12410.03415  
12440.41054  
12436.66474  
12490.01968  
12363.02766  
12432.87162  
12348.57123  
12442.05421  
12441.781  
12484.26081  
12454.53649  
12531.09588  
12450.16103  
12424.44673  
12422.01621  
12426.23098  
12416.61494  
12472.71072  
12419.27437  
12428.59226  
12420.67028  
12403.86478  
12441.90856  
12377.51312  
12445.11514  
12416.1243  
12518.6543  
12494.26277  
12514.07755  
12460.59386  
12491.99849  
12448.6294  
12465.06013  
12413.02513  
12468.89937  
12387.63444  
12453.03909  
12460.71847  
12483.105  
12485.99858  
12417.023  
12398.95793  
12427.72943  
12446.78686  
12476.20899  
12414.14348  
12432.45292  
12406.47901  
12458.02445  
12435.6268  
12403.68499  
12557.54995  
12557.76048  
12404.74434  
12420.45133  
12436.6147  
12414.55108  
12394.05929  
12486.28958  
12488.2049  
12422.46773  
12436.0689  
12407.21015  
12437.62337  
12574.65905  
12376.2253  
12425.32013  
12372.38743  
12515.04013  
12423.39991  
12430.79634  
12389.08851  
12411.37129  
12486.36229  
12428.32056  
12419.0646  
12409.63946  
12446.44555  
12477.6807  
12445.01599  
12470.6081  
12459.13251  
12457.36711  
12385.66686  
12450.22529  
12440.04223  
12469.53413  
12418.36508  
12448.55522  
12424.14926  
12443.31761  
12428.53389  
12395.45089  
12411.72882  
12501.26235  
12483.31618  
12411.28813  
12486.45141  
12408.22613  
12427.57749  
12465.16547  
12368.85805  
12473.51006  
12414.90647  
12516.72042  
12428.54238  
12478.92406  
12404.08619  
12470.51631  
12384.0389  
12391.40943  
12397.00925  
12439.57659  
12431.46626  
12488.05003  
12415.05383  
12465.25905  
12510.99942  
12450.55376  
12526.51676  
12411.1742  
12497.6978  
12392.65091  
12448.49986  
12392.85803  
12496.80859  
12420.12403  
12507.66135  
12402.91315  
12402.22277  
12456.3431  
12460.27114  
12432.98871  
12457.28072  
12431.17879  
12500.70985  
12390.03081  
12466.57559  
12386.01747  
12410.6692  
12471.05454  
12368.1337  
12472.61705  
12399.5389  
12461.35552  
12460.63287  
12442.40594  
12427.81777  
12421.4045  
12496.21256  
12437.60055  
12481.54694  
12424.4217  
12452.53381  
12465.61717  
12455.38505  
