10286.69782  
10196.47723  
10197.85577  
10292.70729  
10324.58738  
10378.55215  
10216.52539  
10386.00901  
10367.39047  
10311.00535  
10224.33661  
10221.31951  
10212.94949  
10264.89663  
10241.94856  
10296.57242  
10237.21537  
10205.78305  
10246.13509  
10220.07086  
10227.95439  
10301.64702  
10206.41662  
10171.82659  
10185.12542  
10233.1691  
10270.1823  
10269.17836  
10315.9743  
10346.07205  
10256.30432  
10289.94276  
10188.05471  
10247.52868  
10192.26781  
10271.36208  
10243.37454  
10287.67827  
10262.97738  
10211.69334  
10211.34218  
10234.80638  
10357.19313  
10374.89289  
10240.10453  
10225.56057  
10202.24477  
10178.43949  
10299.87676  
10338.33801  
10346.42024  
10329.4945  
10309.14756  
10223.19915  
10227.10169  
10430.82727  
10372.20798  
10285.70119  
10284.04403  
10248.60716  
10282.87309  
10275.27824  
10226.89028  
10231.20427  
10181.93295  
10190.25802  
10229.94765  
10192.07074  
10329.67717  
10312.11351  
10326.63897  
10268.50221  
10306.0213  
10342.41249  
10274.59884  
10309.29933  
10272.36095  
10319.30586  
10341.48736  
10222.40458  
10168.73756  
10168.79299  
10202.94807  
10231.22514  
10154.0446  
10159.46308  
10245.97819  
10246.58207  
10246.44841  
10246.4198  
10318.40523  
10282.31398  
10299.62501  
10258.25815  
10313.70485  
10305.4965  
10245.31947  
10272.80141  
10310.27633  
10331.50799  
10281.17745  
10249.56482  
10278.51822  
10293.81442  
10293.96916  
10221.58736  
10214.64234  
10197.64134  
10296.04145  
10221.79766  
10323.35108  
10313.93357  
10360.95076  
10321.79679  
10214.51909  
10202.05618  
10235.94557  
10152.3987  
10194.98653  
10210.75906  
10250.19846  
10216.08929  
10219.20253  
10222.02229  
10160.54811  
10235.90753  
10249.52319  
10298.20839  
10232.6503  
10302.37879  
10227.34696  
10324.72656  
10238.97423  
10312.82658  
10308.82831  
10306.71618  
10263.19608  
10215.73772  
10213.3044  
10258.44611  
10297.6663  
10309.85717  
10297.96266  
10212.00213  
10272.54336  
10236.94264  
10285.30955  
10315.46384  
10280.182  
10304.89868  
10258.85272  
10177.22322  
10205.06448  
10258.72438  
10255.43514  
10295.43828  
10325.19515  
10262.79305  
10288.24239  
10223.76117  
