10667.38272  
10583.60513  
10585.36959  
10660.74138  
10660.86105  
10727.36734  
10610.33339  
10703.6427  
10667.31357  
10693.32598  
10603.37912  
10602.20392  
10584.70932  
10653.99057  
10628.28699  
10635.01861  
10616.15415  
10603.61464  
10615.83056  
10587.10722  
10584.4199  
10667.4098  
10564.66303  
10528.46236  
10576.69572  
10628.97924  
10613.07051  
10661.06023  
10647.48228  
10668.10857  
10628.58417  
10653.26648  
10573.13186  
10618.22276  
10619.59416  
10642.696  
10607.35322  
10642.2363  
10651.61766  
10608.42181  
10603.56894  
10609.12433  
10734.59649  
10712.08272  
10621.78388  
10592.06029  
10555.04787  
10581.83995  
10687.68705  
10668.34648  
10718.43603  
10675.02569  
10640.12322  
10595.32844  
10593.64482  
10762.27342  
10719.82514  
10655.51582  
10636.98014  
10600.25818  
10613.26976  
10597.36359  
10615.40514  
10615.21751  
10578.302  
10587.94354  
10592.10204  
10567.55308  
10718.03781  
10656.83336  
10654.85833  
10636.13516  
10691.19143  
10702.50624  
10663.48896  
10675.6124  
10643.26194  
10643.4307  
10704.3135  
10609.73567  
10566.72849  
10530.19011  
10601.76845  
10619.3928  
10567.21513  
10547.65564  
10588.57106  
10597.48492  
10602.30231  
10597.47338  
10640.57762  
10606.18064  
10629.60211  
10616.3381  
10638.10717  
10651.74477  
10645.08667  
10648.04159  
10670.19258  
10675.45195  
10664.73626  
10655.50273  
10641.52873  
10638.82552  
10688.80277  
10606.2141  
10618.17443  
10592.12834  
10641.49737  
10592.36178  
10664.86886  
10641.86896  
10711.11663  
10650.56849  
10633.76311  
10621.47834  
10596.45247  
10537.47587  
10582.4316  
10595.99734  
10623.09195  
10596.9797  
10585.01655  
10616.53919  
10561.24373  
10630.13458  
10642.03059  
10656.41705  
10590.79374  
10663.53494  
10609.56812  
10636.27128  
10623.3155  
10680.07738  
10659.55596  
10639.3071  
10611.36006  
10580.99236  
10588.47831  
10648.16462  
10673.92721  
10685.573  
10615.82526  
10584.47651  
10639.24992  
10634.13097  
10662.65844  
10660.33681  
10645.65528  
10654.65596  
10647.53014  
10579.43383  
10593.99717  
10644.41388  
10621.85542  
10685.49561  
10673.04506  
10592.2275  
10609.12537  
10615.96157  
