10606.40587  
10572.15417  
10689.51795  
10603.05297  
10580.16265  
10677.70431  
10587.23454  
10632.36679  
10633.87093  
10715.79092  
10605.62606  
10579.87178  
10624.57257  
10692.8978  
10597.72528  
10533.45647  
10568.14444  
10602.30907  
10540.40194  
10532.32601  
10578.55653  
10634.63044  
10570.83258  
10516.04635  
10644.47834  
10656.64615  
10577.04886  
10686.15835  
10639.32435  
10650.62825  
10616.31103  
10592.95991  
10502.75813  
10591.71347  
10637.01836  
10596.70774  
10658.94075  
10675.77424  
10626.07155  
10596.06015  
10598.33104  
10591.75861  
10759.57753  
10741.8616  
10659.37476  
10581.9456  
10614.04457  
10581.11086  
10640.54395  
10615.90394  
10657.39447  
10644.43736  
10605.00909  
10562.01148  
10619.82795  
10705.29532  
10669.58462  
10583.13099  
10654.87767  
10516.05232  
10570.81208  
10519.74885  
10625.38081  
10616.62356  
10586.20751  
10576.66907  
10558.91834  
10560.60236  
10686.44743  
10632.1732  
10622.14656  
10618.54487  
10692.201  
10696.95894  
10669.46817  
10636.64223  
10727.61615  
10614.07491  
10691.99152  
10605.72402  
10544.2448  
10573.33336  
10550.58  
10620.88851  
10585.88845  
10564.6799  
10514.1945  
10571.18087  
10557.25922  
10595.33525  
10600.09468  
10575.15759  
10573.0628  
10572.79609  
10599.38587  
10601.50953  
10662.9249  
10678.30571  
10638.65089  
10631.15796  
10669.89559  
10658.59189  
10652.59703  
10658.42572  
10681.31833  
10574.59309  
10576.79521  
10567.91603  
10577.96318  
10529.96174  
10655.55459  
10571.56818  
10708.65018  
10628.79018  
10637.44999  
10595.36965  
10674.23015  
10553.0206  
10564.14104  
10569.6189  
10616.99023  
10612.73012  
10622.58226  
10634.67589  
10521.73538  
10590.54114  
10657.29452  
10599.11671  
10517.8402  
10627.03461  
10547.24272  
10581.12366  
10611.19871  
10670.96753  
10635.14109  
10544.10254  
10553.66028  
10523.11451  
10600.01884  
10638.65074  
10655.48325  
10656.20777  
10546.01186  
10561.77521  
10573.49656  
10623.68921  
10646.96838  
10663.04604  
10639.08314  
10599.14082  
10649.82966  
10578.65679  
10605.69233  
10620.95991  
10624.47152  
10700.08435  
10678.21115  
10583.89885  
10565.29081  
10600.3007  
