11009.69473  
10998.34624  
11061.8347  
11194.05513  
11112.07571  
11072.53208  
11059.41787  
11166.46283  
11091.56371  
11125.47692  
11062.40868  
11008.52663  
11077.56816  
11026.64246  
10984.16855  
10927.80714  
11054.97867  
10997.73624  
10976.22374  
11002.22981  
10945.41739  
11020.95996  
10986.64314  
10990.49866  
11023.4701  
10996.67072  
11073.24723  
11032.74993  
11142.28625  
11106.08048  
11040.32431  
10969.15582  
11011.63709  
11008.8432  
11049.06925  
10988.38252  
11056.14226  
11054.11913  
11107.58921  
11027.10961  
11070.90346  
11063.9667  
11132.31829  
11030.1325  
11063.74128  
10965.55311  
11001.37429  
11078.57802  
11136.20411  
11085.00721  
11090.49434  
11026.38106  
11081.64723  
11050.01654  
11080.15404  
11168.96952  
11206.48475  
11117.17447  
11029.66596  
11105.05967  
11080.11317  
11023.56188  
11037.39884  
11000.0443  
11023.43493  
10945.13052  
10944.45043  
10972.98518  
11173.49678  
11060.755  
11054.71144  
11030.24417  
11146.49606  
11122.28776  
11141.46201  
11063.90436  
11056.78788  
11119.68208  
11045.72905  
11051.55272  
10946.04184  
10945.30503  
10999.00369  
11052.60621  
10969.0493  
11010.62538  
11037.07698  
10973.88661  
11055.27669  
11111.26647  
11083.84398  
11083.46954  
11020.0609  
11025.17361  
11007.93986  
11006.07821  
11002.83061  
11016.27193  
11069.19517  
11090.64137  
11020.11803  
11073.98287  
11079.43322  
11098.72886  
11119.54854  
11013.79672  
10996.04645  
10993.74048  
11051.14727  
11077.86426  
11134.99278  
11095.88251  
11119.4107  
11098.24824  
11058.19221  
11083.76353  
11010.62375  
11003.13133  
11147.91436  
10981.35131  
11067.87409  
11102.36821  
11028.72381  
11012.65112  
10954.85897  
11072.7542  
11021.88218  
11049.22872  
10986.01347  
11021.39524  
10966.58103  
10999.37889  
11107.94966  
11038.29971  
11063.37202  
11036.50091  
11023.68272  
10991.87395  
11013.51618  
11029.51368  
11018.08237  
11057.69746  
11016.40748  
10949.66876  
10972.94957  
11003.36681  
11065.98022  
11078.74717  
11056.2394  
11077.95131  
11067.95261  
10960.28488  
11053.16413  
11065.92826  
11101.48073  
11190.27661  
11121.48314  
11077.48155  
11027.9117  
11046.60573  
