10385.34862  
10198.4921  
10264.75296  
10326.02496  
10352.54369  
10296.33261  
10263.7816  
10207.26486  
10429.42092  
10254.03171  
10314.85293  
10310.18951  
10304.22402  
10287.94759  
10444.19914  
10300.01171  
10391.77932  
10261.95806  
10312.78421  
10367.64667  
10290.75235  
10269.67792  
10315.78404  
10355.62739  
10286.18061  
10255.81613  
10356.8223  
10314.45652  
10227.69575  
10397.79724  
10248.47168  
10300.92632  
10359.74598  
10366.57976  
10177.05924  
10269.40223  
10378.87937  
10404.2651  
10220.93596  
10306.95854  
10365.20659  
10412.60868  
10348.39231  
10195.15606  
10316.12019  
10366.34618  
10291.00758  
10268.95436  
10425.90273  
10218.28677  
10243.54071  
10263.05747  
10374.6527  
10357.86364  
10163.48738  
10416.41899  
10181.6809  
10222.40501  
10319.94621  
10388.87719  
10240.64025  
10198.91994  
10401.25406  
10216.60077  
10390.38362  
10366.72357  
10231.51433  
10257.24596  
10395.89489  
10280.4569  
10243.29914  
10418.29909  
10259.56737  
10256.92914  
10226.61291  
10437.04968  
10201.80831  
10231.41739  
10333.05485  
10371.40067  
10264.39764  
10275.62261  
10456.819  
10244.77373  
10280.70817  
10252.51901  
10439.85092  
10211.67077  
10329.47044  
10318.52807  
10312.41117  
10376.52285  
10205.05341  
10297.54248  
10327.63899  
10251.14945  
10313.51529  
10341.53033  
10325.84895  
10229.11693  
10386.94808  
10251.7467  
10259.65449  
10387.97717  
10268.37628  
10274.80559  
10329.93476  
10372.02986  
10284.05144  
10397.23048  
10315.39  
10268.31871  
10283.04392  
10415.3832  
10225.01948  
10227.70883  
10399.59699  
10359.65353  
10288.09698  
10251.58843  
10384.05103  
10348.28581  
10226.01829  
10367.90885  
10353.16498  
10213.21217  
10238.91646  
10331.29107  
10406.7676  
10261.34463  
10312.617  
10343.80204  
10418.18359  
10203.00925  
10262.96638  
10275.51566  
10383.65067  
10228.14559  
10304.17147  
10367.39638  
10423.41824  
10275.84199  
10225.56296  
10382.52187  
10386.03323  
10225.50778  
10313.37476  
10305.73845  
10284.03905  
10246.97244  
10356.80548  
10361.36884  
10235.27861  
10308.32259  
10284.1504  
10414.72117  
10254.30074  
10222.09866  
10311.44831  
10392.58759  
