10586.00489  
10494.83133  
10463.66329  
10585.33394  
10575.74452  
10549.58055  
10537.83941  
10388.40644  
10637.04865  
10483.3267  
10585.69339  
10502.98288  
10539.34366  
10523.38911  
10733.80703  
10542.21409  
10708.2287  
10484.78349  
10601.3696  
10597.78328  
10528.20957  
10483.43836  
10528.53363  
10681.26075  
10488.88745  
10571.0496  
10545.1024  
10534.37961  
10370.66132  
10580.30422  
10543.66132  
10487.87931  
10644.47678  
10525.46238  
10469.61686  
10505.64687  
10672.45887  
10596.49014  
10500.64492  
10590.67082  
10613.288  
10711.00634  
10575.03179  
10486.51073  
10510.23321  
10623.73981  
10453.75034  
10429.48952  
10659.66456  
10503.01273  
10563.43058  
10453.88154  
10702.75733  
10571.53969  
10406.16507  
10614.00619  
10366.4023  
10477.90013  
10523.02454  
10697.13189  
10438.29063  
10418.66826  
10594.6049  
10469.65889  
10674.67783  
10555.72627  
10533.50033  
10435.83503  
10695.68315  
10498.58818  
10546.53975  
10600.37607  
10531.42723  
10490.89334  
10377.4134  
10687.1797  
10416.19962  
10544.57934  
10561.78278  
10662.75811  
10493.02446  
10552.36143  
10633.67976  
10544.69505  
10574.96624  
10489.03853  
10679.81485  
10455.64727  
10622.16259  
10489.11811  
10598.47976  
10548.4973  
10424.24507  
10551.70998  
10492.83908  
10495.70074  
10462.23526  
10577.51157  
10514.88788  
10361.44856  
10662.78251  
10423.57102  
10542.74861  
10571.86958  
10586.8548  
10590.85298  
10499.59815  
10658.13801  
10553.58138  
10623.71634  
10613.97003  
10525.93985  
10539.03276  
10740.60822  
10481.77142  
10506.95086  
10601.91922  
10650.15442  
10550.95439  
10423.09906  
10634.76319  
10570.96096  
10432.7338  
10666.1631  
10526.99311  
10490.70787  
10448.81751  
10594.11502  
10578.92864  
10514.12294  
10496.37601  
10577.17401  
10634.2707  
10467.93691  
10529.72319  
10492.78708  
10619.36944  
10511.40639  
10584.54586  
10571.64619  
10745.51825  
10538.37337  
10454.81119  
10684.9375  
10640.20019  
10535.09356  
10505.64761  
10509.46019  
10499.5134  
10406.0153  
10627.38667  
10540.3633  
10499.78579  
10518.03107  
10513.78848  
10618.30016  
10469.22344  
10525.62778  
10522.51222  
10685.47434  
