10976.55717  
10651.15214  
10853.92136  
10825.30282  
10910.53269  
10735.86938  
10841.0866  
10765.90664  
10920.63023  
10683.12373  
10840.56652  
10769.31337  
10950.96931  
10847.18061  
10911.79566  
10801.96943  
10831.00856  
10737.97976  
10793.98321  
10775.31975  
10882.4433  
10789.9468  
10912.29357  
10815.25665  
10784.64256  
10805.99586  
10777.24971  
10829.37262  
10750.79439  
10949.15618  
10681.58725  
10852.92798  
10757.95468  
10955.65649  
10677.78298  
10885.33065  
10790.25444  
11034.62459  
10704.25257  
10920.72418  
10910.9707  
10834.34432  
10931.99521  
10693.43001  
10810.76484  
10708.8001  
10835.09833  
10734.29512  
10953.68657  
10711.34638  
10777.14831  
10826.57835  
10805.39763  
10997.59047  
10717.213  
10854.32586  
10677.49732  
10741.13684  
10795.16995  
10793.95986  
10885.95478  
10760.30214  
10960.82344  
10747.68261  
10883.72585  
10836.84629  
10778.02391  
10803.33081  
10822.74196  
10889.14837  
10742.97231  
10942.12259  
10716.25159  
10850.98711  
10826.7546  
10959.51989  
10699.91327  
10779.63426  
10760.83924  
10841.8514  
10786.83428  
10845.35134  
11025.26861  
10743.21756  
10909.35085  
10837.73982  
10980.5821  
10704.17189  
10818.12255  
10790.21165  
10799.99985  
10969.11865  
10675.74067  
10795.88845  
10720.84953  
10671.48978  
10848.61201  
10764.14237  
10831.05921  
10709.45704  
10820.56444  
10740.8574  
10757.34198  
10890.27425  
10761.80765  
10890.4737  
10811.36966  
10839.41047  
10895.96273  
10813.24953  
10810.1884  
10889.33158  
10821.91654  
10945.59883  
10827.22375  
10780.07894  
10919.90176  
10735.41653  
10785.67279  
10755.7071  
10799.79495  
10972.27201  
10723.53477  
10825.71136  
10797.45088  
10713.88289  
10790.07969  
10775.06163  
10865.40373  
10788.42529  
10906.87193  
10831.01253  
11027.48634  
10738.13603  
10902.93611  
10859.63957  
10980.6674  
10729.23034  
10820.58041  
10832.51189  
10885.74687  
11032.46596  
10813.0273  
10902.21825  
10816.37945  
10785.90752  
10941.55722  
10720.37646  
10784.37488  
10690.00179  
10848.10197  
10820.54453  
10758.48118  
10891.5443  
10790.14428  
10908.6533  
10760.98303  
10763.1581  
10792.4019  
10785.69447  
