10173.95056  
10020.43076  
10026.31987  
10165.13384  
10130.88876  
10129.39375  
10038.07888  
10022.50196  
10192.28493  
10061.85511  
10065.21134  
10136.76576  
10091.64747  
10086.68608  
10215.69797  
10102.39598  
10194.37955  
10062.44748  
10089.49797  
10170.64128  
10059.67173  
10080.8106  
10079.8379  
10212.53106  
10080.428  
10066.80065  
10167.48084  
10074.84995  
10037.49615  
10145.093  
10088.97763  
10049.94004  
10209.87706  
10126.62597  
10009.52286  
10041.90891  
10217.793  
10186.79485  
10048.703  
10080.5857  
10166.5118  
10237.84599  
10113.86707  
10032.4789  
10067.0965  
10195.84015  
10043.68386  
10082.84221  
10206.86193  
10041.34885  
10036.93147  
10057.91685  
10220.52082  
10127.70747  
9976.573835  
10167.50739  
9987.995254  
10013.89003  
10124.95479  
10213.80759  
10004.99482  
10007.44826  
10154.09765  
10042.46425  
10144.83421  
10169.94787  
10033.78367  
10042.31391  
10231.01075  
10052.95435  
10059.11838  
10165.94515  
10098.56954  
10019.16901  
10034.09602  
10232.73116  
9999.518754  
10030.89791  
10141.07586  
10208.66105  
10031.33768  
10101.5732  
10212.57483  
10085.47417  
10066.37074  
10078.31298  
10225.36919  
10025.07149  
10101.38836  
10077.26653  
10118.28411  
10107.89182  
10028.14838  
10067.20756  
10134.08033  
10056.37681  
10060.93284  
10168.52158  
10080.69735  
10028.23739  
10190.76963  
10038.44719  
10087.10764  
10171.11662  
10091.40449  
10051.69851  
10135.91751  
10184.32602  
10055.36507  
10206.4217  
10135.05944  
10040.1648  
10111.1014  
10214.60644  
10028.97463  
10045.8661  
10154.93793  
10187.53448  
10067.10259  
10035.38361  
10194.60495  
10097.9236  
10023.86534  
10152.41531  
10149.9877  
10046.72294  
10023.58138  
10153.43091  
10186.67959  
10104.05401  
10069.55587  
10158.23538  
10182.2715  
10022.53685  
10028.71418  
10091.29767  
10159.79543  
10069.49634  
10079.32895  
10167.91016  
10243.89449  
10034.07652  
10030.98209  
10161.00221  
10191.07837  
10047.55391  
10071.16413  
10131.29452  
10049.24617  
10046.42877  
10146.62489  
10140.54134  
10054.21334  
10066.42321  
10108.70488  
10190.44528  
10066.91403  
10012.96018  
10094.52483  
10226.22025  
