11637.99925  
11638.36747  
11623.84631  
11695.67081  
11677.19518  
11658.18463  
11640.76634  
11639.46981  
11631.61268  
11608.53164  
11677.46365  
11653.62074  
11660.70542  
11708.62948  
11627.96588  
11610.02545  
11630.94296  
11655.91414  
11691.33693  
11669.87837  
11663.98517  
11637.90946  
11681.40583  
11662.4642  
11643.66046  
11711.63682  
11687.47769  
11676.06909  
11650.79476  
11570.85343  
11592.20516  
11578.50253  
11626.28312  
11606.06195  
11602.22934  
11642.9053  
11694.16496  
11686.72808  
11737.60761  
11746.49486  
11706.94381  
11680.06022  
11634.25758  
11661.89387  
11720.58348  
11704.40921  
11673.41762  
11640.97359  
11651.90959  
11652.95087  
11615.10443  
11658.76612  
11628.12996  
11648.56832  
11632.09401  
11652.40957  
11639.57441  
11624.28663  
11636.99155  
11620.99504  
11668.3305  
11616.90572  
11669.46744  
11672.05107  
11658.31221  
11684.67332  
11656.38159  
11684.45634  
11706.52154  
11702.10912  
11653.79497  
11639.01779  
11652.33577  
11757.05238  
11685.53763  
11645.53661  
11660.10695  
11614.6426  
11594.58599  
11622.01682  
11621.30379  
11672.82421  
11619.01322  
11667.29447  
11661.44752  
11669.22069  
11612.43194  
11649.37113  
11609.94933  
11604.97116  
11584.19982  
11648.84093  
11608.3012  
11625.34812  
11641.62915  
11653.2964  
11649.84459  
11663.43954  
11681.34197  
11644.29567  
11650.48413  
11632.32665  
11612.29893  
11606.63616  
11606.30494  
11636.74661  
11660.85716  
11726.43124  
11658.64733  
11647.98585  
11639.16163  
11629.65204  
11624.97385  
11686.81183  
11657.79338  
11660.53503  
11695.8399  
11667.6115  
11648.34752  
11626.47517  
11667.12012  
11639.93906  
11669.39044  
11694.76557  
11674.1759  
11665.11445  
11651.9318  
11635.40792  
11669.65781  
11659.92323  
11679.21154  
11684.50967  
11620.18426  
11631.56245  
11626.00858  
11651.72809  
11640.03164  
11704.84747  
11708.46612  
11661.71464  
11648.76767  
11610.41545  
11621.86089  
11624.10029  
11651.21847  
11654.3924  
11652.15085  
11709.45746  
11645.78094  
11667.78492  
11648.25974  
11649.02243  
11622.3851  
11657.51124  
11667.79805  
11650.80879  
11644.35325  
11640.78639  
11674.27239  
11614.1108  
