11157.07965  
11157.84374  
11150.55409  
11203.59532  
11178.37172  
11179.41647  
11150.35576  
11213.86842  
11182.83725  
11178.8645  
11170.33244  
11146.59536  
11163.26508  
11182.3363  
11171.75725  
11206.55819  
11157.41803  
11173.08072  
11224.18206  
11196.78604  
11170.3022  
11175.97278  
11209.02622  
11161.17024  
11170.05024  
11217.64649  
11163.85326  
11157.12679  
11144.35226  
11149.39054  
11171.32043  
11144.6995  
11161.61722  
11132.50731  
11113.38011  
11152.50733  
11158.17972  
11139.54502  
11183.44269  
11179.22162  
11159.19885  
11175.03173  
11152.86606  
11179.84044  
11187.61385  
11203.64695  
11202.58163  
11141.65481  
11165.58836  
11181.06866  
11177.23869  
11157.67477  
11181.57281  
11193.79613  
11196.5101  
11189.40143  
11196.68097  
11184.13976  
11148.51013  
11174.67857  
11180.03948  
11169.18207  
11179.80964  
11157.80131  
11135.73116  
11159.44192  
11176.23266  
11199.52176  
11184.16267  
11165.28016  
11150.32303  
11121.99663  
11179.6113  
11156.92276  
11175.60943  
11158.71643  
11199.78064  
11165.05318  
11160.93238  
11128.49663  
11183.94246  
11207.19439  
11158.18495  
11185.67896  
11205.62248  
11174.66152  
11198.82572  
11216.05281  
11175.23603  
11186.10734  
11210.76245  
11197.84361  
11159.5278  
11169.77315  
11170.65803  
11208.29046  
11193.27111  
11171.19862  
11216.10394  
11198.55114  
11183.93638  
11205.00479  
11188.15749  
11177.3768  
11166.34188  
11156.43461  
11125.91204  
11193.99561  
11138.15385  
11160.06059  
11196.57223  
11147.39355  
11161.62684  
11197.66846  
11170.91437  
11170.31544  
11162.24074  
11184.20635  
11158.42587  
11165.13645  
11163.14014  
11151.63419  
11156.77742  
11174.12493  
11223.5497  
11183.64286  
11168.80269  
11174.33916  
11188.02977  
11165.86798  
11178.35589  
11189.28733  
11158.4208  
11175.70772  
11187.31441  
11181.90714  
11213.36596  
11201.03376  
11153.52787  
11151.95852  
11163.9358  
11202.61106  
11149.18314  
11170.63146  
11171.99945  
11157.30261  
11196.88736  
11202.09556  
11158.59045  
11195.20813  
11203.12237  
11164.51161  
11170.65633  
11167.86123  
11144.56649  
11167.06029  
11148.37262  
11205.6796  
11186.47272  
11139.83188  
