10354.90586  
10331.45089  
10333.89069  
10392.65627  
10340.623  
10355.17168  
10317.67015  
10372.10258  
10335.90469  
10324.90382  
10351.05582  
10313.12467  
10316.15759  
10343.36768  
10350.63082  
10375.39253  
10329.79096  
10350.25796  
10367.84973  
10335.79148  
10315.40094  
10335.96747  
10369.18387  
10326.2998  
10335.30634  
10359.95783  
10332.15198  
10316.78236  
10297.61616  
10296.11346  
10362.0892  
10366.1442  
10345.28104  
10340.26538  
10323.9507  
10344.96469  
10357.46649  
10334.2799  
10373.16682  
10349.9307  
10342.49135  
10339.42201  
10320.41229  
10353.56329  
10361.9742  
10358.09753  
10369.34927  
10304.49089  
10307.42873  
10350.28455  
10339.40441  
10311.46165  
10320.50519  
10316.92338  
10384.06415  
10373.60467  
10344.5093  
10365.46028  
10333.22098  
10346.0011  
10364.67319  
10346.96635  
10351.43777  
10331.27044  
10327.34187  
10361.1272  
10339.94441  
10367.50076  
10350.86155  
10372.09197  
10341.51875  
10309.40594  
10344.93964  
10361.32043  
10380.2472  
10336.27657  
10346.71017  
10363.76575  
10339.81436  
10307.7249  
10351.93832  
10370.65855  
10321.26682  
10357.85193  
10379.41399  
10351.56909  
10336.38508  
10370.1578  
10347.85954  
10328.6853  
10325.46366  
10356.86363  
10346.3867  
10330.57152  
10354.24874  
10340.08338  
10331.37392  
10306.63362  
10357.90756  
10331.462  
10325.75007  
10345.43775  
10348.18714  
10334.42558  
10328.8894  
10321.79123  
10326.04487  
10362.13265  
10321.39365  
10332.44747  
10350.4268  
10308.03304  
10321.73193  
10357.17137  
10365.51507  
10363.13468  
10335.70779  
10358.07256  
10329.37707  
10338.51269  
10339.82424  
10340.7912  
10327.05328  
10334.77613  
10375.77153  
10356.346  
10338.5422  
10339.07794  
10352.48051  
10339.40539  
10333.79899  
10350.55062  
10344.93608  
10343.66899  
10352.67959  
10357.29678  
10373.99073  
10342.2188  
10332.02189  
10356.73951  
10342.49234  
10360.78434  
10324.54329  
10335.46362  
10339.00496  
10322.51506  
10335.5519  
10358.18931  
10327.61265  
10358.11685  
10338.18262  
10336.52693  
10340.27629  
10351.98185  
10336.87592  
10346.43394  
10334.95428  
10373.93729  
10338.99009  
10311.19182  
