11729.72281  
11693.19201  
11709.04784  
11734.85571  
11727.55013  
11720.27687  
11699.77932  
11752.67779  
11707.21297  
11731.01559  
11726.19958  
11701.59078  
11729.06876  
11740.33582  
11704.59242  
11719.76049  
11712.74222  
11732.83722  
11765.38362  
11727.89628  
11729.87252  
11751.22305  
11781.82139  
11703.35629  
11739.47809  
11784.24111  
11700.8996  
11683.55236  
11704.88555  
11655.52353  
11661.93305  
11689.16069  
11744.32559  
11709.068  
11695.15036  
11729.01875  
11707.10149  
11695.77474  
11731.80207  
11746.35083  
11738.16589  
11729.2647  
11699.83102  
11717.92273  
11767.63263  
11764.0846  
11774.35955  
11670.35752  
11743.77308  
11731.44502  
11688.21016  
11728.44848  
11728.70764  
11714.65978  
11752.07418  
11771.74484  
11749.28031  
11751.37695  
11711.51728  
11701.12615  
11732.26765  
11702.9282  
11732.03027  
11721.35758  
11698.42969  
11708.75174  
11713.91093  
11720.12243  
11704.04867  
11721.45601  
11702.79842  
11680.61135  
11750.70134  
11755.46889  
11728.68632  
11715.79092  
11740.13992  
11698.37998  
11688.94698  
11700.13855  
11695.05075  
11722.17108  
11681.09397  
11742.09813  
11747.92407  
11737.89582  
11724.06386  
11731.83388  
11700.97413  
11767.62438  
11703.03738  
11740.27727  
11685.97466  
11715.01792  
11729.77991  
11756.75803  
11737.35926  
11728.29049  
11758.12853  
11743.7449  
11733.99917  
11752.81086  
11762.29572  
11716.65343  
11690.44793  
11699.29099  
11673.33069  
11712.81121  
11689.66258  
11743.41621  
11715.17615  
11698.8222  
11697.32652  
11732.85596  
11704.99294  
11697.22666  
11716.31109  
11736.99371  
11706.88113  
11711.50149  
11733.97662  
11706.06525  
11714.46645  
11731.77901  
11763.45368  
11719.09779  
11714.86733  
11706.2863  
11734.98226  
11695.28822  
11750.59565  
11770.71933  
11706.60106  
11741.12329  
11732.54855  
11731.0019  
11728.48095  
11701.89162  
11707.7027  
11707.99721  
11713.73592  
11760.78309  
11745.44469  
11718.07484  
11739.04508  
11709.3242  
11744.52085  
11741.02951  
11676.15929  
11744.30423  
11745.89236  
11716.58108  
11725.7987  
11737.81911  
11682.80841  
11696.57991  
11682.86541  
11754.2954  
11741.10816  
11699.81099  
