11519.46269  
11476.7383  
11507.29292  
11533.98596  
11508.48563  
11538.90987  
11485.63957  
11556.78828  
11511.96148  
11526.54237  
11544.80719  
11500.73682  
11539.75012  
11552.30464  
11512.03762  
11518.53876  
11521.12315  
11539.30058  
11554.42783  
11514.05508  
11523.7783  
11546.38649  
11577.91832  
11490.99129  
11548.85505  
11580.57536  
11531.22514  
11476.03092  
11504.73194  
11454.38328  
11469.55805  
11510.29246  
11555.11338  
11504.24401  
11512.86234  
11535.80841  
11505.05888  
11498.79393  
11536.61055  
11538.16345  
11546.97194  
11523.79303  
11510.75541  
11515.81977  
11552.85909  
11547.77716  
11574.87796  
11467.77604  
11534.42232  
11539.30902  
11476.2377  
11511.49854  
11493.98073  
11518.7332  
11563.46431  
11598.85335  
11547.69976  
11515.10737  
11501.07617  
11519.81823  
11536.53204  
11508.34133  
11542.07837  
11516.98148  
11494.67621  
11516.06824  
11507.67181  
11550.62854  
11509.77625  
11536.1869  
11508.35876  
11493.48639  
11561.27633  
11561.61282  
11548.08079  
11516.10184  
11549.90994  
11517.64129  
11520.41956  
11496.31899  
11516.46906  
11512.30015  
11490.71382  
11531.96599  
11524.84415  
11528.47244  
11504.10716  
11520.37275  
11478.72736  
11552.34325  
11493.12816  
11537.569  
11481.21496  
11519.49351  
11536.05371  
11548.63331  
11524.86619  
11504.02811  
11543.09824  
11531.16673  
11510.4976  
11542.06574  
11550.81498  
11508.207  
11500.84168  
11524.26084  
11489.47247  
11529.19167  
11479.50454  
11534.17202  
11502.95647  
11491.21724  
11498.74131  
11542.73598  
11517.54471  
11513.25738  
11512.09891  
11528.97612  
11494.7452  
11535.85913  
11527.60073  
11490.19935  
11500.66415  
11543.93247  
11552.1132  
11511.2286  
11514.41271  
11515.52605  
11549.31745  
11500.26806  
11557.8869  
11572.53939  
11526.08637  
11537.15901  
11535.23361  
11520.51816  
11527.25237  
11508.04926  
11501.59102  
11526.26841  
11516.15541  
11549.34305  
11534.40294  
11513.37282  
11525.60527  
11500.50814  
11524.36845  
11527.48649  
11472.79176  
11536.85274  
11530.62502  
11534.18889  
11542.79593  
11548.28905  
11491.89043  
11508.32071  
11487.74126  
11567.51683  
11524.88991  
11497.44354  
