10521.18128  
10485.153  
10494.77112  
10554.11453  
10511.2512  
10509.50005  
10484.7038  
10538.87215  
10493.04232  
10494.71696  
10519.32024  
10494.07706  
10495.77953  
10513.38049  
10514.32689  
10544.79668  
10493.24938  
10523.13937  
10557.84473  
10519.68125  
10488.82269  
10508.36324  
10556.05444  
10494.62159  
10504.67585  
10532.00024  
10509.93313  
10488.69678  
10472.41877  
10462.62318  
10498.92522  
10502.24488  
10502.9207  
10493.31606  
10464.73595  
10495.34749  
10509.89787  
10475.9232  
10528.57624  
10513.03064  
10498.45098  
10520.86641  
10477.05192  
10521.47193  
10533.63451  
10535.12156  
10574.71008  
10468.46111  
10497.82539  
10520.79295  
10488.2515  
10489.59723  
10511.74931  
10497.69515  
10543.12266  
10540.14682  
10514.13502  
10532.52376  
10487.46594  
10496.05887  
10525.30032  
10503.67078  
10508.04279  
10507.36808  
10477.62383  
10520.34641  
10489.76923  
10515.98596  
10518.362  
10526.6439  
10504.756  
10462.11308  
10510.86307  
10517.91826  
10545.24453  
10499.19965  
10523.11323  
10542.716  
10510.5232  
10471.80855  
10511.849  
10537.37071  
10483.98042  
10515.95724  
10550.18826  
10516.17595  
10502.2235  
10543.51947  
10514.18089  
10495.82474  
10498.03869  
10538.03296  
10501.29186  
10504.10048  
10519.64267  
10510.05532  
10513.92582  
10477.99661  
10529.0142  
10507.93152  
10491.92945  
10535.26168  
10535.51414  
10496.12851  
10493.26186  
10487.97988  
10474.19567  
10521.34705  
10489.24584  
10501.01917  
10533.03095  
10469.9128  
10492.32399  
10527.51656  
10511.64988  
10520.84277  
10501.48633  
10538.71238  
10489.18121  
10492.02178  
10498.37563  
10519.61533  
10487.03299  
10504.20785  
10553.55695  
10520.9853  
10496.80697  
10519.50721  
10527.49957  
10504.32789  
10508.79018  
10526.91267  
10499.42787  
10516.21295  
10524.11049  
10519.34875  
10530.40012  
10525.2998  
10495.01528  
10517.96037  
10492.01485  
10540.7638  
10482.68936  
10502.78609  
10507.27142  
10492.46461  
10503.18853  
10537.41308  
10488.09344  
10540.90483  
10516.39808  
10499.59903  
10499.8546  
10527.67638  
10495.49547  
10507.17883  
10488.10041  
10535.02721  
10515.45925  
10482.85987  
