11942.00227  
11934.15662  
11975.54239  
11993.77144  
11949.53624  
11890.91271  
11857.06355  
11843.83086  
11823.36257  
11892.30148  
11876.01803  
11836.73345  
11896.41479  
11968.3716  
12028.74928  
12044.26308  
12022.52465  
11986.40187  
11864.83207  
11844.34007  
11905.6799  
11951.78889  
11972.73782  
11996.52541  
11936.05252  
11878.35888  
11955.01807  
11949.34248  
11873.42157  
11908.01522  
11911.86932  
11948.53034  
11926.95951  
12048.29487  
12027.78759  
12024.03404  
11971.17514  
11908.65828  
11961.52681  
11986.20201  
11936.46388  
11884.52019  
11820.28073  
11922.48375  
11951.89993  
11945.36496  
12021.2062  
12016.55632  
12014.11516  
11985.97673  
11947.2834  
11898.02497  
11905.2768  
11964.97286  
11940.84376  
11935.7937  
11929.90467  
11961.00987  
11994.05328  
11948.48249  
11868.76468  
11863.64199  
11853.40906  
11843.2208  
11887.43902  
11884.37928  
11898.09984  
11930.03824  
11937.17958  
11876.96157  
11873.7627  
11883.34751  
11910.24879  
11882.52133  
11830.01521  
11794.21892  
11877.37257  
11923.26663  
11914.52867  
11911.64408  
11905.40011  
11891.28615  
11892.32929  
11919.21926  
12003.11396  
11956.48788  
11905.81678  
12049.3272  
12055.73616  
12004.36069  
11955.6122  
11954.11447  
11934.10608  
11931.79525  
11948.77578  
11963.65541  
11986.91855  
12024.32194  
12003.56868  
11971.45165  
11954.87789  
11912.54085  
11940.06602  
11992.27707  
11971.69159  
11924.10933  
11855.04981  
11823.86448  
11844.66098  
11882.34404  
11880.30975  
11859.15118  
11867.57183  
11889.34087  
11867.10839  
11877.79227  
11877.67552  
11889.49491  
11942.48969  
11973.42633  
11950.08333  
11953.87804  
11952.86053  
11985.66425  
12025.87224  
12091.95912  
12037.64232  
11909.22829  
11989.61377  
11919.15832  
11945.92982  
11985.96355  
11894.22227  
11940.77769  
11915.95301  
11966.70409  
11944.65104  
11881.92535  
11909.25838  
11941.71652  
11959.36083  
11970.60597  
11923.886  
11954.95199  
11992.93245  
11934.64604  
11871.02746  
11811.8649  
11853.65151  
11857.50189  
11946.83677  
11902.54901  
11960.27346  
11845.11472  
11926.3419  
11873.72875  
11924.71147  
11905.61547  
12012.14964  
12037.38623  
