11278.25892  
11315.38498  
11318.54897  
11314.3658  
11289.83761  
11292.00572  
11280.10937  
11283.85032  
11278.01723  
11270.14694  
11270.60897  
11289.39552  
11306.92974  
11281.80295  
11332.83718  
11301.46488  
11255.19981  
11276.84556  
11310.11735  
11259.09139  
11271.39739  
11281.79491  
11296.41156  
11315.76527  
11285.11937  
11277.04788  
11276.92053  
11326.11975  
11300.21566  
11320.99025  
11322.21437  
11305.17927  
11266.99068  
11301.32773  
11333.67913  
11321.18487  
11300.00058  
11331.92226  
11322.47492  
11339.88102  
11353.93023  
11308.42249  
11284.46923  
11288.42328  
11302.17238  
11270.34088  
11279.28187  
11297.65223  
11296.84793  
11323.9764  
11314.54622  
11301.05316  
11285.42823  
11249.81708  
11255.70588  
11273.49002  
11290.25395  
11315.66569  
11278.71153  
11283.31873  
11280.69766  
11267.84436  
11261.43149  
11271.77111  
11284.52409  
11302.10592  
11292.91726  
11280.0067  
11285.11078  
11284.27047  
11284.85934  
11230.4933  
11256.20894  
11299.66506  
11297.66605  
11292.53863  
11290.83351  
11259.3697  
11285.75618  
11248.02085  
11296.82797  
11300.94148  
11265.6522  
11268.93078  
11347.29918  
11374.68412  
11320.6245  
11373.63917  
11313.46549  
11287.61171  
11265.56175  
11302.36678  
11273.49425  
11285.48681  
11289.8004  
11296.93988  
11334.53256  
11315.72153  
11335.80963  
11313.95925  
11293.11288  
11268.37838  
11260.81236  
11281.46298  
11319.08536  
11282.90135  
11274.37739  
11311.5722  
11294.01875  
11294.1517  
11295.11425  
11258.18798  
11303.56777  
11290.50842  
11262.81544  
11271.89337  
11251.10999  
11280.45247  
11294.26728  
11305.36281  
11300.57845  
11313.90074  
11298.20092  
11313.25503  
11354.50951  
11336.17952  
11327.71187  
11321.90701  
11336.22412  
11290.93468  
11316.56165  
11285.8714  
11255.34835  
11241.82546  
11279.02451  
11309.65418  
11274.65493  
11253.05943  
11320.34907  
11261.78783  
11233.25483  
11260.40294  
11308.97967  
11299.66622  
11303.30239  
11308.99541  
11275.96474  
11264.56967  
11326.66368  
11297.66161  
11308.97048  
11304.14224  
11320.53046  
11280.57288  
11336.04275  
11266.31251  
11258.28215  
11267.98262  
11317.05704  
11315.81649  
