11695.74407  
11724.87323  
11745.43039  
11718.47001  
11726.5071  
11678.85345  
11656.0035  
11648.50227  
11676.02018  
11695.68105  
11663.33745  
11699.1726  
11708.9004  
11745.74907  
11752.07299  
11724.92363  
11666.54544  
11696.36283  
11697.75772  
11708.11288  
11677.04188  
11654.33873  
11692.90496  
11721.55079  
11687.70579  
11669.73941  
11683.48225  
11735.2848  
11694.24758  
11735.86947  
11793.423  
11696.7296  
11683.90629  
11716.94907  
11781.14665  
11732.27014  
11693.49556  
11741.54656  
11657.41284  
11749.16579  
11754.10182  
11709.90502  
11683.94717  
11715.64613  
11681.14824  
11626.75774  
11687.10408  
11630.86439  
11661.50828  
11720.54759  
11717.43875  
11676.64033  
11702.11867  
11672.10009  
11675.95346  
11748.6029  
11726.11385  
11761.40885  
11745.02643  
11664.25917  
11679.9106  
11633.15472  
11637.40382  
11706.37807  
11740.83608  
11681.38947  
11675.20855  
11683.27202  
11685.58725  
11669.71921  
11695.37606  
11667.3195  
11703.25632  
11779.74937  
11764.10063  
11745.48792  
11674.27297  
11651.26251  
11674.81134  
11688.96944  
11703.26808  
11773.60935  
11721.87846  
11678.0776  
11754.1376  
11661.61078  
11791.40721  
11802.45167  
11735.99629  
11688.37859  
11672.96561  
11656.11891  
11629.9408  
11662.93133  
11660.22919  
11657.87992  
11749.30005  
11730.50829  
11752.72867  
11681.42285  
11643.98719  
11653.23274  
11666.68083  
11679.10667  
11712.75313  
11702.00114  
11711.71858  
11696.14633  
11654.22497  
11682.4957  
11696.5289  
11693.68689  
11732.04924  
11720.44092  
11715.95976  
11682.75182  
11672.48702  
11708.57788  
11744.30178  
11771.35124  
11780.77857  
11730.27029  
11694.1851  
11666.4464  
11730.66959  
11720.24099  
11711.9643  
11733.92703  
11723.27795  
11709.05069  
11734.29796  
11713.03493  
11652.31931  
11644.36535  
11723.89993  
11702.46758  
11702.6768  
11667.12625  
11697.48728  
11673.66631  
11641.71334  
11670.92329  
11727.01743  
11754.14118  
11732.17093  
11703.45866  
11699.99269  
11694.04297  
11739.33061  
11720.46923  
11755.25505  
11734.24972  
11718.02499  
11629.77265  
11707.8348  
11714.33312  
11668.02175  
11671.73281  
11714.72368  
11662.07167  
