10540.8777  
10581.47809  
10587.07996  
10596.52365  
10567.73453  
10576.87133  
10531.77391  
10521.20436  
10485.87363  
10456.97025  
10499.62016  
10603.80082  
10600.62975  
10580.48027  
10643.13949  
10592.97623  
10501.69189  
10481.12447  
10558.20035  
10527.92453  
10507.1841  
10544.80496  
10573.17502  
10559.285  
10500.13092  
10492.58268  
10477.87777  
10587.88648  
10647.00168  
10650.80133  
10644.53631  
10542.52775  
10534.01473  
10633.7132  
10643.24223  
10634.46484  
10504.16684  
10607.47494  
10612.25797  
10651.64023  
10647.43906  
10543.99445  
10490.95939  
10513.91871  
10508.92947  
10462.80154  
10453.22242  
10492.57633  
10480.02705  
10572.02875  
10553.22816  
10572.24807  
10581.98037  
10525.28947  
10506.75244  
10525.09188  
10540.40988  
10571.8133  
10509.24346  
10551.56609  
10568.50256  
10558.90684  
10473.64781  
10521.94516  
10487.38789  
10501.64145  
10487.67068  
10525.18236  
10559.18455  
10544.0602  
10597.35191  
10491.02705  
10480.12615  
10526.87424  
10610.6993  
10589.05451  
10569.87594  
10524.9241  
10513.90664  
10545.07945  
10523.94367  
10573.30674  
10512.46184  
10442.34367  
10767.72973  
10733.32975  
10751.53264  
10708.53588  
10620.15332  
10558.24783  
10562.3832  
10503.75697  
10484.16574  
10588.50879  
10534.33664  
10535.57172  
10572.06818  
10596.0565  
10579.23852  
10560.02828  
10535.16029  
10491.44768  
10535.08117  
10501.8082  
10565.54221  
10566.05844  
10598.55174  
10620.76168  
10542.12752  
10516.09766  
10579.8026  
10552.88299  
10596.67373  
10600.4249  
10560.54467  
10477.10861  
10544.84883  
10648.09738  
10587.55201  
10607.67205  
10599.09641  
10574.96719  
10570.91693  
10555.92754  
10587.15426  
10565.89314  
10571.02971  
10606.69279  
10696.45273  
10543.85197  
10595.83998  
10539.46572  
10505.16537  
10471.27836  
10451.90236  
10547.04062  
10532.77895  
10509.94875  
10573.7191  
10461.05705  
10447.25666  
10527.02074  
10546.78727  
10489.40141  
10503.92857  
10550.37354  
10573.36762  
10556.42609  
10571.60305  
10584.92242  
10621.48646  
10579.99484  
10589.67184  
10542.17826  
10584.27484  
10482.61145  
10523.62352  
10566.87045  
10594.90617  
10661.09027  
