11629.02466  
11608.45009  
11651.18368  
11600.22933  
11588.89433  
11620.94397  
11577.72723  
11578.67755  
11573.45083  
11569.24851  
11591.16416  
11636.56769  
11599.44031  
11607.81004  
11656.70858  
11581.99931  
11504.38354  
11582.78953  
11678.18142  
11550.58832  
11597.59509  
11574.9105  
11672.88483  
11671.89526  
11546.60724  
11547.47965  
11526.87628  
11638.96181  
11688.3396  
11604.78815  
11585.14589  
11594.42814  
11508.23991  
11663.96185  
11724.34993  
11637.83675  
11625.75332  
11695.955  
11616.16504  
11635.94954  
11663.69012  
11548.16182  
11579.49532  
11581.41156  
11629.2592  
11566.28518  
11569.70524  
11568.57707  
11579.87889  
11685.79915  
11595.91382  
11556.51662  
11606.52132  
11509.40072  
11547.47996  
11604.843  
11619.13767  
11626.91007  
11588.82212  
11597.76168  
11599.06799  
11581.01343  
11532.26013  
11582.6098  
11605.32688  
11587.27563  
11615.19552  
11683.42206  
11574.66215  
11560.5886  
11600.55632  
11485.46633  
11559.47388  
11659.89921  
11618.75647  
11607.94417  
11547.10579  
11544.89709  
11584.25621  
11579.25926  
11685.32715  
11686.49097  
11573.47091  
11546.2922  
11623.12876  
11753.56744  
11654.49835  
11655.43632  
11596.35549  
11530.55064  
11566.60689  
11673.51676  
11648.22434  
11619.65059  
11546.90621  
11593.84001  
11659.70243  
11644.09412  
11647.63674  
11635.86664  
11596.10266  
11521.35697  
11492.16032  
11579.50177  
11712.04175  
11595.98566  
11562.75279  
11602.52856  
11541.06325  
11548.75551  
11667.15853  
11512.22795  
11574.41614  
11669.44796  
11575.15611  
11555.99611  
11660.84644  
11637.93901  
11625.21708  
11642.18284  
11605.57163  
11659.00439  
11656.67006  
11647.72931  
11714.90951  
11601.62895  
11565.36664  
11592.62063  
11653.44059  
11571.7996  
11620.89022  
11589.63114  
11525.19916  
11502.48861  
11534.39429  
11780.77293  
11636.96765  
11548.8985  
11620.02087  
11561.1614  
11547.33087  
11573.07318  
11588.31474  
11650.26526  
11745.99502  
11664.29148  
11586.73865  
11581.90619  
11652.89067  
11618.93648  
11688.07931  
11661.94804  
11656.79773  
11543.62476  
11644.9518  
11513.91569  
11506.5002  
11575.49198  
11581.65401  
11546.26632  
