10937.35098  
10962.30562  
10975.17173  
10972.62894  
10943.86038  
10952.38552  
10937.32612  
10932.95723  
10940.44981  
10928.61627  
10937.75161  
10941.70664  
10959.27071  
10955.98273  
10999.44106  
10963.42891  
10917.22885  
10942.75342  
10991.90785  
10925.84393  
10951.4915  
10959.19379  
10962.3413  
10991.0501  
10936.48083  
10940.47494  
10928.42885  
10987.63546  
10983.60076  
10995.46768  
10975.59161  
10955.96828  
10928.2971  
10992.55824  
10999.59723  
10982.81876  
10961.37589  
10992.43205  
10965.23804  
10977.40013  
11027.91828  
10955.40104  
10922.85316  
10942.72222  
10975.97698  
10934.27506  
10952.5272  
10942.17795  
10957.38103  
10989.72934  
10976.85846  
10946.66803  
10943.79858  
10909.74377  
10910.72836  
10959.59104  
10961.26484  
10966.51726  
10947.76142  
10952.03516  
10936.41294  
10926.31906  
10922.95592  
10934.66671  
10945.66826  
10956.53117  
10941.77081  
10963.1547  
10945.43413  
10938.59067  
10951.61925  
10892.95096  
10917.24339  
10983.34758  
10973.65583  
10953.09111  
10949.72107  
10920.35303  
10940.91764  
10915.28146  
10956.53998  
10987.30068  
10929.67727  
10914.76508  
10968.12078  
11034.30151  
10958.31992  
11029.55668  
10974.78004  
10957.55243  
10925.91771  
10960.40667  
10924.80158  
10939.50902  
10939.08631  
10946.70334  
11013.88474  
10984.78477  
10993.72601  
10974.18547  
10945.68716  
10924.52942  
10914.45239  
10947.36697  
10984.51461  
10964.82789  
10935.60666  
10954.96072  
10939.03717  
10960.53678  
10968.36414  
10896.61071  
10967.6407  
10972.88365  
10937.48569  
10935.58845  
10929.6933  
10959.78626  
10978.11213  
10991.94955  
10976.84942  
10971.32434  
10972.93902  
10977.51756  
11037.96647  
10993.0487  
10971.70976  
10970.5414  
10997.83392  
10958.80328  
10982.1093  
10943.26975  
10893.62973  
10881.89174  
10935.62128  
10993.11862  
10939.96848  
10893.42442  
10980.11373  
10916.47166  
10889.92671  
10927.39725  
10970.20751  
10973.94105  
10979.27669  
10967.86285  
10942.57574  
10915.56436  
10988.4013  
10954.00749  
10969.73441  
10974.76801  
10987.71669  
10923.85413  
11006.92941  
10949.78797  
10917.17784  
10934.12645  
10977.55243  
10950.81542  
