11053.82417  
11091.34944  
11070.63557  
11054.76657  
11062.42982  
11019.92654  
11022.04206  
11041.13571  
11045.37349  
11019.76685  
11007.36725  
11003.67535  
11047.95347  
11080.0263  
11089.80662  
11063.83002  
11083.80946  
11079.93149  
11067.97724  
11095.80082  
11017.48479  
10981.39838  
11034.43983  
11064.20471  
11057.83775  
11061.31237  
11044.99354  
11048.48944  
11038.43163  
11053.75726  
11064.43764  
11076.04613  
11041.64935  
11070.12907  
11082.40502  
11084.09464  
11061.50092  
11066.92932  
11037.6117  
11057.94636  
11071.93548  
11114.04278  
11062.66827  
11059.95909  
11041.54677  
11002.95677  
10998.74148  
11020.83044  
11048.63494  
11068.43938  
11062.47383  
11042.11127  
11062.51532  
11034.36799  
11051.423  
11067.1472  
11062.51487  
11073.2166  
11038.66195  
11040.1494  
11034.97035  
11026.80086  
11044.88963  
11061.73913  
11061.36642  
11077.35252  
11055.75143  
11037.62041  
11053.46654  
11062.94534  
11037.23638  
11051.38789  
11082.82768  
11093.40289  
11096.64379  
11057.44563  
11034.74605  
10994.37444  
11012.033  
11019.92762  
11057.18103  
11055.58843  
11037.98933  
11089.98953  
11242.47528  
11077.48307  
11135.56112  
11062.84182  
11002.84907  
11030.13181  
11012.94702  
11026.52145  
10996.97693  
10990.17788  
11019.67552  
11013.34268  
11047.64604  
11053.90211  
11071.52551  
11062.13891  
11033.15752  
11015.77034  
11024.96427  
11066.69448  
11052.69788  
11037.74103  
11072.87108  
11041.84009  
11027.2501  
11028.83579  
11019.09405  
11073.16143  
11056.30723  
11076.5404  
11098.82378  
11039.11141  
11004.35215  
11039.54668  
11063.3705  
11067.30495  
11102.38946  
11106.17738  
11059.14457  
11020.66262  
11038.16304  
11027.04805  
11039.61484  
11039.59442  
11061.11726  
11062.08198  
11035.47175  
11046.78415  
11052.79758  
11026.84666  
11068.27591  
11037.24765  
11064.80405  
11077.21035  
11035.61509  
11024.59205  
11060.24346  
11062.21279  
11068.07764  
11076.89601  
11115.21161  
11066.98684  
11050.66992  
11059.92923  
11002.32184  
11033.53782  
11038.94982  
11061.15029  
11075.19705  
11041.41472  
11086.36581  
11051.168  
11050.17795  
11023.41776  
11001.44087  
11057.68133  
