11692.1684  
11698.39348  
11716.73183  
11682.91453  
11667.60348  
11700.93877  
11640.53987  
11650.73291  
11663.34775  
11671.24955  
11680.10229  
11696.6892  
11676.28436  
11676.3523  
11734.67099  
11672.05514  
11613.61237  
11669.52241  
11734.06338  
11653.05932  
11701.20023  
11691.37859  
11737.58121  
11758.34962  
11656.79889  
11631.95252  
11643.30136  
11721.42377  
11738.20517  
11709.14002  
11676.53027  
11674.10542  
11647.49846  
11727.18214  
11773.41677  
11700.06536  
11683.99613  
11761.99272  
11689.73739  
11723.65472  
11749.47303  
11655.32665  
11674.19365  
11650.77708  
11687.58131  
11664.07662  
11679.89237  
11666.04945  
11678.84765  
11740.45962  
11681.58088  
11655.90238  
11672.07066  
11625.27292  
11653.6084  
11685.89989  
11714.55805  
11729.34152  
11664.27823  
11666.72341  
11666.20112  
11649.0177  
11623.05126  
11677.04519  
11682.91489  
11652.22367  
11686.27308  
11734.79663  
11692.21241  
11664.89292  
11686.69017  
11593.30662  
11650.92588  
11720.84854  
11676.89075  
11688.89532  
11664.67906  
11670.16928  
11680.42199  
11661.46741  
11717.47667  
11734.16058  
11660.36453  
11643.45239  
11706.49665  
11776.51918  
11703.75989  
11733.8755  
11679.98294  
11660.02433  
11649.88514  
11710.48201  
11690.35128  
11683.41823  
11655.67756  
11686.7414  
11751.12446  
11729.32174  
11729.36403  
11715.30767  
11671.48047  
11632.90864  
11624.80482  
11673.7095  
11744.80837  
11672.71958  
11642.29773  
11673.18593  
11626.92238  
11673.97688  
11725.54621  
11603.67167  
11661.77967  
11746.1734  
11662.05072  
11656.10894  
11700.00354  
11706.37707  
11706.27446  
11705.11972  
11701.10667  
11735.33229  
11696.85456  
11715.50817  
11788.18638  
11727.41843  
11680.3613  
11690.42761  
11738.02843  
11671.74542  
11716.13524  
11672.52483  
11614.74593  
11640.24455  
11649.29255  
11804.37017  
11693.68168  
11630.22094  
11700.21331  
11649.23221  
11632.06722  
11669.47106  
11680.16431  
11728.02305  
11783.7432  
11715.07835  
11670.00636  
11659.50427  
11742.07575  
11693.53146  
11738.49539  
11734.37263  
11743.41722  
11635.67629  
11702.10654  
11619.07244  
11599.37473  
11643.35885  
11687.8634  
11653.47929  
