11704.4701  
11645.44889  
11658.95032  
11689.14362  
11697.64776  
11695.60772  
11715.92964  
11705.44989  
11724.95609  
11727.28771  
11716.83602  
11684.87949  
11644.62643  
11633.22292  
11659.97149  
11676.95596  
11664.47979  
11627.81281  
11670.57073  
11659.84957  
11640.28074  
11642.05501  
11661.16287  
11628.08868  
11637.37577  
11664.52715  
11690.88411  
11678.00405  
11715.15736  
11698.15135  
11748.07174  
11720.17287  
11738.19867  
11710.09378  
11742.46488  
11803.12493  
11753.78542  
11777.32222  
11695.51708  
11711.46515  
11713.17108  
11746.00592  
11722.69812  
11661.92741  
11706.97235  
11685.71345  
11678.47076  
11661.55988  
11679.49789  
11700.68409  
11658.79405  
11665.0159  
11635.77963  
11708.80604  
11660.84985  
11655.56567  
11709.11333  
11729.96207  
11695.76001  
11718.50581  
11716.32686  
11655.1723  
11672.33897  
11714.6664  
11685.05282  
11706.9234  
11688.70837  
11712.57875  
11734.00229  
11700.85691  
11705.05574  
11638.77743  
11668.19587  
11743.57914  
11767.8102  
11716.66101  
11681.16397  
11605.4791  
11645.13537  
11571.37087  
11582.7468  
11605.83315  
11660.93537  
11653.71103  
11654.3995  
11661.03779  
11671.46739  
11819.9355  
11657.56743  
11762.75734  
11847.42337  
11686.02278  
11713.39655  
11729.05721  
11718.64631  
11641.17353  
11531.76805  
11608.76023  
11616.10225  
11586.45433  
11633.30518  
11695.86164  
11649.91061  
11565.10971  
11630.95783  
11666.93003  
11641.498  
11643.11141  
11655.82913  
11657.34668  
11654.54728  
11731.28697  
11661.04017  
11719.89409  
11710.1119  
11710.15259  
11684.46343  
11659.60004  
11667.94821  
11709.07317  
11831.37232  
11761.42792  
11852.10232  
11708.11949  
11851.80974  
11647.29056  
11691.8787  
11636.47234  
11633.96911  
11679.3373  
11698.87993  
11781.35581  
11729.88897  
11737.67779  
11698.38197  
11669.28165  
11693.23928  
11709.15003  
11702.44  
11692.10645  
11650.55666  
11739.5388  
11783.71914  
11761.12598  
11751.5777  
11741.97625  
11787.92016  
11789.84194  
11700.58241  
11593.84031  
11619.04708  
11556.02475  
11557.06113  
11616.21902  
11631.90037  
11606.59307  
11637.48043  
11724.58289  
11736.25099  
11650.84329  
