12294.84968  
12290.97074  
12342.0241  
12326.49601  
12312.63741  
12311.87486  
12416.53484  
12461.36373  
12411.32039  
12369.31604  
12287.81454  
12269.47645  
12292.0896  
12212.78181  
12290.40468  
12358.53918  
12368.24806  
12445.95288  
12391.27619  
12356.34586  
12392.59291  
12406.71105  
12414.85639  
12368.72002  
12345.11843  
12310.91467  
12337.32732  
12305.54186  
12328.91445  
12310.93741  
12300.19785  
12325.03023  
12272.92938  
12491.80447  
12406.09056  
12429.16258  
12379.92955  
12327.34719  
12385.5251  
12339.40639  
12366.07712  
12295.08539  
12283.93479  
12342.45823  
12349.60342  
12309.93148  
12269.36591  
12277.65738  
12273.56083  
12259.017  
12239.55026  
12294.98259  
12420.09703  
12460.17205  
12378.51965  
12301.17559  
12364.48664  
12517.93298  
12517.17144  
12464.46885  
12352.10525  
12355.15221  
12380.00568  
12338.27286  
12340.70223  
12349.88803  
12327.26564  
12356.52464  
12368.74995  
12357.0262  
12419.21786  
12421.88725  
12477.81504  
12436.74583  
12405.62337  
12386.83416  
12297.88128  
12291.43671  
12318.27992  
12283.40596  
12363.87589  
12395.59171  
12330.07964  
12320.23004  
12407.79044  
12537.66262  
12486.6669  
12547.21703  
12442.86186  
12380.50404  
12251.98861  
12229.02656  
12234.42814  
12224.9861  
12218.11801  
12043.3403  
12096.39639  
12120.47093  
12158.10058  
12200.42512  
12279.66688  
12303.20829  
12233.27464  
12207.56627  
12219.26506  
12466.81527  
12498.0828  
12448.61733  
12420.57687  
12423.61911  
12403.88106  
12355.60963  
12361.18068  
12370.79909  
12431.30764  
12367.24937  
12308.91024  
12324.96234  
12302.69178  
12281.86665  
12371.02656  
12504.66598  
12608.33199  
12381.40178  
12495.00788  
12219.18967  
12290.53473  
12244.32324  
12380.96633  
12338.25644  
12482.39914  
12389.31126  
12390.2271  
12366.5669  
12331.33573  
12347.1004  
12358.43755  
12410.45802  
12447.97536  
12412.94487  
12384.7451  
12499.83779  
12485.823  
12529.91278  
12444.89543  
12403.31916  
12220.66364  
12312.16137  
12330.97981  
12244.02591  
12176.01271  
12129.70558  
12181.78299  
12217.36841  
12199.20762  
12310.30409  
12293.35317  
12467.76989  
12417.77745  
12489.20276  
