10788.70753  
10763.74606  
10768.31978  
10781.46699  
10801.73398  
10805.01007  
10820.5948  
10778.77511  
10774.06259  
10792.12449  
10820.79496  
10783.48833  
10798.24007  
10782.23436  
10774.37882  
10782.04423  
10790.97967  
10753.15334  
10781.40913  
10779.6231  
10777.83551  
10765.988  
10785.45552  
10766.5748  
10787.76772  
10779.25115  
10816.70428  
10781.25391  
10823.22828  
10799.02321  
10842.10708  
10823.78224  
10840.01442  
10861.13453  
10840.33191  
10885.31989  
10818.54077  
10839.28695  
10766.35659  
10824.01962  
10785.72433  
10799.54922  
10819.36939  
10789.62956  
10799.9127  
10803.01129  
10793.27505  
10802.97308  
10789.33786  
10793.60916  
10756.93381  
10750.93397  
10735.33189  
10808.6839  
10773.64744  
10768.62727  
10801.48279  
10809.10368  
10785.18058  
10809.61536  
10810.07724  
10800.36056  
10794.18851  
10806.21994  
10801.21507  
10801.1869  
10794.82468  
10795.17658  
10773.64606  
10791.12676  
10801.85192  
10761.41135  
10806.50302  
10843.38997  
10860.07085  
10809.60023  
10789.59679  
10733.64872  
10745.34759  
10752.9353  
10755.12029  
10779.68539  
10805.89838  
10789.3165  
10788.19554  
10813.80254  
10830.9631  
10892.03145  
10742.46909  
10865.13258  
10960.47399  
10865.58251  
10767.493  
10747.04334  
10709.18762  
10714.67832  
10670.00245  
10717.60872  
10716.82349  
10724.51907  
10735.11836  
10764.15447  
10747.77449  
10734.78297  
10790.46033  
10797.4736  
10757.18674  
10759.74237  
10773.47704  
10789.56637  
10795.67148  
10784.55732  
10767.27587  
10809.30265  
10826.60506  
10805.58301  
10768.7123  
10783.4136  
10785.27401  
10831.7744  
10907.48391  
10832.36042  
10982.61953  
10846.92862  
10843.95405  
10788.06934  
10754.60321  
10755.00538  
10724.79268  
10779.64414  
10790.21868  
10841.16676  
10789.56213  
10806.50877  
10784.39634  
10782.66348  
10819.29258  
10818.17994  
10828.81428  
10812.13292  
10815.64609  
10850.01172  
10845.36795  
10854.37612  
10862.2883  
10842.06712  
10837.37951  
10927.78326  
10825.99679  
10706.51458  
10759.20874  
10716.39329  
10735.72553  
10766.58844  
10760.48058  
10749.95229  
10775.00108  
10784.98095  
10729.88336  
10702.74151  
