11389.17315  
11374.07684  
11403.3267  
11438.60939  
11420.32636  
11447.52554  
11482.16559  
11532.70639  
11545.09701  
11461.49974  
11408.82018  
11364.84756  
11370.16309  
11352.80896  
11422.02546  
11459.06509  
11461.08598  
11572.53841  
11557.63011  
11511.24148  
11464.56577  
11448.63256  
11470.43896  
11451.72013  
11396.23705  
11432.70726  
11482.01875  
11466.00081  
11439.82383  
11490.13502  
11521.15265  
11524.29896  
11467.62696  
11594.89745  
11521.75498  
11588.71148  
11501.05863  
11471.32353  
11451.46254  
11465.28133  
11486.65172  
11398.61329  
11399.29881  
11373.26769  
11411.81912  
11406.07844  
11363.92626  
11392.61216  
11412.73297  
11422.70977  
11421.76286  
11416.9034  
11424.40558  
11436.46329  
11439.3018  
11452.94767  
11433.86628  
11468.04596  
11489.84453  
11494.83433  
11418.28602  
11416.82552  
11466.88164  
11467.46845  
11480.76121  
11474.89958  
11462.39819  
11472.33261  
11459.80991  
11457.75307  
11450.23363  
11496.0595  
11490.04925  
11514.19675  
11534.11528  
11474.28332  
11385.26953  
11301.19932  
11283.4103  
11305.27168  
11327.06028  
11313.82509  
11334.99382  
11374.27474  
11379.43661  
11456.6354  
11505.12801  
11594.86132  
11530.0188  
11441.71298  
11634.15723  
11575.16808  
11544.47377  
11437.48396  
11281.51409  
11226.99228  
11188.37674  
11224.36695  
11230.7057  
11303.47617  
11351.38427  
11434.06429  
11442.14679  
11424.8523  
11425.75267  
11467.72474  
11529.68639  
11531.46553  
11512.96652  
11566.86117  
11531.36606  
11486.12501  
11520.58994  
11539.68252  
11584.39314  
11534.3693  
11518.48739  
11473.78068  
11453.56999  
11381.0731  
11677.42701  
11590.14543  
11715.27383  
11570.25275  
11566.04632  
11465.49252  
11355.51765  
11282.05618  
11375.4332  
11323.98726  
11460.15562  
11470.02168  
11460.92186  
11365.38388  
11363.19996  
11391.36816  
11367.60369  
11385.23472  
11459.55106  
11482.74164  
11472.84924  
11546.30607  
11554.67497  
11572.44611  
11556.79694  
11462.38169  
11334.81278  
11412.0638  
11546.52527  
11335.9189  
11258.56636  
11253.6569  
11306.40355  
11351.76675  
11377.49093  
11431.1542  
11452.72734  
11507.36581  
11671.21566  
11726.47852  
