12000.56245  
11947.02474  
11934.36921  
11995.37371  
12008.37176  
12040.54954  
12016.99867  
11919.85016  
12008.93677  
12031.51076  
12037.37355  
11915.93509  
11882.49873  
11875.1  
11907.70085  
11915.74023  
11910.64852  
11870.16354  
11926.79941  
11891.06258  
11879.73949  
11905.90734  
11918.86437  
11900.37865  
11941.83385  
11939.99766  
11967.40975  
11949.9238  
11980.95428  
11936.63543  
12016.61221  
11981.84036  
11999.32611  
11940.32288  
11942.25607  
12085.57256  
12068.08159  
12100.85879  
11944.29131  
11990.14759  
11932.87699  
12033.09173  
12061.87044  
11947.08341  
11987.18379  
11916.4682  
12037.04699  
11933.78608  
11947.2035  
12013.95054  
11970.28263  
12010.64219  
11893.64925  
11967.36133  
11920.56553  
11926.29559  
11934.78587  
12040.97  
12027.12243  
11909.00111  
12004.48631  
11942.90122  
11955.10811  
11936.30098  
11984.50181  
11993.1535  
11978.11838  
12029.91395  
11950.33371  
11979.74067  
11988.85566  
11879.4825  
11978.64146  
12028.33879  
12041.89033  
11953.09129  
11977.99814  
11872.55588  
11950.07817  
11851.38755  
11883.27954  
11870.25423  
11920.02446  
11945.36112  
11978.25146  
11960.06994  
11975.47054  
12109.5467  
11896.15033  
12036.51427  
12130.10347  
11979.59331  
12023.50557  
12011.18971  
12034.16004  
11937.0298  
11801.46644  
11888.00623  
11853.85475  
11833.06123  
11886.40755  
11879.81383  
11936.79795  
11853.41208  
11941.0306  
11957.25937  
11893.35003  
11943.13094  
11955.80721  
11889.99941  
11933.05794  
11957.64442  
11885.19674  
11980.34883  
12009.45433  
11993.75342  
11913.25477  
11957.44455  
11927.15607  
11971.72194  
12035.16227  
11926.52083  
12118.20498  
11921.1126  
12093.98283  
11899.47078  
11974.68781  
11927.95256  
11917.45649  
11837.1818  
11863.94097  
11985.71982  
11965.86782  
11991.45596  
11982.16906  
11889.9641  
11908.67928  
11959.65537  
11963.80745  
11942.11852  
11886.2873  
11894.55369  
11866.53418  
11981.71007  
12026.71527  
12077.02604  
11927.41452  
12038.07324  
12056.88796  
11966.65195  
12032.23566  
11891.44445  
11908.5661  
11969.47682  
11945.55343  
11855.25924  
11928.11274  
11996.29229  
12001.95189  
11936.54797  
