11712.23869  
11667.63914  
11691.37041  
11709.97656  
11721.13555  
11722.70074  
11742.32576  
11716.61228  
11732.3106  
11723.72499  
11734.08761  
11702.44983  
11681.10903  
11664.48336  
11685.76605  
11694.83318  
11688.56149  
11650.61555  
11694.04875  
11689.43323  
11671.35133  
11668.7489  
11690.88645  
11666.86431  
11669.32595  
11694.18498  
11719.90888  
11704.43828  
11733.64238  
11717.24691  
11761.91316  
11736.2853  
11752.39937  
11742.01984  
11780.6743  
11826.10851  
11780.38058  
11789.68643  
11720.34757  
11737.98714  
11723.83507  
11743.2056  
11734.29879  
11692.45541  
11723.15268  
11706.19614  
11705.65699  
11682.99278  
11696.88309  
11719.88235  
11676.63114  
11684.84769  
11664.95977  
11716.55865  
11690.77803  
11684.00534  
11734.21638  
11741.73558  
11722.21299  
11743.70566  
11729.49758  
11686.57977  
11699.63848  
11716.49726  
11695.35832  
11716.47404  
11708.80067  
11728.96401  
11729.37552  
11710.53065  
11715.44054  
11660.64837  
11690.53364  
11766.22198  
11784.53687  
11726.14974  
11709.91785  
11648.79287  
11672.36872  
11606.46519  
11611.93399  
11641.9263  
11685.64585  
11679.98964  
11698.71399  
11716.22381  
11710.21105  
11846.37559  
11681.76183  
11797.77181  
11889.39613  
11734.79908  
11735.21627  
11718.0009  
11709.43728  
11652.96725  
11572.27528  
11636.99833  
11630.64353  
11621.20638  
11673.02158  
11721.58316  
11673.20564  
11604.00123  
11663.54723  
11691.81272  
11653.82859  
11674.16767  
11683.10443  
11667.98746  
11673.68707  
11732.04326  
11684.90209  
11740.90888  
11722.69852  
11728.4263  
11698.25572  
11679.37589  
11702.84582  
11741.70832  
11845.57478  
11780.74784  
11857.51207  
11703.15495  
11848.89395  
11650.46205  
11695.07499  
11661.6909  
11661.64103  
11699.04011  
11714.06117  
11782.20868  
11742.44693  
11749.73378  
11707.17346  
11679.79579  
11721.26814  
11724.39147  
11723.81277  
11707.99005  
11678.53862  
11768.72912  
11784.5529  
11762.22456  
11752.94013  
11756.86736  
11809.74297  
11810.19214  
11752.42091  
11616.76019  
11653.06886  
11594.90432  
11606.24575  
11646.17034  
11644.72751  
11634.70014  
11666.91591  
11752.66547  
11748.62634  
11671.64926  
