11325.20992  
11277.68177  
11290.97407  
11326.61028  
11333.42381  
11341.22741  
11357.43561  
11327.54454  
11385.51196  
11350.85794  
11350.87736  
11316.45194  
11285.08963  
11268.44949  
11293.15925  
11308.38097  
11297.20997  
11279.59034  
11317.98412  
11311.20437  
11280.2193  
11284.03477  
11293.11818  
11275.91876  
11274.99696  
11291.26155  
11345.81905  
11339.37461  
11353.45927  
11318.48545  
11384.18626  
11358.79613  
11375.20533  
11341.67825  
11387.67874  
11434.49906  
11410.93399  
11440.85959  
11342.37187  
11369.22827  
11364.9633  
11378.1264  
11360.28604  
11303.40302  
11344.58482  
11328.96483  
11333.69595  
11294.8233  
11318.48915  
11352.29318  
11286.45321  
11294.71473  
11235.84612  
11305.1704  
11282.41729  
11282.30414  
11335.48004  
11365.36564  
11353.44841  
11369.168  
11353.45873  
11298.65015  
11318.48338  
11328.52442  
11315.1701  
11350.45759  
11340.74613  
11357.75471  
11342.35245  
11336.696  
11358.37778  
11267.68068  
11301.02622  
11396.44854  
11430.61286  
11359.21214  
11356.76979  
11243.36695  
11261.63547  
11179.62307  
11193.30778  
11198.27133  
11251.08003  
11239.90697  
11263.58849  
11298.5482  
11290.41257  
11471.49034  
11326.93958  
11385.757  
11449.98563  
11362.03629  
11410.61138  
11391.86217  
11398.28263  
11292.81749  
11174.89075  
11263.68893  
11254.98094  
11216.06081  
11276.42727  
11352.45788  
11275.06907  
11196.80278  
11272.02201  
11311.64529  
11278.53088  
11289.65197  
11307.38975  
11282.73087  
11287.56077  
11384.05903  
11286.83438  
11386.06538  
11365.81482  
11358.11898  
11327.50848  
11290.54714  
11318.61134  
11334.01325  
11458.98116  
11403.06625  
11402.25803  
11298.9223  
11511.65295  
11290.87567  
11361.91038  
11284.87805  
11300.12977  
11293.74403  
11352.896  
11398.54251  
11356.78755  
11370.02713  
11344.69301  
11265.90608  
11309.53592  
11338.34591  
11335.7561  
11326.75179  
11276.80016  
11387.00768  
11395.09237  
11398.57952  
11396.89876  
11418.42485  
11391.93236  
11394.89896  
11326.26714  
11236.20414  
11281.78853  
11216.33096  
11192.94264  
11261.90037  
11263.65662  
11237.16424  
11271.25512  
11360.28837  
11372.59726  
11333.4814  
