11747.14172  
11759.51334  
11765.97792  
11789.81714  
11856.66039  
11841.42901  
11814.38477  
11801.49229  
11802.28266  
11774.4829  
11777.49903  
11710.49302  
11721.96212  
11719.76638  
11764.36201  
11773.06674  
11758.76019  
11788.74982  
11908.07936  
11817.03257  
11784.84632  
11827.69832  
11788.3026  
11763.13736  
11768.0458  
11805.04689  
11812.40781  
11836.73013  
11804.09927  
11763.46434  
11753.91849  
11781.04546  
11793.74076  
11809.33196  
11811.82308  
11909.66776  
11894.59371  
11790.38646  
11744.26242  
11796.38861  
11749.37524  
11775.07161  
11765.43864  
11775.46252  
11799.94696  
11766.5644  
11787.87426  
11737.94892  
11752.93746  
11770.5657  
11783.69907  
11809.84819  
11835.76307  
11816.69342  
11786.30608  
11788.69341  
11754.236  
11817.43308  
11827.80173  
11818.89695  
11816.96333  
11784.79199  
11782.70764  
11788.90318  
11830.24103  
11853.32874  
11821.87113  
11844.12416  
11783.85479  
11778.11877  
11821.04644  
11770.72083  
11822.6514  
11880.77383  
11876.3927  
11845.68302  
11783.91079  
11703.20639  
11719.12742  
11658.08323  
11689.14193  
11700.02103  
11732.5923  
11749.4258  
11784.7343  
11765.49833  
11854.99867  
11836.05544  
11808.63542  
11803.58252  
11913.22421  
11842.39467  
11794.60443  
11757.43278  
11721.44188  
11634.07223  
11629.11267  
11660.88664  
11708.164  
11679.85938  
11739.78027  
11756.87006  
11844.64319  
11771.22007  
11782.91348  
11788.59921  
11810.83391  
11831.18055  
11835.54141  
11821.90804  
11787.89275  
11785.75913  
11771.62404  
11795.69274  
11883.51342  
11864.85134  
11810.69785  
11785.14242  
11797.8556  
11785.09357  
11865.37873  
11801.92261  
12024.06571  
11780.99  
11777.10283  
11728.25074  
11674.25271  
11684.0604  
11736.28773  
11751.65524  
11755.0546  
11851.49918  
11822.92858  
11794.9826  
11794.61075  
11772.08763  
11797.10568  
11787.40954  
11842.67926  
11859.71543  
11831.50351  
11815.74263  
11823.719  
11854.94826  
11867.30057  
11817.3641  
11768.60443  
11739.14764  
11843.01495  
11687.32868  
11663.52818  
11630.27549  
11688.2852  
11737.10812  
11748.36364  
11780.4251  
11760.241  
11841.13485  
11904.51787  
11895.25316  
