10370.85552  
10317.32335  
10349.84378  
10361.3994  
10371.97431  
10388.66938  
10383.71322  
10365.83022  
10361.13768  
10325.73645  
10338.2455  
10274.18139  
10292.02669  
10290.62939  
10283.89484  
10348.93996  
10362.52017  
10295.73724  
10340.98819  
10345.38983  
10316.05712  
10327.90375  
10329.22441  
10322.37122  
10324.963  
10355.19516  
10397.80246  
10356.88343  
10408.67442  
10377.88229  
10409.90971  
10403.5915  
10380.94598  
10382.19131  
10397.85189  
10497.14748  
10414.01806  
10406.45085  
10320.16541  
10349.69863  
10316.74183  
10368.15321  
10350.61052  
10304.49515  
10363.33307  
10323.42519  
10354.28554  
10339.63858  
10355.20069  
10329.44793  
10332.57081  
10342.95985  
10310.13284  
10396.63787  
10335.14563  
10331.34519  
10370.20156  
10393.22604  
10406.86347  
10396.37395  
10425.55277  
10353.63396  
10353.75884  
10389.13948  
10383.54185  
10401.32516  
10387.56095  
10390.59136  
10413.76372  
10387.42313  
10373.70765  
10344.9058  
10381.82687  
10385.95052  
10477.27206  
10397.46016  
10351.81484  
10245.28435  
10269.79991  
10229.32781  
10267.77327  
10283.13509  
10303.30168  
10294.35676  
10330.30073  
10304.84104  
10367.30957  
10445.25096  
10321.17814  
10411.7732  
10453.68688  
10304.04835  
10288.16496  
10272.67967  
10238.57338  
10232.38117  
10127.68922  
10183.86703  
10207.56117  
10214.19813  
10282.78585  
10317.78323  
10350.42663  
10272.50749  
10347.73526  
10371.63168  
10359.20015  
10394.21222  
10403.21669  
10375.12993  
10370.12007  
10412.9386  
10325.46549  
10391.49733  
10443.0399  
10438.00556  
10398.32695  
10368.95694  
10362.3896  
10389.14931  
10486.20477  
10409.6465  
10603.1793  
10441.83636  
10411.26394  
10338.32892  
10334.98593  
10295.1711  
10264.399  
10318.05929  
10337.97292  
10434.52711  
10390.13283  
10373.98517  
10345.87799  
10337.41203  
10357.58623  
10400.29853  
10390.95705  
10404.38531  
10371.19071  
10424.64834  
10482.42823  
10496.70387  
10483.83775  
10426.85393  
10447.15909  
10477.10455  
10367.11258  
10205.35813  
10230.78987  
10165.14076  
10168.70852  
10246.18342  
10257.21269  
10266.70446  
10286.92045  
10400.65487  
10397.61474  
10328.85806  
