10740.32665  
10715.51111  
10723.91774  
10742.41766  
10786.41801  
10763.11985  
10794.78498  
10793.52292  
10779.38407  
10748.56251  
10730.67556  
10685.18162  
10721.02413  
10706.67733  
10715.63868  
10741.2765  
10742.83752  
10869.58827  
10800.23427  
10740.90717  
10750.06127  
10747.18817  
10746.19532  
10754.37599  
10753.79246  
10757.98767  
10762.55389  
10768.61426  
10751.77951  
10737.21622  
10739.18876  
10737.74176  
10734.90444  
10871.15095  
10763.80649  
10822.67674  
10779.68103  
10736.92797  
10728.39479  
10724.64435  
10718.72563  
10726.58478  
10741.40941  
10707.87813  
10733.18013  
10727.93781  
10719.39359  
10723.50976  
10727.92422  
10733.85574  
10735.95163  
10738.55029  
10785.28774  
10811.82776  
10787.69223  
10757.29449  
10772.92688  
10758.89658  
10774.22609  
10807.64489  
10777.34424  
10755.29681  
10749.26378  
10765.60222  
10774.34365  
10794.25914  
10783.02753  
10787.68591  
10789.2016  
10780.46531  
10764.56667  
10767.0897  
10789.21868  
10794.45355  
10826.11634  
10821.79579  
10747.67601  
10690.1998  
10714.94945  
10687.1834  
10665.8402  
10713.61326  
10732.35131  
10762.62687  
10759.28309  
10775.48091  
10796.1359  
10822.25112  
10781.67978  
10796.67142  
10894.26364  
10756.32369  
10673.70019  
10627.25965  
10606.82249  
10585.35931  
10595.36447  
10678.91525  
10666.96443  
10667.38627  
10696.74143  
10745.00931  
10776.32526  
10722.45804  
10719.16438  
10759.30626  
10802.82913  
10785.19063  
10782.11513  
10794.91509  
10794.26724  
10760.1248  
10772.41408  
10802.21608  
10802.33895  
10803.57911  
10797.84007  
10804.08887  
10779.11603  
10771.77452  
10936.47698  
10720.9194  
10993.38308  
10805.35904  
10661.28103  
10686.44349  
10679.6072  
10685.0718  
10739.51995  
10722.71361  
10800.52809  
10788.58868  
10807.33771  
10777.12833  
10764.8983  
10780.85316  
10775.27032  
10780.77532  
10780.84349  
10828.79991  
10844.90917  
10871.94275  
10775.32689  
10878.81776  
10839.46638  
10795.41913  
10755.38585  
10765.20266  
10812.95634  
10608.41006  
10610.15391  
10648.16183  
10649.80086  
10660.8641  
10696.29835  
10739.18454  
10766.00262  
10762.22885  
10743.56357  
10791.61392  
