10769.24941  
10731.26474  
10769.72472  
10755.08405  
10736.93048  
10693.98017  
10649.94854  
10735.96319  
10698.69867  
10676.43341  
10747.98088  
10737.37691  
10666.02462  
10749.07181  
10746.56945  
10741.58689  
10709.49882  
10817.69206  
10770.01433  
10731.56938  
10665.03634  
10759.5367  
10714.68743  
10760.16588  
10743.27589  
10712.84486  
10712.48596  
10707.26758  
10726.50377  
10692.60159  
10778.24861  
10763.94306  
10747.13363  
10777.06089  
10723.14573  
10641.20133  
10760.93112  
10795.49067  
10789.27902  
10751.19279  
10770.48042  
10695.77039  
10680.45042  
10710.20499  
10720.40096  
10737.67376  
10695.67097  
10705.63318  
10699.31327  
10738.12314  
10752.23258  
10738.41011  
10766.54919  
10611.99712  
10619.2071  
10664.59323  
10705.53352  
10648.45817  
10758.35111  
10752.59243  
10711.18403  
10690.34109  
10691.69306  
10775.26297  
10725.50188  
10752.33024  
10730.3824  
10732.6878  
10704.1518  
10740.70998  
10799.16493  
10755.54295  
10668.79049  
10789.90739  
10753.0318  
10771.19481  
10742.60236  
10672.78343  
10728.02575  
10762.18148  
10742.4873  
10732.1339  
10783.0362  
10731.96555  
10737.4759  
10786.14178  
10760.75009  
10785.20624  
10731.67365  
10665.49396  
10697.64153  
10697.11037  
10654.72958  
10715.46341  
10789.47684  
10739.95869  
10667.18961  
10709.33998  
10727.29488  
10862.38726  
10757.60127  
10686.48719  
10684.05934  
10717.4911  
10702.3487  
10805.71007  
10767.82161  
10669.65977  
10703.08537  
10738.0298  
10777.88926  
10743.17297  
10787.44191  
10746.81123  
10753.3963  
10726.43852  
10695.4993  
10710.49816  
10771.01919  
10728.22295  
10679.37822  
10654.37818  
10708.14151  
10751.12384  
10764.4514  
10766.03409  
10713.99285  
10700.9253  
10742.59348  
10767.00259  
10787.41981  
10696.46923  
10727.8333  
10722.29301  
10642.90014  
10686.17455  
10707.52312  
10708.71968  
10724.65502  
10710.57504  
10743.20694  
10717.98512  
10705.76581  
10737.00627  
10713.70272  
10690.09389  
10762.79526  
10740.24943  
10795.15346  
10816.79242  
10762.87109  
10697.83614  
10755.07928  
10823.71294  
10848.35286  
10775.752  
10695.19717  
10613.2936  
10627.95612  
10688.81854  
