11491.93851  
11516.29657  
11501.64434  
11515.88797  
11498.01474  
11465.74195  
11447.77691  
11453.00234  
11468.0355  
11464.88348  
11503.79737  
11500.21211  
11506.79999  
11536.23795  
11505.18888  
11468.26672  
11489.84734  
11540.14804  
11524.16759  
11497.17595  
11483.42105  
11495.09555  
11450.01142  
11473.47489  
11475.00038  
11479.52901  
11483.18043  
11472.01178  
11491.08662  
11444.47321  
11458.97122  
11500.3889  
11526.76019  
11521.32572  
11466.98535  
11472.42817  
11483.97357  
11512.42505  
11511.64594  
11519.53747  
11517.74356  
11498.18656  
11499.94302  
11479.62321  
11466.36026  
11492.66658  
11471.67525  
11489.8912  
11449.21639  
11496.47323  
11501.96028  
11462.99554  
11485.98538  
11431.42237  
11435.61893  
11453.56529  
11461.95201  
11446.61535  
11453.64652  
11458.07264  
11468.67289  
11496.62131  
11499.69652  
11484.93335  
11504.11766  
11518.26353  
11509.30431  
11503.84735  
11471.04689  
11498.18683  
11551.73733  
11511.33815  
11463.14494  
11518.16806  
11478.06015  
11508.05817  
11523.30459  
11509.48089  
11469.58596  
11490.51883  
11529.36599  
11484.78667  
11509.5831  
11498.75058  
11494.77724  
11527.41471  
11500.87852  
11506.91489  
11497.29137  
11523.99298  
11495.28633  
11464.55994  
11432.60556  
11457.55403  
11465.38238  
11481.53834  
11441.66684  
11461.95645  
11439.59341  
11609.62292  
11488.53482  
11454.46544  
11448.94418  
11455.78011  
11476.5199  
11479.93874  
11513.05899  
11474.19363  
11439.70261  
11478.40038  
11499.26658  
11501.94767  
11552.49132  
11506.8847  
11528.99243  
11507.74798  
11475.40831  
11480.6348  
11523.28137  
11511.83205  
11485.99582  
11463.7608  
11515.46008  
11491.66696  
11517.45884  
11524.13565  
11466.50184  
11481.14864  
11498.7336  
11529.13482  
11541.93754  
11509.23352  
11499.31065  
11499.89696  
11458.79665  
11441.88642  
11453.70529  
11447.84655  
11448.11053  
11453.2109  
11484.19797  
11499.78594  
11502.32678  
11531.99027  
11517.63053  
11434.07536  
11492.68346  
11508.40998  
11526.95023  
11561.89393  
11508.24478  
11445.52788  
11498.42376  
11536.48332  
11524.09041  
11500.76417  
11499.26746  
11446.01461  
11440.44397  
11451.57562  
