10862.69318  
10893.42336  
10913.08108  
10892.19284  
10879.20336  
10853.66021  
10842.75813  
10842.33748  
10906.15398  
10875.89112  
10856.93564  
10866.2773  
10877.99251  
10886.19107  
10870.98043  
10837.22469  
10873.04263  
10911.64255  
10941.29773  
10932.91951  
10862.4486  
10857.40256  
10846.53586  
10844.65604  
10864.81009  
10848.24251  
10890.47501  
10875.63486  
10894.09915  
10837.99271  
10859.75792  
10897.50357  
10905.04013  
10906.31907  
10899.92429  
10851.80217  
10839.09996  
10861.93577  
10906.35457  
10917.11735  
10963.30141  
10903.00536  
10855.36086  
10852.8308  
10892.12937  
10894.11284  
10892.3099  
10858.6633  
10866.72399  
10888.59762  
10894.67343  
10876.34341  
10907.25696  
10829.2626  
10788.44353  
10804.08087  
10835.18199  
10804.85175  
10830.02469  
10834.57664  
10868.72765  
10876.0922  
10900.8984  
10911.9553  
10890.09519  
10866.92152  
10908.80497  
10909.74332  
10897.23052  
10874.37125  
10885.00475  
10896.71952  
10859.92629  
10844.26585  
10843.59725  
10863.92929  
10870.30391  
10878.12284  
10867.09274  
10890.95384  
10903.78751  
10889.71126  
10889.5031  
10911.94283  
10889.2555  
10895.54025  
10897.3775  
10897.19626  
10912.61396  
10884.4622  
10887.24498  
10844.85375  
10820.03056  
10849.67266  
10866.90067  
10894.02854  
10899.31797  
10875.05803  
10852.10581  
10875.30112  
10846.92624  
10840.37457  
10842.76435  
10868.56768  
10874.48584  
10895.65204  
10921.99828  
10890.6735  
10872.94811  
10865.23291  
10858.73239  
10881.67374  
10908.15169  
10945.68284  
10908.53675  
10885.60789  
10863.81156  
10852.64788  
10863.03327  
10872.08476  
10906.74277  
10870.91628  
10866.85399  
10857.11997  
10885.44787  
10903.3936  
10902.06634  
10868.94175  
10862.71283  
10905.88857  
10917.62718  
10910.77278  
10884.59193  
10872.66428  
10849.15643  
10837.95805  
10870.11114  
10874.40822  
10861.73746  
10848.96263  
10853.61664  
10866.48083  
10856.67112  
10853.93711  
10874.31692  
10880.86649  
10886.11624  
10889.79866  
10896.31255  
10954.97978  
10905.70314  
10884.20035  
10843.59371  
10899.80477  
10966.29004  
10922.29348  
10865.23907  
10818.0669  
10804.22093  
10831.53201  
