11354.263  
11368.04044  
11425.18066  
11429.74532  
11394.6226  
11392.3813  
11421.31854  
11438.82716  
11442.14543  
11395.9815  
11400.42042  
11397.47081  
11431.17811  
11462.01366  
11410.74664  
11366.39331  
11417.75074  
11522.20877  
11443.97793  
11337.58387  
11355.79733  
11405.29998  
11384.60458  
11382.41858  
11438.09687  
11413.24722  
11413.60842  
11426.3636  
11393.05911  
11349.25019  
11386.72162  
11437.16604  
11442.1642  
11404.30221  
11398.76437  
11390.04707  
11390.00429  
11425.34346  
11450.62891  
11436.41067  
11489.32757  
11469.75558  
11353.92666  
11341.67539  
11371.64715  
11410.2784  
11408.12437  
11428.5528  
11430.95141  
11452.48642  
11497.00684  
11554.86628  
11550.73387  
11453.37849  
11337.39477  
11297.88023  
11288.54661  
11301.71014  
11384.05231  
11386.67278  
11391.66432  
11417.04583  
11435.99219  
11466.85365  
11405.14201  
11396.96777  
11424.24218  
11378.0019  
11358.94959  
11366.70698  
11405.4532  
11446.01431  
11382.13243  
11383.38933  
11415.8713  
11416.93628  
11377.88249  
11360.83615  
11401.87814  
11480.9407  
11454.9043  
11454.842  
11463.1262  
11420.74469  
11351.33241  
11434.49195  
11517.25609  
11556.67461  
11489.92714  
11321.49226  
11353.02139  
11357.38502  
11255.2239  
11350.76009  
11446.72451  
11507.7298  
11466.95142  
11374.84303  
11354.26133  
11454.36542  
11461.87388  
11411.08795  
11324.94957  
11335.89236  
11375.21079  
11428.85942  
11461.70866  
11466.94041  
11429.10256  
11433.4782  
11511.80712  
11531.83327  
11473.36898  
11437.74332  
11432.60524  
11434.75801  
11369.67953  
11321.59398  
11375.75642  
11404.70362  
11351.45726  
11334.15576  
11392.81279  
11432.59772  
11367.48335  
11379.72144  
11415.62423  
11370.51139  
11372.76052  
11422.10884  
11423.45337  
11393.96762  
11374.09766  
11378.08108  
11364.89127  
11366.04446  
11382.73894  
11410.30055  
11416.73645  
11378.23613  
11348.4774  
11382.78005  
11391.42803  
11433.01779  
11424.6085  
11427.55258  
11435.18647  
11402.73177  
11455.39782  
11514.74941  
11445.90431  
11390.06958  
11423.95109  
11559.16492  
11636.1641  
11530.68104  
11402.96221  
11234.15155  
11227.39513  
11266.26333  
