11903.05503  
11919.01704  
11916.21762  
11866.71402  
11898.70734  
11877.70853  
11873.1893  
11927.28611  
11868.25445  
11856.13001  
11943.78056  
11915.16063  
11909.87272  
11983.14779  
11948.30434  
11877.7587  
11858.27396  
11990.98707  
11918.64672  
11932.99998  
11818.22969  
11894.96335  
11850.73043  
11919.25903  
11851.4508  
11853.98466  
11881.02461  
11896.99664  
11863.78149  
11827.79436  
11848.64831  
11855.56942  
11880.86643  
11947.3906  
11893.30653  
11843.18954  
11873.03776  
11925.42452  
11928.91367  
11912.09987  
11932.9334  
11901.56421  
11901.50822  
11897.61641  
11866.00597  
11871.07769  
11870.54423  
11954.48192  
11846.81701  
11958.66061  
11875.27001  
11908.03869  
12001.82925  
11852.33694  
11816.34625  
11838.75744  
11922.82092  
11870.77574  
11817.02487  
11866.64935  
11902.47146  
11913.05907  
11926.00853  
11925.41871  
11926.48069  
11916.2656  
11895.51293  
11870.67821  
11846.76493  
11818.05595  
11930.04631  
11937.45193  
11869.94931  
11892.21563  
11861.98681  
11838.80282  
11893.67359  
11879.76955  
11931.4727  
11923.11806  
11913.28312  
11898.96782  
11923.27914  
11937.04154  
11854.55171  
11886.18487  
11845.87333  
11829.82791  
11859.16866  
11850.41858  
11855.22767  
11882.71743  
11874.08542  
11800.42589  
11901.19698  
11906.86026  
11893.30545  
11970.57834  
11941.55577  
12108.97645  
11931.72543  
11884.80675  
11916.05304  
11852.44839  
11860.06059  
11911.802  
11889.04551  
11888.4556  
11947.46031  
11939.18611  
11943.67914  
11919.29102  
11994.00718  
11947.18698  
11936.9  
11949.69785  
11917.57263  
11883.51228  
11895.28579  
11954.35343  
11889.40727  
11846.69286  
11883.62368  
11894.82437  
11940.84349  
11939.89245  
11856.1467  
11844.66957  
11876.30658  
11924.5597  
11969.80946  
11892.6377  
11893.1658  
11892.18661  
11904.98223  
11918.82023  
11904.10089  
11916.97546  
11832.1013  
11894.51981  
11923.72276  
11893.97431  
11886.24809  
11959.04579  
11867.11007  
11868.31176  
11874.15577  
11934.48435  
11922.88238  
11945.44913  
11965.06638  
11876.98409  
11890.82355  
11882.8041  
11947.00705  
11939.26725  
11908.50981  
11796.239  
11851.9717  
11868.44247  
