11641.91444  
11638.92303  
11633.8489  
11590.09165  
11636.50307  
11598.05004  
11584.9334  
11651.39318  
11582.24107  
11583.97121  
11664.78528  
11617.40844  
11622.89631  
11674.09347  
11664.71634  
11604.94507  
11566.76804  
11681.42111  
11618.98691  
11639.95296  
11524.81885  
11629.32143  
11588.69759  
11664.1495  
11564.25885  
11581.55727  
11628.48123  
11608.12272  
11620.77882  
11566.4373  
11590.69917  
11595.55292  
11593.83729  
11677.46885  
11625.11626  
11574.58074  
11605.53491  
11656.27481  
11667.94362  
11639.88725  
11666.26811  
11613.5793  
11620.82908  
11621.47834  
11585.70795  
11598.91699  
11586.46241  
11670.22023  
11568.30061  
11660.18514  
11601.17751  
11624.27382  
11695.91575  
11574.88774  
11557.88302  
11590.37398  
11632.51311  
11572.9823  
11559.85579  
11613.43646  
11604.70285  
11597.1903  
11623.1014  
11619.13708  
11642.66595  
11653.98897  
11619.39782  
11605.6157  
11556.78043  
11549.93431  
11650.56098  
11657.04695  
11601.78824  
11620.3337  
11588.40594  
11597.15622  
11615.53987  
11595.76875  
11665.09905  
11652.75921  
11626.23887  
11602.18095  
11647.97548  
11641.93519  
11595.77188  
11638.77267  
11602.74016  
11588.07171  
11599.29707  
11583.32613  
11594.56002  
11588.29194  
11604.52417  
11532.9401  
11622.83715  
11626.17907  
11633.34848  
11688.81866  
11632.20823  
11759.50169  
11603.93147  
11578.77607  
11644.26022  
11583.75068  
11564.96233  
11617.54094  
11590.22947  
11621.6806  
11657.03158  
11632.97319  
11644.63675  
11637.55452  
11686.74104  
11661.13792  
11667.13173  
11659.43594  
11634.26108  
11600.64764  
11616.30519  
11671.70402  
11632.74726  
11596.17761  
11609.36118  
11627.8172  
11652.27341  
11666.63119  
11580.54507  
11586.05472  
11604.85877  
11639.36861  
11676.12882  
11603.67239  
11603.74818  
11604.75023  
11627.01788  
11622.36557  
11613.92154  
11626.93788  
11573.12637  
11624.33026  
11638.19577  
11623.57088  
11626.77785  
11663.59232  
11586.56157  
11583.98367  
11613.44559  
11652.10304  
11636.77419  
11653.27042  
11691.86525  
11577.86448  
11618.49268  
11632.69234  
11665.46083  
11647.72209  
11620.35173  
11533.44002  
11578.18805  
11574.97517  
