10940.73908  
10919.88113  
10950.06796  
10914.87644  
10948.02091  
10885.56756  
10863.5562  
10933.06077  
10923.08734  
10877.54324  
10943.10882  
10896.3127  
10883.35221  
10936.54972  
10935.29925  
10909.07304  
10929.01489  
10995.54947  
10977.06647  
10952.27688  
10866.45894  
10962.84271  
10852.45967  
10955.74905  
10928.96715  
10901.79652  
10927.43592  
10897.43646  
10930.37154  
10889.53174  
10928.21389  
10955.30311  
10937.8354  
10976.08061  
10914.39433  
10846.06343  
10889.1555  
10977.96307  
10982.82861  
10940.03977  
10971.409  
10898.62311  
10890.96236  
10905.72805  
10911.03445  
10953.06297  
10914.98386  
10938.63781  
10877.74261  
10927.09983  
10948.73611  
10922.59446  
10944.21316  
10804.89757  
10853.14378  
10873.1161  
10906.31745  
10844.98611  
10914.27441  
10958.84717  
10912.77592  
10889.14866  
10906.32133  
10933.23702  
10949.32759  
10967.15332  
10913.62946  
10933.09153  
10897.1729  
10914.65137  
11002.74623  
10958.38932  
10879.87891  
10966.2789  
10946.39005  
10938.45108  
10920.9852  
10853.47823  
10929.90228  
10964.30198  
10924.97619  
10901.29832  
10939.85116  
10938.80009  
10898.46063  
10962.04665  
10965.96735  
10961.3426  
10934.60416  
10892.17867  
10895.16861  
10844.84169  
10819.73968  
10856.82946  
10957.32912  
10942.93832  
10878.54705  
10917.89302  
10893.28942  
10994.65161  
10921.47645  
10862.89662  
10893.34357  
10906.21935  
10890.63794  
11005.44551  
10948.05724  
10882.08465  
10942.25291  
10952.27979  
10965.54832  
10988.44891  
10974.99847  
10925.64992  
10928.42938  
10935.41777  
10893.89351  
10890.83174  
10909.12587  
10926.8958  
10902.4571  
10894.73211  
10884.42605  
10943.35398  
10997.55564  
10999.69871  
10921.54801  
10872.37729  
10920.56967  
10981.43413  
10991.52479  
10914.98198  
10907.18564  
10893.74647  
10881.12558  
10913.43415  
10893.97836  
10924.65257  
10890.78669  
10925.87935  
10939.89316  
10900.63705  
10881.57606  
10936.04557  
10894.56246  
10858.27193  
10893.91606  
10983.74663  
11018.27954  
11001.59761  
10976.14311  
10916.07722  
10883.62365  
10990.04272  
11009.38534  
10978.36612  
10929.0627  
10813.82404  
10809.28931  
10865.03021  
