12589.92229  
12624.78319  
12695.36882  
12668.09252  
12523.48115  
12472.95536  
12512.93956  
12522.17998  
12474.43632  
12389.68745  
12385.35026  
12426.75186  
12498.57744  
12576.39267  
12536.05743  
12537.64663  
12570.98024  
12614.27589  
12559.58917  
12518.22084  
12459.1339  
12531.04012  
12587.72751  
12581.93941  
12482.81485  
12404.2178  
12495.43381  
12540.51942  
12530.1976  
12526.97757  
12485.60679  
12489.52873  
12510.72741  
12542.32269  
12528.13749  
12540.04948  
12597.09259  
12640.3716  
12671.51356  
12645.53788  
12622.21839  
12512.82742  
12516.74367  
12513.51721  
12507.3248  
12395.63578  
12452.71272  
12489.79959  
12488.41329  
12514.70935  
12479.94495  
12485.10527  
12552.82477  
12571.22485  
12600.87212  
12591.43204  
12564.3679  
12484.42136  
12482.55625  
12482.38603  
12529.43488  
12508.36461  
12512.82407  
12537.23655  
12579.7363  
12647.5113  
12647.13114  
12586.45054  
12515.18239  
12467.58735  
12541.9346  
12588.8866  
12541.37541  
12495.14002  
12443.23619  
12472.14254  
12553.71267  
12539.4195  
12480.72726  
12510.77087  
12532.49314  
12558.99535  
12530.94021  
12455.29888  
12497.91528  
12608.80325  
12646.4928  
12632.70069  
12594.71847  
12503.33421  
12434.43504  
12414.11697  
12362.21094  
12449.20153  
12483.35123  
12507.29529  
12649.74002  
12540.24846  
12549.33272  
12626.41614  
12464.32754  
12410.70802  
12446.81857  
12532.45302  
12529.07416  
12515.65765  
12491.28244  
12538.62454  
12530.26212  
12492.58499  
12495.59377  
12548.69792  
12614.29555  
12655.96625  
12668.76638  
12588.42616  
12540.33822  
12533.82411  
12518.25888  
12564.43211  
12612.79222  
12628.07338  
12612.04578  
12557.35255  
12585.91875  
12592.3544  
12577.62808  
12538.62966  
12568.92397  
12592.00019  
12606.04022  
12587.79157  
12569.77533  
12484.37384  
12442.88073  
12459.97749  
12452.73332  
12509.51657  
12531.51704  
12552.70621  
12586.32466  
12599.04621  
12589.86643  
12627.12714  
12636.28811  
12629.31302  
12591.03429  
12540.04251  
12556.53775  
12630.43973  
12536.76052  
12427.38209  
12444.89077  
12581.91019  
12651.31908  
12552.26529  
12396.56647  
12348.2486  
12439.88294  
12488.71456  
