11154.36216  
11185.76399  
11175.17136  
11182.76411  
11187.39458  
11164.31493  
11133.81845  
11135.86387  
11141.77391  
11127.80891  
11188.68618  
11145.16997  
11176.7821  
11184.98845  
11164.39998  
11161.79475  
11156.04354  
11217.68297  
11193.06209  
11186.81771  
11122.27791  
11132.74167  
11118.60338  
11164.99631  
11144.01267  
11145.20073  
11165.87782  
11133.23657  
11162.8224  
11118.75107  
11138.46006  
11153.00583  
11189.52963  
11203.9586  
11147.42576  
11120.30242  
11124.43857  
11176.62878  
11210.77662  
11188.2966  
11206.1722  
11167.488  
11173.21887  
11150.62578  
11130.58442  
11158.41798  
11142.33024  
11163.68907  
11116.8914  
11201.9438  
11160.11597  
11155.91024  
11175.9709  
11116.95097  
11139.01097  
11161.18692  
11165.63804  
11122.0572  
11123.89561  
11141.99488  
11144.00861  
11173.36664  
11138.70931  
11145.86554  
11180.15632  
11200.32359  
11183.4358  
11181.23593  
11155.60296  
11172.41756  
11210.20109  
11175.17319  
11124.73663  
11150.87224  
11154.50127  
11158.88282  
11164.00174  
11154.52687  
11162.13403  
11169.28888  
11189.85169  
11135.86485  
11157.558  
11126.70948  
11124.6566  
11138.75542  
11141.96361  
11163.84095  
11166.61101  
11175.05432  
11120.76326  
11086.55359  
11123.1498  
11082.40837  
11114.32835  
11147.88269  
11183.33355  
11216.49794  
11177.91195  
11237.36223  
11134.9342  
11109.72945  
11172.68986  
11146.13286  
11136.80144  
11153.25434  
11159.24941  
11171.65728  
11166.01  
11143.63053  
11189.08367  
11214.08975  
11215.11906  
11184.01654  
11216.68638  
11186.93024  
11141.53411  
11142.44082  
11189.87065  
11201.90381  
11166.09878  
11160.45624  
11169.28058  
11179.86659  
11218.70182  
11223.9095  
11146.42069  
11148.00174  
11176.35381  
11210.47117  
11229.3441  
11172.15341  
11150.40701  
11166.26319  
11163.11819  
11154.02175  
11142.41596  
11128.59294  
11114.59211  
11144.89776  
11159.11716  
11162.03303  
11161.27261  
11196.6229  
11163.65147  
11123.21322  
11156.50526  
11206.41837  
11211.05251  
11219.91192  
11188.15264  
11096.99218  
11116.2101  
11147.41682  
11211.39009  
11187.90169  
11184.34796  
11111.28115  
11134.46945  
11128.76025  
