11093.46983  
11105.6284  
11108.91698  
11125.95948  
11124.87869  
11115.18685  
11099.76093  
11113.61977  
11058.32688  
11103.48857  
11091.84856  
11068.29155  
11070.11431  
11092.65428  
11112.90343  
11118.90102  
11080.62808  
11070.78959  
11104.68944  
11119.90909  
11100.42121  
11107.85959  
11072.84371  
11090.78856  
11101.07412  
11098.37151  
11096.3304  
11081.91984  
11095.65252  
11108.94131  
11123.26602  
11095.92161  
11074.35191  
11106.23589  
11100.27148  
11093.8627  
11124.30988  
11084.00999  
11123.61818  
11093.60584  
11120.7536  
11087.87457  
11127.45888  
11105.99826  
11120.62054  
11108.12542  
11043.84543  
11073.49946  
11099.91666  
11105.45334  
11109.80116  
11096.76794  
11067.6318  
11110.57321  
11094.5401  
11122.44331  
11100.28748  
11089.74823  
11077.02061  
11076.04162  
11058.80314  
11081.66711  
11093.5785  
11095.94762  
11084.78788  
11116.10355  
11074.12168  
11071.38849  
11078.52858  
11106.68916  
11107.96364  
11110.86539  
11097.39333  
11076.36263  
11095.34031  
11086.01273  
11118.26925  
11078.85872  
11079.19108  
11096.29247  
11093.98808  
11096.23727  
11045.12386  
11094.85019  
11094.22301  
11133.97642  
11135.76459  
11119.25835  
11108.79237  
11120.83228  
11137.17982  
11106.44514  
11124.01372  
11100.3099  
11094.97751  
11120.20518  
11090.38967  
11092.8713  
11089.48131  
11107.51459  
11097.80915  
11103.27472  
11099.89416  
11106.25378  
11143.40249  
11117.40015  
11097.10672  
11129.02485  
11089.39326  
11093.11822  
11047.09061  
11090.3748  
11108.4761  
11117.53383  
11117.11402  
11096.98819  
11090.46967  
11079.40027  
11060.23062  
11073.61091  
11043.58707  
11067.48251  
11067.30212  
11130.16491  
11075.47064  
11053.63122  
11080.58201  
11076.91759  
11103.10503  
11063.68372  
11113.1613  
11104.02596  
11118.37487  
11108.44781  
11120.9236  
11116.20396  
11085.24552  
11089.71307  
11079.77849  
11102.5849  
11088.86397  
11075.11164  
11105.42864  
11109.74511  
11123.17282  
11112.80648  
11098.53535  
11084.27776  
11112.92538  
11112.07686  
11093.7545  
11125.27044  
11081.10852  
11086.61289  
11068.21996  
11095.26195  
11102.98308  
11104.21721  
11105.24313  
11129.07534  
