10980.98675  
11055.77575  
11019.43692  
11081.17578  
10990.34294  
11049.45671  
10926.10578  
11019.91298  
10946.85739  
10969.44687  
10985.75893  
10880.2369  
10971.37927  
11007.30207  
11008.77356  
11073.65927  
10953.27359  
10868.51838  
10987.47937  
11046.75333  
10976.53976  
11014.37651  
10884.63467  
10989.08364  
11084.65318  
10917.45377  
10991.91499  
10959.44177  
10938.32597  
11073.5835  
11006.43951  
10988.71395  
10994.06563  
10954.46785  
10989.8031  
10970.28369  
11022.65912  
10927.25618  
11061.11404  
11024.50491  
11015.76739  
10939.68584  
11043.29222  
10995.71753  
10957.46946  
11030.9599  
10893.60809  
11000.69114  
10960.99358  
11000.68498  
11041.82282  
11092.33424  
10960.11383  
11006.21898  
10960.40702  
11060.91762  
10960.31844  
10984.24061  
10935.0512  
10992.75797  
10956.19241  
10935.95703  
10952.73588  
10942.25782  
10998.77507  
11039.28815  
10891.38965  
10981.22867  
10984.13758  
10938.83804  
11049.57197  
10921.49743  
10944.82802  
10934.00243  
10921.75181  
10985.35752  
10982.85591  
10992.2866  
10893.2315  
10978.9737  
11030.66136  
11003.10728  
10945.96425  
10954.35734  
10912.49591  
11053.14672  
11170.36659  
10989.94924  
11088.38264  
11073.45546  
11106.03327  
11012.03935  
11042.18839  
11000.15008  
10932.27919  
11017.4549  
11021.0306  
11004.92928  
10976.02166  
11035.82869  
10964.70187  
10997.85993  
10986.6807  
11005.08249  
11029.28588  
11021.50251  
10977.1593  
10991.54272  
10961.03199  
10968.46119  
10950.03915  
11065.51203  
11063.35777  
10937.87815  
11033.69267  
10987.28308  
11044.619  
10973.69201  
10859.78711  
10913.55586  
10794.74226  
10881.73434  
10906.12622  
11075.88551  
10867.33542  
10925.45532  
10934.65692  
10896.21089  
10957.50937  
10889.01542  
11013.46687  
11057.94013  
11076.78164  
11061.33404  
11047.20932  
11120.85813  
10981.56333  
11033.35801  
11002.08912  
10970.12694  
11021.80025  
10959.84548  
11010.90296  
10965.89401  
11105.40544  
10988.73248  
10978.80476  
10959.14896  
11093.56774  
10993.24132  
10972.35967  
10965.00182  
10931.60921  
10986.84276  
10916.8735  
11018.79322  
10885.04307  
10980.77  
11034.08841  
11055.12504  
