11853.35518  
11887.61336  
11928.4245  
11919.93989  
11900.10179  
11926.22873  
11836.14103  
11864.79462  
11867.74975  
11826.1062  
11842.98362  
11869.81104  
11877.59925  
11886.7421  
11920.54847  
11845.54357  
11830.74726  
11836.57154  
11784.88916  
11798.44202  
11839.28011  
11920.12965  
11960.74959  
11954.71297  
11901.69984  
11885.61353  
11868.57454  
11877.15988  
11910.19695  
11856.45951  
11869.28122  
11902.03878  
11907.28043  
11847.52803  
11912.11328  
11918.18571  
11946.62882  
11989.84488  
11940.32406  
11908.60877  
11929.01931  
11912.25356  
11884.6148  
11900.48945  
11860.04479  
11902.79508  
11931.89304  
11921.01397  
11882.0077  
11919.47839  
11872.38718  
11880.10468  
11906.4187  
11870.32456  
11903.00707  
11822.74182  
11844.78475  
11903.23344  
11889.37495  
11848.44681  
11844.27133  
11818.16169  
11863.65216  
11838.19066  
11784.51827  
11797.77251  
11847.40581  
11776.0116  
11846.16847  
11825.36772  
11809.91458  
11821.34628  
11837.31701  
11842.58223  
11854.70418  
11913.44835  
11931.17713  
11928.35337  
11912.87007  
11950.44222  
11933.92707  
11863.40552  
11849.35973  
11868.26482  
11867.04116  
11844.49135  
11850.68183  
11865.99811  
11886.39788  
11860.59814  
11894.87007  
11893.39133  
11885.41463  
11897.78417  
11889.53334  
11877.71819  
11902.77841  
11902.69301  
11911.96442  
11911.29961  
11866.18032  
11805.04088  
11845.46851  
11867.13786  
11848.68096  
11877.37376  
11825.32246  
11851.65146  
11900.11089  
11949.59626  
11969.21445  
11915.39962  
11851.23367  
11958.94454  
11969.90836  
11931.15709  
11809.22536  
11819.5862  
11777.98887  
11815.38355  
11800.97302  
11847.0051  
11922.75977  
11903.67256  
11897.3208  
11943.12719  
11963.48961  
11933.60731  
11946.79295  
11893.33325  
11823.78334  
11852.51948  
11863.1233  
11934.65178  
11913.34273  
11851.10912  
11872.29662  
11848.48021  
11822.38568  
11857.79132  
11862.20654  
11835.67112  
11846.67899  
11827.05163  
11876.80109  
11870.19589  
11908.40961  
11867.99541  
11866.57575  
11852.68638  
11878.05136  
11883.93586  
11900.50851  
11903.44924  
11873.96101  
11840.88828  
11857.35207  
11925.10386  
11925.27671  
11913.88462  
