10747.22915  
10783.15359  
10763.10005  
10846.30856  
10759.07027  
10843.58404  
10705.38268  
10800.28805  
10661.4614  
10768.17775  
10685.15954  
10729.32747  
10793.93614  
10751.43325  
10795.3229  
10879.40315  
10749.48087  
10730.0966  
10833.32144  
10793.5948  
10783.78083  
10769.02633  
10693.20263  
10732.86156  
10827.07996  
10800.47065  
10786.41607  
10708.10874  
10767.23778  
10812.49098  
10707.47966  
10751.55212  
10757.4263  
10734.71101  
10753.17657  
10734.98131  
10803.28048  
10726.90962  
10840.67163  
10758.59547  
10797.38289  
10794.12644  
10846.72348  
10790.53765  
10765.4232  
10799.94514  
10652.55633  
10784.24763  
10778.22335  
10781.81047  
10796.78295  
10855.61271  
10693.65861  
10730.50272  
10723.31782  
10784.17362  
10736.85175  
10806.34655  
10688.06916  
10754.39564  
10702.49598  
10740.01624  
10776.85576  
10730.67281  
10786.85721  
10802.74531  
10654.74314  
10752.24337  
10755.72298  
10800.33902  
10811.7014  
10698.13844  
10742.12902  
10721.81014  
10742.49722  
10742.60185  
10816.9829  
10790.64899  
10709.1916  
10852.99253  
10802.67256  
10811.62025  
10655.53542  
10804.44799  
10735.791  
10834.76746  
10854.32152  
10763.07837  
10811.00724  
10751.0414  
10796.45661  
10699.35061  
10812.03255  
10827.00488  
10743.67645  
10812.57328  
10758.38195  
10748.74293  
10794.88174  
10802.58852  
10740.04699  
10801.3791  
10789.89961  
10750.93832  
10856.56507  
10776.60281  
10745.27252  
10788.7572  
10726.03485  
10799.77709  
10670.50507  
10791.58661  
10836.90119  
10867.68671  
10843.22241  
10729.04584  
10765.54002  
10747.6214  
10738.41709  
10742.34873  
10614.43836  
10713.27891  
10652.45942  
10839.22227  
10723.73367  
10781.06338  
10776.5481  
10700.7501  
10803.5608  
10669.92534  
10782.01072  
10720.4061  
10775.6957  
10777.08914  
10767.19054  
10790.07259  
10657.94914  
10758.22289  
10738.92343  
10764.0922  
10764.81924  
10748.77545  
10817.02014  
10772.06604  
10818.6717  
10758.30649  
10749.10834  
10775.15709  
10826.81621  
10763.8947  
10759.85327  
10833.19526  
10667.71448  
10776.65368  
10707.5701  
10784.99184  
10751.86204  
10828.21988  
10794.63911  
10807.23899  
