11473.35973  
11430.21573  
11583.51649  
11665.25343  
11593.0653  
11485.46663  
11476.68975  
11437.04536  
11426.4295  
11423.72478  
11479.3612  
11477.44369  
11589.69139  
11602.67576  
11506.59277  
11490.40678  
11434.83548  
11418.3067  
11520.84078  
11498.93308  
11583.38679  
11650.37953  
11562.73872  
11481.66896  
11571.27263  
11439.51638  
11384.21132  
11390.22993  
11398.28969  
11393.03768  
11455.22879  
11558.66543  
11495.95786  
11454.57105  
11414.81495  
11425.92969  
11423.19745  
11503.01163  
11458.48894  
11508.32026  
11534.7498  
11517.0784  
11553.0166  
11521.00431  
11502.69946  
11485.26811  
11477.27554  
11424.58861  
11477.0395  
11496.83008  
11471.98819  
11420.48778  
11443.2434  
11430.53599  
11586.01527  
11601.8104  
11444.048  
11391.20467  
11485.75936  
11532.17659  
11572.02099  
11478.69999  
11512.61859  
11508.43262  
11491.387  
11454.95694  
11521.38049  
11513.47765  
11452.41428  
11451.74974  
11508.44942  
11595.58752  
11635.71363  
11618.74423  
11530.31114  
11475.65319  
11424.76023  
11579.71965  
11515.91939  
11525.9251  
11552.0508  
11553.01072  
11591.86676  
11531.53062  
11601.15293  
11547.27163  
11566.48789  
11560.58627  
11575.83761  
11582.8436  
11550.24381  
11587.42976  
11483.08118  
11516.8635  
11566.31994  
11524.60521  
11522.58885  
11596.73388  
11502.25278  
11489.38423  
11474.79732  
11489.69376  
11490.20945  
11426.82378  
11482.56707  
11418.51048  
11467.3577  
11443.64698  
11479.85785  
11560.8982  
11466.77919  
11447.25193  
11473.74902  
11511.00284  
11663.69419  
11581.48045  
11486.89361  
11525.8638  
11438.85422  
11364.9701  
11343.74711  
11348.65406  
11490.63007  
11505.10199  
11479.13569  
11470.40234  
11548.9188  
11569.17361  
11522.06783  
11409.98719  
11481.77073  
11471.72033  
11469.78387  
11497.86347  
11439.99033  
11433.94308  
11401.99561  
11391.97347  
11470.16646  
11479.58822  
11462.21722  
11546.28154  
11511.43346  
11565.87601  
11510.96868  
11514.52777  
11562.00544  
11480.86767  
11519.56084  
11497.59281  
11534.88475  
11514.88526  
11592.17945  
11559.52397  
11514.85534  
11395.13353  
11453.74294  
11522.97715  
11538.06049  
11512.74606  
