11171.59135  
11197.11485  
11218.04622  
11359.41327  
11302.92493  
11174.63526  
11103.76085  
11032.62252  
10997.69771  
10969.99164  
10988.57041  
11030.48904  
11232.14884  
11289.63452  
11202.8852  
11141.61866  
11128.0923  
11110.85309  
11105.9626  
11110.54101  
11186.0297  
11269.98869  
11281.57461  
11240.89605  
11171.63809  
11038.41775  
11026.11755  
11009.16738  
11036.16601  
11066.2466  
11131.09881  
11199.67417  
11234.22495  
11262.8129  
11229.35114  
11194.02357  
11164.37372  
11162.10596  
11220.60202  
11295.28521  
11261.04941  
11164.05139  
11097.28563  
11055.26272  
11121.79317  
11170.16641  
11051.81496  
11099.38707  
11149.20956  
11115.07766  
11087.08799  
11135.52752  
11193.53837  
11251.08705  
11257.57354  
11189.62367  
11089.62468  
11130.26699  
11217.25445  
11231.767  
11234.44753  
11165.85842  
11179.60394  
11214.22709  
11153.15345  
11109.3278  
11126.93582  
11137.78756  
11111.30666  
11116.47988  
11133.59226  
11181.03384  
11175.96559  
11147.82388  
11106.97846  
11061.29399  
11106.15339  
11199.09746  
11176.90902  
11130.8731  
11190.94073  
11242.54894  
11288.73608  
11238.74106  
11200.44036  
11173.95108  
11158.6359  
11096.25268  
11124.83177  
11114.76981  
11136.91976  
11121.9455  
11141.78213  
11151.474  
11184.74041  
11255.32173  
11250.5992  
11241.27889  
11220.85088  
11138.54196  
11063.00647  
11081.88154  
11076.78982  
11187.72794  
11225.70924  
11167.16584  
11092.38734  
11091.57457  
11153.54027  
11203.98414  
11121.19618  
11118.46034  
11119.05018  
11152.81643  
11172.5279  
11173.11198  
11212.8375  
11184.17959  
11059.51805  
10963.24875  
10952.1658  
11024.24872  
11133.75197  
11128.28558  
11089.86854  
11096.07258  
11155.81102  
11121.46193  
11164.45599  
11259.22793  
11319.01352  
11153.34631  
11013.59226  
11076.54323  
11150.41958  
11176.55251  
11200.75915  
11143.42922  
11099.57099  
11096.84731  
11136.58718  
11208.87557  
11253.08967  
11210.58764  
11189.20816  
11175.44966  
11160.57236  
11228.90762  
11287.41795  
11197.07679  
11080.85722  
11069.57319  
11174.30031  
11219.85275  
11097.35736  
11083.57737  
11087.87025  
11106.45243  
11113.04672  
11192.48043  
