10644.42989  
10619.70518  
10633.36818  
10742.49855  
10737.00575  
10663.0398  
10612.18331  
10600.11028  
10600.5883  
10609.47784  
10616.30153  
10632.71267  
10703.84851  
10693.09228  
10685.62648  
10675.81118  
10636.32546  
10629.39357  
10652.62796  
10665.59265  
10646.70945  
10712.93375  
10709.95006  
10634.10226  
10656.29762  
10599.05114  
10600.20398  
10576.77115  
10593.83835  
10623.67033  
10620.41373  
10676.10664  
10684.76109  
10669.67886  
10631.47087  
10597.03101  
10615.60018  
10665.5317  
10662.50912  
10650.13391  
10644.77933  
10672.67766  
10650.57168  
10634.29678  
10689.34826  
10676.73604  
10663.57681  
10660.31825  
10627.74483  
10639.14998  
10646.41439  
10649.0483  
10670.91346  
10715.54641  
10674.16573  
10688.26938  
10647.19397  
10611.51467  
10586.94855  
10625.11137  
10663.5447  
10657.96735  
10653.01898  
10639.34962  
10646.61125  
10659.82713  
10656.27037  
10668.44919  
10641.68444  
10650.02538  
10626.88453  
10673.54127  
10681.3553  
10680.58887  
10602.06839  
10565.6809  
10609.872  
10667.39978  
10681.76839  
10721.3648  
10703.46101  
10638.57364  
10656.93936  
10641.3051  
10665.42116  
10655.86772  
10687.25176  
10663.13888  
10673.09837  
10624.19601  
10657.4347  
10634.13048  
10652.10024  
10656.17861  
10679.5905  
10704.64019  
10691.55657  
10650.76989  
10659.72706  
10640.61834  
10621.25489  
10620.20386  
10642.93353  
10685.61683  
10677.18068  
10645.58115  
10614.38977  
10614.18929  
10614.85012  
10696.06651  
10691.79427  
10691.18627  
10625.43369  
10635.44196  
10641.3178  
10693.18387  
10691.50023  
10630.34259  
10593.49673  
10564.65883  
10566.73812  
10594.84913  
10685.94731  
10656.26443  
10671.43051  
10649.09029  
10665.53735  
10645.43315  
10658.14639  
10665.98021  
10687.6674  
10657.21328  
10631.94506  
10664.40491  
10656.1647  
10663.27722  
10648.49254  
10637.81755  
10626.68128  
10620.91576  
10645.46414  
10629.72827  
10667.67749  
10671.61328  
10643.14785  
10628.57417  
10648.96267  
10674.98808  
10681.26598  
10644.02237  
10613.47263  
10632.25526  
10672.9817  
10695.03255  
10703.89161  
10639.97262  
10595.53748  
10615.63633  
10642.08701  
10688.26742  
