10985.92396  
11011.13335  
11056.15281  
11132.22377  
11051.11332  
10984.04461  
11003.41153  
10989.33087  
10979.67811  
10967.59704  
10983.92594  
10998.0217  
11052.19399  
11050.76261  
11013.48931  
11014.41229  
10966.5229  
10985.8136  
10982.97858  
10986.36487  
11047.65698  
11124.61315  
11031.06479  
10990.02761  
11015.07123  
10948.60174  
10944.02976  
10939.1655  
10948.44151  
10956.59521  
10977.46744  
11027.94712  
10987.33685  
10966.72777  
10951.16288  
10994.83346  
10941.51494  
11005.2883  
11001.07429  
11025.74651  
11032.44786  
11010.51333  
11019.26624  
11000.08835  
11033.13323  
11041.71723  
10994.21108  
10988.95799  
11010.36757  
10990.79656  
10959.41664  
10963.84894  
10976.84438  
11001.36462  
11049.25729  
11063.33836  
10988.57789  
10967.20342  
10994.94592  
11015.66678  
11034.20765  
10988.03249  
11017.50066  
11001.61025  
10987.21979  
10988.36885  
10998.8306  
11001.60687  
10993.58689  
10973.02025  
11018.19533  
11078.87642  
11096.35367  
11084.92305  
11015.13065  
11022.3736  
10997.86429  
11042.29588  
11050.34957  
11057.56986  
11046.91918  
11036.31214  
11027.3506  
10999.36204  
11024.98033  
10985.83588  
11023.536  
11018.37836  
11059.3149  
11057.96797  
11038.71971  
11055.24069  
11011.92604  
11018.16484  
11057.7587  
11045.22982  
11050.27016  
11033.91964  
10987.06289  
10992.0832  
10988.52729  
11011.54475  
11000.92462  
10990.51625  
11001.49224  
10974.66063  
10975.11246  
10968.28016  
10983.21576  
11009.96385  
11010.51548  
10999.84359  
11016.32567  
11017.14963  
11106.30859  
11096.14954  
11003.18332  
10976.13951  
10952.87604  
10915.61563  
10917.35048  
10976.41097  
11003.59372  
11021.24805  
11003.47005  
10994.85811  
11021.453  
11011.52501  
10981.22408  
11024.02169  
11009.91135  
11017.99449  
11027.85194  
11036.69007  
10995.92691  
10965.89938  
10943.79274  
10957.5273  
11003.4165  
10994.67067  
10995.46708  
11041.69925  
11054.84869  
11023.83615  
10997.164  
11001.57983  
11045.8818  
10983.58072  
11044.93234  
11024.17861  
11004.95425  
11007.74462  
11021.89727  
11036.27418  
11002.20417  
10969.92913  
11014.69998  
11002.0871  
10999.35642  
11038.21546  
