11086.67128  
11116.27482  
11175.29695  
11227.8115  
11146.82239  
11075.40979  
11099.19093  
11082.98396  
11078.76821  
11068.55627  
11096.49297  
11097.666  
11148.05303  
11137.24145  
11103.20642  
11095.27981  
11060.1009  
11070.70489  
11077.29504  
11077.60316  
11152.5672  
11207.38653  
11115.2495  
11084.76118  
11111.13779  
11047.63844  
11044.85163  
11043.39856  
11052.67456  
11053.61819  
11075.09908  
11121.27071  
11090.14459  
11059.22626  
11042.70835  
11079.95958  
11047.25633  
11105.40074  
11090.67909  
11113.28798  
11122.50519  
11106.7381  
11112.01217  
11091.7863  
11117.7415  
11127.42276  
11087.42971  
11078.85404  
11108.89642  
11083.75873  
11061.74162  
11073.99088  
11072.28696  
11094.27018  
11159.45259  
11159.26224  
11086.35585  
11075.66204  
11101.62564  
11135.47693  
11130.1489  
11100.22013  
11114.84248  
11097.26093  
11089.68112  
11082.15292  
11095.5486  
11090.96892  
11081.06005  
11070.75551  
11117.29947  
11165.54877  
11181.77382  
11166.24584  
11094.96144  
11102.35293  
11092.83292  
11153.77271  
11145.13667  
11153.76316  
11150.44679  
11141.79569  
11127.76545  
11110.20321  
11127.4334  
11100.04315  
11111.83022  
11118.54085  
11155.06395  
11150.52998  
11131.04109  
11140.53892  
11109.46777  
11123.94921  
11148.32749  
11144.07684  
11145.74613  
11116.83898  
11083.74087  
11093.36855  
11094.80455  
11106.89803  
11094.96706  
11085.75129  
11092.97221  
11072.37857  
11077.77281  
11077.47794  
11097.39081  
11108.62555  
11090.37629  
11083.88801  
11097.22919  
11104.91618  
11189.62704  
11170.65866  
11092.34544  
11073.17219  
11054.81977  
11012.00755  
11016.45297  
11069.58833  
11119.66007  
11112.61443  
11100.55206  
11101.3527  
11109.18368  
11111.22649  
11088.3839  
11107.45616  
11113.71648  
11101.28028  
11106.90291  
11122.91995  
11092.70651  
11073.77475  
11047.42701  
11057.68616  
11103.05546  
11099.70261  
11098.58943  
11137.14244  
11145.57756  
11112.10101  
11094.5113  
11104.69536  
11133.87234  
11088.96331  
11138.11658  
11109.46949  
11105.64996  
11095.32763  
11122.29366  
11132.30605  
11097.40333  
11067.37811  
11110.96505  
11102.74106  
11115.00287  
11127.09433  
