11657.62464  
11694.47875  
11802.12305  
11825.19098  
11737.6638  
11683.6787  
11710.93677  
11679.44029  
11618.21827  
11640.39624  
11744.97262  
11774.62631  
11864.71785  
11788.87585  
11718.57708  
11676.4247  
11649.8556  
11607.56747  
11595.32572  
11639.87993  
11789.3213  
11826.59101  
11759.28754  
11739.12626  
11706.53447  
11611.6689  
11620.29945  
11567.67636  
11595.27793  
11700.78406  
11738.39251  
11786.2911  
11742.96329  
11690.6265  
11651.91131  
11694.44035  
11676.58267  
11683.0133  
11694.90732  
11746.69236  
11742.73238  
11720.92806  
11695.62011  
11725.15352  
11755.86822  
11706.08821  
11590.6014  
11673.88795  
11673.06571  
11629.63602  
11646.69826  
11720.53348  
11765.97179  
11811.64413  
11792.83805  
11674.32426  
11673.14313  
11721.72576  
11791.07149  
11847.6579  
11848.30311  
11788.56197  
11794.27012  
11754.81511  
11644.40145  
11663.49839  
11658.26357  
11662.21832  
11686.78858  
11737.8801  
11702.82809  
11718.26108  
11754.23627  
11760.11125  
11697.52694  
11618.6753  
11639.33819  
11712.44049  
11755.72414  
11724.61228  
11725.7941  
11729.51112  
11747.51828  
11702.39871  
11679.24521  
11684.74698  
11668.76124  
11668.0535  
11670.53259  
11701.75086  
11754.57631  
11723.51154  
11742.63931  
11768.11019  
11753.22204  
11738.21008  
11724.34558  
11690.14315  
11695.98592  
11701.96079  
11679.06076  
11671.43905  
11677.3653  
11715.24863  
11726.33615  
11666.98977  
11648.3727  
11701.73016  
11802.46406  
11846.73238  
11755.51795  
11708.77745  
11739.39648  
11738.1988  
11712.7278  
11679.3126  
11664.54053  
11624.13713  
11579.80316  
11533.92138  
11561.37505  
11652.68613  
11761.48738  
11719.62516  
11611.53836  
11673.34062  
11752.18063  
11809.77473  
11882.19549  
11851.2682  
11772.98618  
11716.30523  
11734.76249  
11718.25248  
11659.82833  
11618.73658  
11679.77792  
11684.47327  
11673.26312  
11701.52411  
11775.22857  
11823.4392  
11768.1102  
11713.72492  
11741.50822  
11732.78873  
11720.57658  
11707.87564  
11679.2583  
11661.77816  
11713.31832  
11754.12706  
11823.68367  
11799.77807  
11670.36811  
11617.35248  
11662.3736  
11620.0796  
11639.02206  
11733.26677  
