9997.135969  
10001.47096  
10043.61157  
10154.37247  
10065.97381  
9969.267317  
9974.054182  
9966.00715  
9933.581229  
9903.203456  
9947.842477  
9987.247942  
10057.79447  
10065.84872  
10017.48635  
10038.49902  
9974.009957  
9974.671631  
10007.99805  
10012.6996  
10050.50065  
10085.51179  
10018.6345  
10007.57145  
10026.96364  
9933.690569  
9934.674508  
9913.188895  
9935.674334  
9962.847063  
9982.49428  
10020.87723  
10005.10854  
9960.624983  
9957.876988  
9985.485561  
9976.488665  
9994.316214  
9994.336269  
10000.56342  
10069.67086  
9984.688546  
10035.8953  
10006.24159  
10029.14634  
10001.78434  
9979.995797  
9973.249686  
10022.84194  
9980.001168  
9951.078195  
9986.734968  
10005.52985  
10013.90428  
10082.55  
10064.55486  
9954.93185  
9960.714146  
10008.03301  
10044.51826  
10032.08039  
9988.629063  
10013.81482  
10024.23563  
9994.898734  
9999.78064  
9965.947161  
10010.78275  
9965.363351  
9964.219657  
9989.016514  
10069.9514  
10073.52836  
10028.0801  
9959.360543  
9978.083862  
9980.359026  
10057.692  
10053.95014  
10058.55106  
10053.58257  
10033.73696  
10056.12931  
10012.05945  
10044.86196  
9997.956456  
10039.84881  
10017.19071  
10055.96376  
10028.15641  
10023.10048  
10031.14294  
10000.97719  
10034.22159  
10038.98021  
10017.98143  
10007.58962  
10021.67885  
9961.068638  
9993.605818  
10002.67998  
10011.76153  
9961.44186  
9964.131888  
9982.446812  
10005.39591  
9954.704729  
9973.219657  
10009.86954  
10043.33533  
9974.585153  
9964.143467  
9991.608329  
10010.05069  
10076.57043  
10106.34684  
9999.189959  
9983.237932  
9940.69465  
9899.816336  
9895.064244  
9944.782488  
10013.10789  
10025.70293  
10009.84309  
9966.701085  
10017.66629  
9975.371913  
9989.712245  
10045.51974  
10021.31644  
10006.56355  
9976.971488  
9988.150094  
10005.60713  
9980.154768  
9955.592058  
9965.913766  
10003.04346  
10013.76081  
10013.99227  
10066.64136  
10049.61898  
10007.81723  
10005.86656  
10020.06349  
10051.92636  
10004.45691  
10025.7243  
9982.695993  
9959.198853  
9984.539324  
10014.64178  
10028.44934  
9990.377145  
9963.103184  
10018.25364  
9970.083514  
10026.78156  
10007.45421  
