11184.48422  
11218.35392  
11290.97086  
11320.61513  
11239.74382  
11164.11384  
11192.18063  
11173.90928  
11174.9722  
11166.57493  
11205.78135  
11194.40803  
11241.12005  
11221.20149  
11190.3104  
11173.79196  
11150.95332  
11153.12361  
11168.86441  
11166.18403  
11254.42179  
11287.74902  
11196.98223  
11176.73551  
11204.4063  
11143.79058  
11142.73694  
11144.59571  
11153.87169  
11147.81526  
11169.88707  
11211.87614  
11189.95793  
11149.03061  
11131.58745  
11162.60629  
11149.91786  
11202.59729  
11177.67404  
11198.2797  
11209.93949  
11200.1602  
11202.05675  
11180.81344  
11199.88545  
11210.63202  
11177.93322  
11166.13177  
11204.5555  
11174.01326  
11161.08627  
11180.9248  
11164.94965  
11184.46976  
11266.43831  
11252.39222  
11181.28591  
11180.96167  
11205.19819  
11251.79747  
11223.29575  
11209.14017  
11209.34909  
11190.12567  
11189.15814  
11173.20542  
11189.44957  
11177.72819  
11165.98545  
11165.64411  
11213.51709  
11249.69668  
11264.70601  
11245.20002  
11172.46705  
11180.00276  
11185.03548  
11262.00265  
11237.16298  
11247.15471  
11250.95904  
11244.20691  
11225.25559  
11217.81599  
11226.9024  
11210.92399  
11197.55276  
11215.78598  
11248.02419  
11240.396  
11220.67351  
11223.35273  
11204.16847  
11226.65249  
11236.25834  
11240.04482  
11238.44125  
11197.3432  
11177.60299  
11191.70385  
11197.98636  
11199.47404  
11186.2704  
11178.21249  
11181.78773  
11167.25036  
11177.44306  
11183.4952  
11208.24038  
11204.41361  
11167.91107  
11165.48454  
11175.77629  
11190.12643  
11270.51873  
11242.9976  
11178.9106  
11167.37868  
11153.79427  
11105.59194  
11112.66898  
11160.05179  
11232.34585  
11201.31966  
11194.80644  
11204.74552  
11194.35909  
11208.02403  
11192.42256  
11188.46049  
11214.49816  
11182.14027  
11183.65141  
11206.63828  
11186.66729  
11178.50811  
11148.04281  
11154.92776  
11199.79231  
11201.67535  
11198.70821  
11229.80574  
11233.66384  
11197.79505  
11189.02324  
11204.80751  
11219.30005  
11191.27651  
11228.58671  
11192.27617  
11203.41278  
11180.35968  
11219.76589  
11225.54087  
11189.8297  
11161.98876  
11204.42628  
11200.46335  
11227.28098  
11213.3845  
