11418.07537  
11387.33899  
11511.46393  
11539.57444  
11497.89525  
11396.73802  
11412.46429  
11373.13707  
11355.8432  
11360.7329  
11429.52444  
11423.5258  
11498.7117  
11500.48026  
11430.04744  
11404.56086  
11356.62755  
11347.92653  
11415.53308  
11402.50674  
11496.21999  
11556.75737  
11463.10076  
11420.93416  
11480.14281  
11353.28556  
11324.15127  
11318.82492  
11323.63754  
11345.36867  
11380.68719  
11485.2269  
11428.42843  
11380.22046  
11344.36042  
11367.38045  
11355.57743  
11425.66863  
11383.49272  
11435.16401  
11480.16384  
11435.50935  
11469.37296  
11414.0349  
11389.94921  
11401.84949  
11399.0306  
11375.02346  
11406.81962  
11395.39888  
11399.78866  
11372.51657  
11372.38783  
11330.58699  
11502.97657  
11508.86026  
11395.77261  
11350.70094  
11425.22303  
11490.07315  
11483.80443  
11419.44812  
11445.81822  
11442.19632  
11403.24983  
11369.34279  
11426.98868  
11426.56384  
11386.12461  
11398.78801  
11446.01714  
11505.04206  
11523.63356  
11527.24073  
11454.3595  
11394.26156  
11378.74311  
11508.35931  
11446.76564  
11440.33474  
11462.13264  
11483.00801  
11506.2194  
11467.14439  
11507.79527  
11465.87592  
11461.93296  
11462.42326  
11494.06095  
11495.54721  
11464.89395  
11505.09312  
11417.44711  
11462.00452  
11479.21431  
11440.10235  
11447.38688  
11492.45964  
11419.05308  
11433.18048  
11400.47062  
11404.18363  
11408.58842  
11367.23185  
11404.98316  
11358.73764  
11374.74552  
11378.13211  
11414.97609  
11473.18425  
11401.85207  
11369.54097  
11401.12554  
11435.05191  
11558.78127  
11488.83866  
11426.77043  
11436.27528  
11375.58219  
11306.01273  
11287.17345  
11325.01752  
11445.06518  
11428.38177  
11400.62131  
11398.67101  
11473.79197  
11497.91994  
11399.6496  
11327.49566  
11405.25953  
11395.39204  
11384.23175  
11396.10073  
11362.79465  
11347.97247  
11325.50457  
11331.2504  
11390.0677  
11394.76125  
11390.10059  
11464.35036  
11435.16329  
11465.40191  
11425.80828  
11426.87179  
11466.97785  
11428.59579  
11449.29854  
11436.19045  
11451.51981  
11436.08541  
11508.13309  
11494.16291  
11405.22016  
11342.57327  
11402.06025  
11437.96228  
11462.72153  
11446.07393  
