11128.53556  
11144.84615  
11115.48525  
11095.66425  
11085.03279  
11031.27923  
11100.78104  
11026.64414  
11119.77789  
11070.86461  
11059.65707  
11028.80354  
11078.50377  
11058.38514  
11092.68451  
11160.92821  
11051.94247  
11059.87035  
11110.57582  
11117.63835  
11040.72691  
10985.59242  
10987.92252  
11051.00452  
11050.5566  
11095.91943  
11101.67846  
11039.62917  
11031.88948  
11134.79348  
11119.88332  
11115.97138  
11074.57627  
11048.97306  
11055.78468  
11061.97647  
11097.93973  
11116.43792  
11119.648  
11066.50145  
11081.99332  
11101.22692  
11121.81982  
11089.66387  
11044.63417  
11171.0959  
11102.3317  
11172.81915  
11088.57886  
11117.94675  
11043.19813  
11108.1242  
11212.67044  
11128.79633  
11043.34388  
11048.82735  
11082.39556  
10985.76907  
11041.95128  
11211.13075  
11109.24821  
11094.08184  
11099.756  
11064.4588  
11041.69146  
11083.14284  
11094.11857  
11103.49491  
11078.47489  
11024.30782  
11041.58021  
11164.60722  
11031.0689  
11041.3729  
11026.83614  
10997.88982  
11052.3625  
11032.15139  
11036.44708  
11083.77587  
11064.33153  
11149.26139  
11061.01135  
11004.57345  
11016.25816  
11159.90951  
11099.8791  
11063.59715  
11082.02595  
11066.2934  
11030.08606  
11058.47403  
11014.90511  
11083.55735  
11061.93843  
11057.95978  
11027.49866  
10992.53371  
11090.64517  
11098.09929  
11059.92769  
11045.59337  
10934.65698  
11073.84645  
11084.86504  
11082.51438  
11039.16663  
11168.67746  
11155.56345  
11145.28832  
11138.06955  
11115.60523  
11018.68107  
10950.08578  
11068.62893  
11119.24097  
11124.74748  
11042.7405  
11076.15244  
11096.36932  
11141.54076  
11152.17414  
11075.20617  
11101.27027  
11175.73492  
11113.86124  
11093.57921  
11116.32824  
11089.78459  
11067.76378  
11024.03308  
11093.71029  
11166.54885  
11126.45494  
11107.86925  
11063.27721  
11079.85901  
11095.81176  
11096.07896  
10977.07322  
11021.62529  
11028.0414  
11189.21454  
11135.63961  
11058.92389  
11034.23379  
11016.91855  
11078.93408  
11093.82155  
11164.95326  
10991.47041  
11126.50813  
11125.14077  
11078.91229  
11088.8184  
11111.78631  
11124.72144  
11033.77729  
11025.29793  
11039.97184  
