11216.59394  
11148.75484  
11066.10011  
11053.1983  
11095.22153  
11048.66695  
11100.0102  
11066.34867  
11030.34234  
11004.42657  
11096.82931  
11040.77047  
11043.24983  
11022.68172  
11090.41897  
11185.22777  
11099.75403  
11007.92728  
11117.97324  
11182.07181  
11049.56156  
10986.80866  
10943.69398  
11076.91926  
11180.06281  
11215.04012  
11173.52522  
11076.50623  
11103.77134  
11151.32758  
11162.07777  
11158.47343  
11057.53703  
11043.84855  
11045.80878  
11000.10295  
11003.17217  
11083.55303  
11143.41886  
11089.3964  
11106.1965  
11128.04365  
11173.67092  
11042.76637  
11083.11461  
11153.78428  
11071.51176  
11065.53061  
11032.93619  
11179.50008  
11045.54604  
11034.62084  
11137.06213  
11114.23369  
10998.30521  
11095.07979  
11063.99366  
11091.39696  
11004.53682  
11113.56277  
11059.42705  
11154.43964  
11046.43871  
11054.80138  
11127.51579  
11154.80394  
11035.25129  
11051.91065  
11112.76174  
11081.19824  
11090.10283  
11124.17476  
11082.91658  
11118.32704  
11084.89962  
11085.58317  
11060.94988  
11028.48543  
11103.14499  
11133.22947  
11041.37228  
11132.13175  
11080.80032  
11009.31252  
11020.89385  
11103.90683  
11151.6906  
11017.13491  
11001.55888  
11047.65596  
11069.88884  
11215.67366  
11053.57247  
11043.92983  
11058.74183  
11036.46029  
11070.99961  
11011.98697  
11005.05566  
11030.92341  
11018.87141  
11108.04731  
11029.00455  
11105.63688  
11214.04087  
11045.71484  
11005.68943  
11111.39424  
11174.19016  
11086.60965  
11201.07316  
11175.5769  
10952.8558  
11043.06213  
11109.39006  
11182.19143  
11230.23477  
11088.11929  
10979.40781  
11102.36557  
10990.28709  
11031.7527  
11107.03653  
11101.88443  
11072.70736  
11179.29176  
11143.76722  
11088.73583  
11083.80089  
11075.93349  
11088.26132  
11099.0498  
11095.47899  
11016.32087  
11055.89869  
11098.92865  
11171.9753  
11062.56917  
11116.84171  
11042.96096  
11078.16782  
11127.67067  
11154.61405  
11048.12089  
11069.37882  
11078.48413  
11056.34248  
11100.28237  
11112.69224  
11161.79212  
11075.55454  
11045.59184  
11059.30581  
11086.48755  
11157.20487  
11071.99206  
11120.29739  
11118.31663  
11030.86679  
10981.11742  
