11197.58972  
11233.23888  
11068.12214  
11063.77596  
11137.31168  
11209.6916  
11167.69963  
11184.2854  
11112.79131  
11095.54074  
11140.46153  
11087.12922  
11177.8312  
11093.949  
11197.63364  
11289.53456  
11157.99958  
11044.42874  
11212.44935  
11271.08059  
11210.59926  
11121.90263  
11042.70408  
11159.89218  
11223.0541  
11238.15783  
11244.04488  
11218.56479  
11186.67836  
11167.96511  
11219.98768  
11231.19506  
11146.66227  
11060.47483  
11062.73463  
11141.65997  
11127.08438  
11142.83944  
11217.49351  
11183.14058  
11137.41059  
11204.53008  
11274.04366  
11113.92821  
11063.36554  
11240.87258  
11110.50183  
11076.924  
11089.5324  
11122.40021  
11104.35714  
11059.89391  
11134.07746  
11246.45359  
11213.26697  
11204.05932  
11171.38326  
11153.62003  
11058.87359  
11128.49451  
11151.97176  
11125.91507  
11105.42893  
11147.04542  
11169.20332  
11188.80134  
11176.77276  
11098.02947  
11182.60033  
11129.15949  
11083.55135  
11137.37264  
11223.76296  
11178.84262  
11113.30906  
11185.05582  
11123.88246  
11056.13394  
11158.8538  
11205.76779  
11076.57392  
11157.1869  
11177.32519  
11240.67937  
11138.33739  
11146.41151  
11225.49985  
11095.98889  
11175.92189  
11116.98127  
11094.34638  
11228.69701  
11121.86991  
11190.28934  
11205.83272  
11119.46628  
11195.3975  
11106.20215  
11084.42332  
11156.25937  
11129.92493  
11113.41074  
11031.86514  
11106.50566  
11179.02687  
11101.80438  
11048.44494  
11255.28695  
11324.70537  
11240.72381  
11216.67367  
11226.3154  
11118.30281  
11145.69298  
11238.2207  
11225.67356  
11275.96018  
11376.69164  
11242.91028  
11240.03871  
11135.11492  
11054.27831  
11144.9355  
11263.36679  
11171.44732  
11282.41333  
11323.86707  
11304.19007  
11209.24986  
11135.20216  
11138.0607  
11117.10458  
11092.20527  
11027.32697  
11057.38717  
11115.72147  
11176.97461  
11084.36374  
11124.42888  
11075.75726  
11084.92359  
11051.53111  
11106.64696  
11160.14165  
11200.86692  
11141.82107  
11181.48736  
11253.03111  
11184.21403  
11215.868  
11115.89504  
11140.49266  
11088.80145  
11229.91609  
11203.63328  
11150.34579  
11169.64486  
11189.65593  
11109.98911  
11232.74704  
