11302.45623  
11243.41612  
11265.08137  
11324.63502  
11263.69986  
11145.70942  
11174.45627  
11186.11874  
11131.72525  
11190.66526  
11241.55004  
11147.42666  
11121.85053  
11181.96712  
11297.10041  
11211.61103  
11187.88797  
11228.5554  
11233.18106  
11195.86697  
11159.59684  
11109.06579  
11179.69936  
11257.45494  
11237.89166  
11198.4551  
11210.86964  
11191.92377  
11241.26847  
11289.71747  
11220.87157  
11216.92967  
11167.51469  
11136.72866  
11265.45085  
11246.50155  
11246.83263  
11248.48982  
11276.60826  
11173.27523  
11240.31876  
11296.82147  
11201.23147  
11250.28998  
11250.07701  
11291.24719  
11197.88148  
11298.4894  
11285.63736  
11245.28838  
11198.15741  
11216.14565  
11376.3054  
11293.50231  
11174.54821  
11151.54757  
11238.06278  
11207.61978  
11128.56015  
11345.24554  
11235.29747  
11248.0043  
11118.03428  
11225.36145  
11152.41161  
11200.05154  
11192.9379  
11261.10581  
11243.35395  
11223.57115  
11149.06657  
11373.09419  
11213.78488  
11219.87068  
11116.92297  
11057.44465  
11081.50813  
11166.36864  
11219.6318  
11146.85431  
11132.20882  
11267.01883  
11199.30835  
11141.35435  
11081.30114  
11275.95065  
11240.78408  
11163.47967  
11172.33161  
11118.69495  
11231.27708  
11204.56184  
11121.94834  
11187.91028  
11165.94418  
11225.58432  
11255.65027  
11139.67164  
11154.56979  
11249.41912  
11243.69414  
11191.63997  
11050.12247  
11273.13909  
11186.2778  
11180.02768  
11235.97614  
11301.03713  
11264.45873  
11281.16057  
11170.39186  
11143.43186  
11136.6937  
11114.32693  
11273.69408  
11235.12887  
11249.24587  
11194.56774  
11317.69308  
11241.2206  
11223.55471  
11348.72433  
11253.688  
11236.55871  
11311.30244  
11219.74285  
11190.00215  
11179.39226  
11211.98252  
11212.92947  
11230.04715  
11178.51842  
11319.93583  
11308.37135  
11262.43007  
11171.45805  
11215.13686  
11292.91865  
11152.77443  
11126.9992  
11095.25335  
11115.6126  
11291.60218  
11234.63674  
11207.26995  
11186.31043  
11108.2207  
11154.55592  
11200.98703  
11263.80883  
11180.53354  
11252.25544  
11239.36924  
11293.31437  
11199.41683  
11235.61519  
11290.39365  
11203.66315  
11111.90906  
11266.73587  
