11371.55886  
11330.12509  
11249.3224  
11240.22259  
11257.47553  
11235.41757  
11276.43441  
11210.1499  
11247.38408  
11255.54335  
11277.33393  
11206.00617  
11225.88855  
11238.43854  
11298.26602  
11334.52458  
11225.76658  
11201.46723  
11280.59354  
11338.13983  
11263.14443  
11179.89433  
11180.57082  
11246.31602  
11272.15408  
11318.75752  
11311.33837  
11263.64289  
11279.39069  
11330.43933  
11317.054  
11330.16582  
11257.53105  
11213.15484  
11219.60071  
11214.01017  
11226.66346  
11267.92756  
11361.75634  
11243.65032  
11244.02014  
11272.71743  
11333.25128  
11275.34715  
11288.68144  
11301.91283  
11284.11628  
11287.08924  
11259.84552  
11332.71563  
11233.05649  
11253.22644  
11343.99089  
11339.03395  
11193.21832  
11224.21317  
11238.84965  
11200.80855  
11211.22974  
11337.6196  
11278.69884  
11291.49267  
11241.48665  
11244.2667  
11247.06579  
11271.57022  
11211.615  
11243.97783  
11287.80995  
11240.21965  
11201.49656  
11283.26838  
11274.95531  
11243.7945  
11210.06819  
11203.237  
11207.81445  
11218.45628  
11275.42905  
11280.04483  
11223.28837  
11313.05889  
11251.99452  
11223.91852  
11224.12527  
11303.40778  
11326.03269  
11232.80734  
11225.63862  
11235.27617  
11245.84126  
11344.63546  
11211.2762  
11224.90681  
11227.44911  
11211.77364  
11252.59494  
11204.71802  
11214.16473  
11240.77074  
11252.93734  
11249.3709  
11194.85677  
11288.39609  
11273.6487  
11216.24924  
11192.97499  
11300.9417  
11343.90132  
11314.43369  
11295.13678  
11326.18501  
11182.75266  
11213.05021  
11283.57278  
11303.47283  
11335.54019  
11224.15525  
11213.27032  
11353.09044  
11300.133  
11290.4972  
11291.85902  
11288.21593  
11299.358  
11321.4946  
11334.42606  
11308.05153  
11263.5086  
11257.5051  
11248.81243  
11285.39538  
11307.46206  
11238.86155  
11309.36277  
11335.52766  
11316.06185  
11224.82037  
11255.8588  
11203.46103  
11226.87268  
11257.69743  
11329.12242  
11249.13691  
11256.7107  
11229.33743  
11230.23296  
11283.54826  
11284.41429  
11292.31911  
11213.07744  
11255.31567  
11266.01322  
11289.20793  
11261.44492  
11272.04536  
11303.38686  
11268.30999  
11209.22041  
11231.67617  
