11477.10877  
11534.4536  
11511.89947  
11529.72429  
11484.3225  
11511.53985  
11496.44224  
11467.50749  
11548.9473  
11495.52351  
11412.35116  
11397.53069  
11452.37672  
11457.31496  
11473.03553  
11456.77154  
11451.73249  
11477.08166  
11433.31512  
11446.40247  
11507.18193  
11477.20885  
11532.49857  
11526.69023  
11480.0086  
11466.53257  
11464.51712  
11484.99769  
11453.7945  
11495.28399  
11450.98686  
11444.7552  
11476.60211  
11485.71336  
11520.1868  
11531.5899  
11556.20242  
11502.04883  
11493.01047  
11495.2568  
11520.62415  
11453.65043  
11465.64071  
11464.18908  
11506.1606  
11479.29307  
11471.83129  
11481.08178  
11428.47607  
11439.96091  
11406.36122  
11470.24609  
11450.7649  
11403.89564  
11438.9992  
11455.60432  
11460.71578  
11455.83171  
11431.45449  
11471.92477  
11459.33548  
11484.97236  
11502.78489  
11507.55574  
11482.95423  
11447.91589  
11488.90782  
11473.98578  
11556.18402  
11555.68761  
11534.08076  
11490.59638  
11441.83646  
11453.83333  
11492.63064  
11456.21634  
11485.27549  
11472.51712  
11504.64058  
11446.6717  
11465.8972  
11441.99379  
11436.12123  
11541.6337  
11560.60353  
11519.76341  
11463.72101  
11471.15052  
11487.49457  
11439.56387  
11543.75798  
11479.02788  
11465.84105  
11479.99597  
11443.05396  
11494.28803  
11501.33314  
11472.01988  
11483.70659  
11484.24188  
11545.85862  
11505.01292  
11481.36136  
11449.15169  
11457.15156  
11462.12175  
11481.86954  
11514.07511  
11463.72053  
11473.90774  
11461.04737  
11516.80217  
11503.59098  
11451.89915  
11487.44597  
11469.29269  
11489.36484  
11485.43946  
11540.89758  
11465.34199  
11480.28173  
11466.12823  
11489.51488  
11489.13422  
11514.24961  
11518.12989  
11487.14997  
11488.38329  
11475.14685  
11518.13498  
11533.12364  
11560.02709  
11516.21267  
11567.11576  
11521.87499  
11505.25728  
11434.73487  
11468.42005  
11443.34153  
11535.69644  
11524.71834  
11496.58422  
11492.14381  
11521.53995  
11515.36189  
11520.92452  
11558.10955  
11526.96022  
11524.89261  
11546.06302  
11426.59117  
11456.192  
11415.97695  
11362.32995  
11426.49245  
11478.1892  
11453.77231  
11451.55025  
11450.00067  
11496.77048  
