11000.63275  
11099.16848  
11073.49018  
11085.06029  
11030.15595  
11070.05025  
11055.26968  
10980.19124  
11093.97946  
11065.7824  
10945.23746  
10896.25879  
10982.93783  
10977.52558  
11002.87391  
11024.15757  
11005.94615  
11025.44988  
10976.82831  
10991.66905  
11042.25203  
11007.94147  
11074.70524  
11092.83014  
11065.58286  
11031.16441  
11029.00209  
11031.60805  
10994.40713  
11043.14117  
10989.21395  
10989.03432  
10999.1142  
11030.23203  
11073.97208  
11067.52705  
11095.37274  
11037.05318  
11028.5745  
11033.45939  
11082.41809  
10997.88457  
11017.86788  
11007.0421  
11039.90971  
11026.40785  
11031.52246  
11022.60158  
10977.42151  
10980.37177  
10954.0708  
11003.92347  
11006.23961  
10938.85212  
10978.44583  
10980.48104  
10980.71435  
10994.23257  
10961.21791  
11008.20213  
11007.52538  
11018.97361  
11045.31695  
11054.02333  
11025.50006  
10998.31087  
11030.64184  
11039.07222  
11106.03919  
11093.128  
11102.69992  
11050.03806  
10989.51928  
10996.48391  
11010.96054  
10999.32983  
11048.07408  
11042.32069  
11081.76831  
10986.42787  
11006.26251  
10994.36357  
10963.89102  
11090.01637  
11116.45307  
11068.08885  
10988.26259  
11009.13616  
11017.46803  
10962.5215  
11095.90899  
11021.09847  
11013.17687  
11035.16802  
10977.47792  
11019.57726  
11035.2849  
10994.61085  
11017.16523  
11023.33337  
11086.8722  
11052.68922  
11051.04036  
10986.68765  
10997.92065  
11004.03176  
11040.55264  
11077.01497  
11026.94484  
11053.31503  
11011.50647  
11073.43032  
11056.13626  
11006.93952  
11043.32447  
11018.99318  
11057.3102  
11045.30057  
11098.76255  
11024.61636  
11011.02572  
11010.72179  
11027.25929  
11042.51577  
11071.43651  
11068.54888  
11040.7248  
11044.22567  
11020.78808  
11047.56066  
11083.94145  
11140.81091  
11071.30273  
11139.45007  
11084.84092  
11066.2292  
10960.66278  
11004.5799  
10965.91068  
11086.31709  
11083.05296  
11036.00929  
11032.37116  
11066.61706  
11044.42006  
11056.8836  
11113.15227  
11095.29264  
11087.904  
11133.3195  
10960.7626  
11029.76869  
10969.96732  
10860.66626  
10928.52165  
11012.28682  
10999.17746  
11007.67092  
10988.21814  
11024.12811  
