12117.53291  
12151.69836  
12142.23199  
12181.51753  
12219.57493  
12263.26649  
12164.86213  
12070.7962  
12121.98621  
12065.36093  
11990.68528  
12012.15197  
12122.62362  
12085.94465  
12143.85179  
12156.19076  
12178.93054  
12174.55627  
12166.41057  
12139.26306  
12195.96188  
12120.82906  
12164.26018  
12217.66777  
12163.48402  
12133.0497  
12123.10932  
12190.06682  
12169.17175  
12108.73519  
12116.62993  
12051.87487  
12071.39064  
12144.3082  
12176.00465  
12160.66949  
12115.71437  
12088.99108  
12059.12892  
12191.06535  
12229.96157  
12197.16496  
12126.81664  
12115.9938  
12110.61427  
12126.87133  
12077.45269  
12126.09393  
12100.13988  
12211.20401  
12194.1848  
12203.52105  
12122.93839  
12157.16075  
12101.91081  
12080.04055  
12076.0594  
12124.93919  
12144.05981  
12155.10834  
12176.01592  
12177.26388  
12156.55273  
12171.72735  
12155.83447  
12130.74467  
12189.55273  
12187.98161  
12108.85175  
12118.62774  
12106.64531  
12044.15186  
12099.07042  
12096.29895  
12140.11277  
12121.58554  
12164.00679  
12208.01552  
12211.59254  
12174.61683  
12177.76681  
12069.2464  
12064.26438  
12152.54221  
12071.51157  
12098.79644  
12096.85575  
12150.28519  
12169.05005  
12165.23776  
12210.76545  
12181.68795  
12171.51661  
12103.75586  
12129.17538  
12085.98187  
12100.66063  
12103.27919  
12114.6849  
12072.08162  
12093.64668  
12122.2317  
12168.96266  
12131.57237  
12093.09612  
12106.37677  
12094.12227  
12121.1862  
12127.57239  
12125.35953  
12145.13748  
12142.37585  
12143.79778  
12155.63158  
12207.85692  
12255.38012  
12233.92839  
12201.12664  
12194.91054  
12163.71886  
12196.12625  
12219.44992  
12180.65835  
12214.42935  
12240.47156  
12222.43664  
12186.38141  
12135.66718  
12165.42802  
12112.26111  
12259.56618  
12162.55174  
12197.18273  
12193.65682  
12107.67804  
12038.95362  
12052.2405  
12050.42035  
12087.18495  
12157.87327  
12150.93412  
12161.83982  
12163.13706  
12205.63798  
12194.09114  
12175.60031  
12184.87559  
12222.10433  
12248.4828  
12265.55756  
12215.70131  
12072.98505  
12010.75594  
11969.62732  
12075.47675  
12114.10519  
12041.73306  
12109.0091  
12131.84478  
12156.18125  
