11416.34221  
11495.32678  
11461.12647  
11474.63926  
11434.73904  
11462.90193  
11441.6746  
11420.15317  
11486.12739  
11428.61844  
11373.68894  
11343.54587  
11394.36797  
11405.45447  
11417.24934  
11418.62553  
11405.60318  
11420.48158  
11385.3574  
11394.81625  
11442.94384  
11421.03664  
11481.93092  
11472.77974  
11436.32695  
11429.07697  
11427.3768  
11431.09578  
11410.40809  
11435.55189  
11398.16296  
11402.92037  
11420.59612  
11440.33557  
11452.87157  
11468.54466  
11476.7805  
11450.04934  
11436.6249  
11440.19048  
11462.84412  
11401.71875  
11421.52493  
11413.02191  
11453.16974  
11421.23284  
11418.56971  
11430.83029  
11401.11269  
11395.08885  
11371.63499  
11404.91324  
11404.82386  
11355.92808  
11402.60463  
11404.67951  
11405.7604  
11401.56853  
11369.24919  
11417.66952  
11404.01136  
11434.06509  
11448.52997  
11449.5057  
11427.68686  
11409.51644  
11433.70871  
11438.78487  
11502.80293  
11487.94609  
11480.11207  
11438.33665  
11399.50776  
11414.78916  
11434.72536  
11413.75865  
11438.98918  
11432.72409  
11462.51456  
11395.82967  
11428.2217  
11397.10635  
11379.45031  
11478.85276  
11499.40769  
11458.47665  
11401.1658  
11427.78997  
11414.05648  
11392.02564  
11474.89865  
11416.40393  
11415.77844  
11423.91732  
11410.50098  
11439.94186  
11432.17705  
11416.13805  
11430.45247  
11432.22637  
11478.61882  
11457.46118  
11440.02383  
11409.88535  
11412.05994  
11408.76786  
11445.7147  
11464.76852  
11424.39968  
11441.47158  
11410.78016  
11466.21843  
11449.60407  
11405.03806  
11437.24904  
11422.32724  
11449.27527  
11430.72158  
11469.35864  
11413.82976  
11427.59671  
11414.31398  
11424.60659  
11443.06025  
11457.4529  
11461  
11431.52414  
11443.89327  
11417.34947  
11460.47395  
11460.40357  
11504.84342  
11466.24507  
11502.15226  
11464.76634  
11439.55388  
11394.46586  
11417.45967  
11393.87786  
11479.13745  
11473.56193  
11440.67274  
11435.44506  
11455.50002  
11455.40152  
11463.75487  
11498.6648  
11487.73682  
11484.82572  
11487.42546  
11379.86842  
11421.22711  
11378.10751  
11326.83502  
11368.01295  
11417.39651  
11400.92268  
11416.15581  
11400.69686  
11426.69668  
