11483.20473  
11595.8627  
11578.32956  
11513.32513  
11480.91218  
11541.46455  
11575.0943  
11446.70918  
11550.87345  
11546.34431  
11459.21306  
11394.58968  
11457.09457  
11504.80606  
11499.76873  
11495.91618  
11483.44748  
11472.32984  
11385.7948  
11422.17512  
11508.8591  
11477.37808  
11554.73901  
11564.37277  
11538.48487  
11532.19134  
11528.13333  
11519.88881  
11477.0073  
11520.23808  
11463.82589  
11507.00222  
11506.96809  
11530.19992  
11496.56524  
11511.17934  
11573.42475  
11488.58673  
11499.65871  
11527.57181  
11584.99923  
11445.93376  
11517.14871  
11483.97533  
11553.55403  
11476.51984  
11483.98004  
11485.44711  
11455.26404  
11415.92189  
11501.32142  
11481.30409  
11494.43485  
11407.35678  
11467.95008  
11472.12351  
11490.57374  
11501.58648  
11443.1023  
11498.84861  
11438.25009  
11490.99667  
11500.19731  
11533.83722  
11536.20084  
11476.55519  
11579.58099  
11574.16384  
11597.59751  
11590.48865  
11656.64688  
11537.77934  
11478.49051  
11485.55282  
11471.3854  
11464.6963  
11538.53067  
11499.95573  
11526.81344  
11400.87101  
11438.83884  
11458.33687  
11380.44751  
11570.7493  
11590.16358  
11567.93713  
11459.45427  
11513.9564  
11487.31993  
11500.30408  
11576.7176  
11441.27863  
11445.75099  
11485.35334  
11418.92823  
11516.48202  
11509.70494  
11473.78193  
11499.76562  
11507.47949  
11590.16694  
11532.00808  
11533.51073  
11485.87505  
11503.11167  
11473.41513  
11568.3379  
11557.32051  
11500.1514  
11529.77019  
11457.79931  
11547.47454  
11484.59778  
11508.39827  
11542.63811  
11514.9836  
11560.07039  
11510.37275  
11586.99011  
11496.10315  
11460.29437  
11510.69679  
11498.12693  
11537.64565  
11538.47735  
11539.40145  
11460.18704  
11499.63267  
11500.77229  
11537.1847  
11546.624  
11619.64753  
11543.3738  
11636.16087  
11581.03174  
11568.30315  
11410.9176  
11478.96612  
11452.31274  
11586.26243  
11555.32902  
11509.87798  
11530.06729  
11540.10312  
11544.39407  
11548.88885  
11587.92087  
11636.34996  
11610.85133  
11616.18011  
11441.80548  
11539.13473  
11439.45304  
11329.64524  
11386.18412  
11449.86856  
11435.57013  
11474.75233  
11454.79747  
11482.10739  
