11802.15373  
11916.50472  
11941.30443  
11874.73563  
11900.23709  
11866.34972  
11815.07704  
11760.80872  
11799.3223  
11752.92435  
11740.28821  
11706.22797  
11771.86775  
11748.78789  
11818.77095  
11858.59981  
11866.36057  
11870.57744  
11870.56068  
11800.08135  
11780.01775  
11805.42955  
11889.77125  
11920.31394  
11880.28858  
11834.59072  
11778.61216  
11778.14711  
11769.60462  
11828.01529  
11798.86063  
11762.02608  
11791.60459  
11824.27706  
11944.20868  
11874.69111  
11819.07155  
11820.12478  
11792.39409  
11851.08885  
11885.11349  
11866.96455  
11858.08834  
11857.73561  
11855.56879  
11848.53147  
11841.73175  
11806.01302  
11818.61339  
11811.44783  
11799.0122  
11807.86227  
11817.01469  
11782.20739  
11795.23529  
11764.68263  
11738.37826  
11767.87886  
11816.69624  
11826.67279  
11889.35889  
11837.19315  
11846.51498  
11887.49995  
11856.16435  
11818.43345  
11791.32477  
11901.02426  
11869.33329  
11833.40254  
11825.7466  
11741.92138  
11756.00217  
11738.64166  
11799.64316  
11795.30337  
11914.29149  
11913.3171  
11929.51849  
11843.00728  
11797.63962  
11769.83475  
11762.50425  
11803.15528  
11877.66488  
11822.9277  
11781.96077  
11797.84292  
11780.8762  
11765.3958  
11870.76725  
11868.37379  
11876.32528  
11837.00404  
11806.62247  
11773.7066  
11786.43913  
11756.41017  
11761.43276  
11761.65533  
11778.21992  
11807.93486  
11889.20724  
11790.3468  
11781.60555  
11836.78945  
11812.83981  
11851.57169  
11824.13239  
11853.15894  
11871.69452  
11887.24141  
11872.11408  
11850.74906  
11889.24721  
11866.29184  
11890.17524  
11937.95995  
11877.51673  
11879.59223  
11853.10139  
11869.5637  
11844.60099  
11842.48132  
11865.59243  
11893.51297  
11876.01088  
11877.38713  
11827.086  
11838.34399  
11918.34584  
11867.10539  
11907.58531  
11841.05125  
11823.71288  
11795.53438  
11725.46192  
11722.43135  
11728.84308  
11900.27817  
11890.05669  
11886.38072  
11873.21718  
11842.40534  
11827.0085  
11921.21805  
11886.61988  
11946.66091  
11903.10128  
11870.22299  
11822.60587  
11827.26118  
11708.53966  
11591.55152  
11683.16769  
11872.49503  
11873.46  
11792.02675  
11818.39735  
11828.37221  
