11722.84929  
11731.66697  
11717.5953  
11685.09944  
11665.61595  
11654.43128  
11710.65613  
11726.56648  
11710.54732  
11704.42971  
11653.37355  
11729.68756  
11862.78528  
11874.02958  
11839.21914  
11735.98796  
11680.20522  
11609.44588  
11592.56749  
11627.43848  
11642.47208  
11659.74748  
11679.18879  
11600.75796  
11606.02524  
11575.45849  
11565.69244  
11624.29366  
11631.28247  
11593.42074  
11568.77296  
11518.94321  
11533.06623  
11554.37112  
11677.51491  
11668.12478  
11662.85391  
11689.46436  
11692.29102  
11838.85918  
11812.38968  
11725.13487  
11731.43307  
11742.69788  
11747.89562  
11735.89664  
11783.58299  
11710.43316  
11761.22694  
11705.94031  
11776.69546  
11751.37221  
11773.25269  
11757.08646  
11735.37547  
11728.54427  
11691.19313  
11706.06437  
11693.6182  
11676.38383  
11717.89945  
11744.92757  
11839.64833  
11787.35828  
11794.9232  
11771.34304  
11741.02732  
11737.43219  
11727.95354  
11691.6432  
11609.74783  
11698.26217  
11792.26361  
11813.79732  
11803.49743  
11729.18126  
11656.94141  
11526.16909  
11473.71502  
11527.3693  
11607.69752  
11586.23005  
11521.33004  
11493.06325  
11492.31845  
11493.37001  
11506.41372  
11566.17581  
11676.65167  
11596.15441  
11623.00984  
11662.50662  
11731.34416  
11754.80067  
11768.94536  
11793.69063  
11772.08885  
11758.82566  
11743.16684  
11702.417  
11730.42815  
11855.18  
11770.185  
11762.43104  
11795.59516  
11756.93232  
11808.66487  
11707.2948  
11640.50157  
11540.79932  
11523.39768  
11639.45665  
11684.35524  
11681.87659  
11714.56578  
11797.22841  
11751.83628  
11744.97357  
11720.09406  
11695.65362  
11649.5753  
11821.0456  
11760.03209  
11729.6878  
11777.49755  
11736.06486  
11626.20507  
11575.42821  
11499.08576  
11507.56196  
11507.26751  
11517.94998  
11525.58519  
11545.63971  
11627.17078  
11684.732  
11700.61656  
11773.31954  
11786.78273  
11810.74589  
11768.72025  
11697.94779  
11731.30596  
11707.80306  
11692.38551  
11647.47268  
11669.66102  
11736.09322  
11755.31677  
11744.75656  
11669.58739  
11697.1166  
11692.93984  
11690.24503  
11713.77712  
11735.94732  
11707.82633  
11665.50536  
11672.73155  
11655.31158  
