11454.65251  
11470.39605  
11459.43627  
11485.38135  
11486.42956  
11453.66338  
11491.6607  
11534.8332  
11500.65848  
11538.42094  
11547.29088  
11517.03426  
11472.28895  
11559.47244  
11541.45421  
11525.95645  
11583.14795  
11490.34886  
11487.56405  
11500.53673  
11483.25008  
11509.17393  
11518.72244  
11460.41166  
11468.57929  
11500.82869  
11402.63976  
11466.05273  
11452.03341  
11448.68795  
11466.75947  
11410.09593  
11441.38979  
11468.12966  
11486.2698  
11485.32702  
11472.60855  
11495.35943  
11466.60986  
11524.18259  
11514.92205  
11546.67215  
11523.75346  
11533.49502  
11519.23592  
11485.30116  
11523.99124  
11524.12186  
11530.81308  
11480.76745  
11499.67768  
11502.03427  
11520.66749  
11496.11701  
11491.92612  
11511.31573  
11475.09781  
11517.59728  
11503.00927  
11505.18103  
11513.06609  
11496.04207  
11532.59869  
11512.41405  
11519.58429  
11516.22067  
11476.7457  
11483.86164  
11513.2488  
11521.25944  
11558.89175  
11482.03167  
11471.419  
11518.63898  
11526.24317  
11532.74595  
11550.95684  
11489.63848  
11451.54721  
11437.46024  
11491.24082  
11447.85198  
11427.69298  
11418.15266  
11415.50673  
11429.96059  
11426.40774  
11410.81718  
11490.48511  
11476.60978  
11465.91659  
11485.94728  
11495.47883  
11491.95319  
11534.96409  
11526.23681  
11508.08348  
11543.39926  
11508.83022  
11489.7072  
11526.90797  
11554.38351  
11473.64495  
11475.00865  
11491.71127  
11461.00836  
11489.78379  
11563.56513  
11449.52057  
11458.73731  
11466.37513  
11507.31116  
11475.63205  
11462.5562  
11502.87508  
11475.09737  
11468.47916  
11516.99357  
11525.99077  
11514.98905  
11540.04926  
11621.73641  
11571.34622  
11450.69513  
11492.55137  
11438.7709  
11468.53175  
11446.60153  
11447.89173  
11450.25238  
11418.28239  
11429.25964  
11434.30661  
11440.05565  
11460.11877  
11461.05173  
11454.06406  
11477.82671  
11480.80303  
11510.19495  
11467.4142  
11491.47537  
11482.95111  
11462.40426  
11497.27906  
11474.9758  
11478.26082  
11537.57618  
11551.5642  
11569.68969  
11515.15562  
11519.32161  
11513.33685  
11493.57495  
11464.4678  
11503.3813  
11491.7712  
11520.49468  
11515.53865  
11495.88962  
