11111.83309  
11090.49537  
11083.16699  
11107.91399  
11104.80388  
11068.40677  
11118.68364  
11163.3118  
11132.51653  
11151.83043  
11180.36246  
11144.42562  
11125.78974  
11181.00024  
11169.24467  
11148.41244  
11166.00478  
11093.48324  
11110.69613  
11098.39231  
11052.89049  
11115.93304  
11101.05871  
11064.19373  
11076.49732  
11080.21129  
11029.25761  
11067.55594  
11056.05457  
11075.67254  
11065.26734  
11017.17273  
11051.57247  
11072.71395  
11092.14791  
11111.29994  
11117.7591  
11131.03384  
11098.1069  
11143.93341  
11156.87415  
11168.0962  
11147.0653  
11133.32281  
11122.86485  
11107.1595  
11148.66898  
11137.68703  
11119.06191  
11114.66354  
11128.16524  
11097.1465  
11135.47717  
11114.22307  
11109.1283  
11101.89389  
11082.00458  
11136.51843  
11105.40674  
11122.03555  
11124.82729  
11140.44794  
11204.09768  
11151.66248  
11162.08807  
11144.14322  
11102.04405  
11136.78949  
11139.83942  
11163.76687  
11179.84872  
11131.3846  
11121.38184  
11170.45209  
11158.83664  
11139.52071  
11141.74154  
11089.64997  
11087.05451  
11043.86941  
11073.49624  
11052.67434  
11076.86328  
11025.47997  
11038.21995  
11047.35107  
11040.64472  
11039.52057  
11071.29842  
11089.017  
11100.61705  
11084.2455  
11110.86982  
11126.85465  
11166.96703  
11141.88878  
11154.56504  
11145.87909  
11117.75464  
11112.62276  
11141.04401  
11152.13899  
11103.93878  
11110.84601  
11128.75303  
11087.88954  
11100.00106  
11186.64867  
11053.9357  
11058.22998  
11089.51898  
11117.28925  
11073.53551  
11079.96799  
11072.71885  
11087.44531  
11107.65585  
11141.21819  
11156.8047  
11123.23247  
11152.37939  
11177.58989  
11210.02393  
11068.06349  
11099.79354  
11060.55224  
11097.08296  
11066.66205  
11060.80269  
11048.53799  
11023.75515  
11038.63037  
11078.89691  
11067.13535  
11091.98784  
11097.14699  
11105.91825  
11111.52728  
11139.38032  
11137.16477  
11101.99088  
11142.45588  
11129.96942  
11107.8395  
11145.44419  
11085.12719  
11103.08567  
11181.62846  
11169.93345  
11154.72858  
11116.95578  
11131.33163  
11089.24715  
11068.81313  
11081.66971  
11141.45081  
11105.4263  
11134.82788  
11137.50158  
11086.72401  
