11862.02641  
11914.52199  
11824.35683  
11905.38693  
11928.07294  
11842.64383  
11916.79388  
11919.11047  
11909.8871  
11958.31624  
11937.53021  
12038.26695  
11924.58159  
12045.06537  
11999.71397  
11990.97005  
12036.21523  
11900.72598  
11902.81094  
11906.89706  
11917.11545  
11919.21196  
11951.22914  
11874.93599  
11886.18326  
11894.90947  
11760.20723  
11821.48273  
11830.09642  
11848.18806  
11842.15779  
11780.44736  
11822.3638  
11806.67328  
11936.69875  
11824.5981  
11889.67241  
11970.84637  
11895.82361  
12006.56491  
11984.47926  
11991.42148  
11905.91425  
11970.19229  
11992.66907  
11895.30643  
11940.02464  
11970.19626  
11939.8105  
11890.01974  
11985.26347  
11939.62541  
11951.78796  
11877.85597  
11914.30365  
11930.37283  
11908.2682  
11911.47308  
11842.48083  
11876.45468  
11942.22514  
11975.04713  
12035.77397  
11954.86122  
12009.78506  
12017.21323  
11923.13968  
11956.41841  
11938.3073  
11990.55984  
11978.18153  
11980.26535  
11880.44583  
12039.38107  
11975.17728  
11995.56599  
12006.14378  
11887.28481  
11896.31532  
11757.82788  
11807.26561  
11787.39732  
11781.40823  
11742.68968  
11762.85701  
11777.6114  
11745.83195  
11735.07677  
11888.06598  
11894.76291  
11877.08144  
11882.44525  
11898.68451  
11921.56567  
11957.24368  
11885.61641  
11939.65288  
12012.88376  
11937.31812  
11940.18234  
11929.63626  
12047.40729  
11872.57651  
11984.32869  
11944.96664  
11899.9863  
12011.94611  
11980.73608  
11897.07549  
11896.20996  
11872.97046  
11915.36659  
11851.94283  
11863.40742  
11918.45979  
11846.79575  
11873.90125  
11995.35672  
12039.95012  
11928.22655  
11958.90817  
12011.26797  
11993.96921  
11930.79027  
11962.43484  
11899.13277  
11956.75284  
11780.6053  
11789.1501  
11823.9483  
11744.7599  
11791.29962  
11799.77402  
11798.11069  
11859.75615  
11830.05986  
11875.41074  
11859.11055  
11898.14973  
11969.74861  
11885.28337  
11945.29346  
11928.36566  
11906.43146  
12001.0963  
11934.18697  
11917.83353  
11965.35178  
11943.38121  
12029.61577  
11930.81462  
11967.23674  
11947.58601  
11841.78453  
11840.48898  
11972.71526  
11876.88539  
11942.39388  
11918.93718  
11946.19299  
