12403.11667  
12357.91902  
12398.05522  
12347.89177  
12317.95676  
12367.98966  
12450.71238  
12411.99911  
12434.66214  
12374.46351  
12368.5523  
12510.00427  
12396.00938  
12402.09001  
12350.75549  
12364.2137  
12333.62136  
12162.04434  
12223.40374  
12250.31656  
12312.96838  
12337.98695  
12299.01537  
12254.23071  
12321.73537  
12261.20281  
12212.16765  
12251.53516  
12289.9729  
12244.98061  
12211.72739  
12229.96445  
12252.21623  
12305.01866  
12355.5926  
12373.3636  
12329.14905  
12353.94639  
12378.88733  
12472.44909  
12517.73168  
12467.94731  
12373.4836  
12340.31436  
12350.45266  
12334.93834  
12351.16384  
12393.12052  
12347.29205  
12309.8208  
12322.99006  
12406.96433  
12394.94679  
12412.70303  
12352.1186  
12351.51773  
12320.92172  
12290.14549  
12359.42627  
12395.73087  
12457.84001  
12522.19117  
12516.73916  
12460.8662  
12387.33965  
12357.11506  
12394.47833  
12354.62193  
12371.99491  
12329.55706  
12384.54709  
12496.85403  
12387.12814  
12380.93014  
12285.21263  
12311.89322  
12333.58641  
12363.00849  
12198.91695  
12180.66227  
12157.76593  
12225.29588  
12218.98437  
12214.35873  
12214.20696  
12185.89581  
12155.29831  
12244.8555  
12355.71043  
12327.80012  
12299.24173  
12306.17916  
12337.94151  
12328.59065  
12401.41735  
12441.74725  
12413.23379  
12379.79866  
12310.48477  
12367.58664  
12423.41937  
12397.63451  
12323.43782  
12310.20272  
12332.39486  
12358.37633  
12498.03314  
12436.70085  
12311.40826  
12305.70699  
12350.17547  
12400.9522  
12421.88255  
12378.20571  
12362.10616  
12421.85576  
12498.56717  
12524.59826  
12498.48452  
12406.34427  
12401.69903  
12477.75514  
12509.85197  
12326.07494  
12351.73965  
12281.37212  
12182.62318  
12205.59259  
12202.7794  
12154.34234  
12202.26147  
12175.48198  
12190.45595  
12173.3726  
12257.57573  
12335.50254  
12411.25507  
12439.42758  
12412.54454  
12321.4087  
12364.16275  
12349.35292  
12362.16537  
12354.36222  
12351.12006  
12398.16055  
12402.58692  
12436.37618  
12493.32227  
12491.8035  
12421.54627  
12287.16427  
12232.81982  
12232.17108  
12290.40825  
12415.75278  
12512.03063  
12441.85102  
12296.6587  
12216.49623  
