11292.64502  
11290.86493  
11281.62125  
11307.00015  
11306.08325  
11271.60119  
11315.4015  
11359.2619  
11326.68422  
11355.72838  
11373.89011  
11340.94916  
11308.54249  
11380.61638  
11365.55772  
11347.53903  
11386.017  
11302.80055  
11309.46613  
11310.49379  
11279.8734  
11323.33857  
11321.34548  
11273.16943  
11283.29161  
11302.05591  
11226.18912  
11277.73357  
11264.90417  
11272.41063  
11277.02479  
11224.4107  
11257.17232  
11281.26654  
11300.01811  
11308.57161  
11304.91598  
11323.18869  
11292.465  
11344.48678  
11345.71798  
11367.76706  
11345.74049  
11344.3841  
11331.92132  
11306.60131  
11346.62376  
11341.50287  
11336.23025  
11307.75632  
11324.11062  
11310.6949  
11338.63662  
11315.64392  
11311.02589  
11317.83368  
11289.33223  
11337.50939  
11315.11272  
11324.1165  
11329.59459  
11327.99759  
11377.35771  
11341.9323  
11350.64093  
11340.3866  
11299.6715  
11319.84442  
11336.78529  
11352.3178  
11379.76593  
11316.32504  
11306.0006  
11354.09496  
11352.61646  
11346.91799  
11357.57239  
11300.61437  
11279.2975  
11251.45951  
11293.82566  
11261.10136  
11261.90004  
11232.58582  
11237.21087  
11249.14934  
11244.10623  
11235.35211  
11292.38845  
11293.44357  
11293.28558  
11296.11353  
11313.72267  
11319.41717  
11361.05831  
11344.60399  
11341.01991  
11355.54163  
11324.01813  
11311.50696  
11344.55875  
11364.29327  
11298.93149  
11302.91491  
11320.1867  
11284.68217  
11305.58267  
11385.44427  
11262.57751  
11269.46802  
11288.28277  
11322.99701  
11285.61174  
11281.75502  
11299.5945  
11291.90315  
11297.9635  
11339.41196  
11351.52309  
11329.85513  
11356.84662  
11411.84438  
11400.59476  
11269.87342  
11306.94429  
11260.03465  
11292.99477  
11267.05207  
11264.96358  
11260.41267  
11231.83914  
11244.65847  
11266.34928  
11263.82327  
11286.14972  
11289.07987  
11289.53946  
11304.72318  
11319.45559  
11333.91065  
11294.7247  
11326.53789  
11316.1412  
11294.84623  
11331.0111  
11290.74355  
11300.96286  
11369.3646  
11371.21549  
11373.58992  
11326.97679  
11335.9677  
11312.92315  
11292.84363  
11283.56744  
11332.34242  
11309.19471  
11338.23864  
11336.88822  
11302.52865  
