11626.75221  
11608.14892  
11616.53767  
11604.59886  
11636.32344  
11576.68488  
11657.68832  
11673.18869  
11669.02781  
11637.79963  
11605.16095  
11753.02092  
11734.12295  
11746.49129  
11767.68679  
11700.54413  
11661.38964  
11622.4393  
11624.62438  
11639.12039  
11617.01858  
11647.26371  
11686.26795  
11645.61081  
11607.63694  
11596.83819  
11552.1423  
11596.41156  
11595.13153  
11608.31332  
11576.29483  
11527.96507  
11547.84163  
11616.54633  
11651.21769  
11658.33744  
11621.00543  
11646.06895  
11629.6158  
11717.11352  
11691.51363  
11685.02849  
11657.45171  
11625.49163  
11679.68272  
11647.22051  
11681.66324  
11673.24573  
11625.78339  
11630.39306  
11662.26746  
11681.06276  
11679.65233  
11684.80664  
11636.88156  
11622.97556  
11608.64935  
11637.29829  
11585.75841  
11600.91176  
11656.04991  
11628.32997  
11694.14378  
11684.85939  
11712.27706  
11668.99636  
11622.29089  
11654.79876  
11633.84261  
11632.37518  
11616.15413  
11742.44129  
11694.00228  
11784.51361  
11736.19476  
11705.55946  
11613.10972  
11577.90288  
11534.01833  
11556.82852  
11587.30493  
11615.15782  
11619.64334  
11535.14582  
11499.78195  
11559.40617  
11550.15823  
11553.09812  
11626.46557  
11593.46031  
11604.73646  
11639.7288  
11646.31215  
11660.49436  
11710.6423  
11674.04597  
11676.58514  
11678.34472  
11639.82052  
11590.78749  
11653.11526  
11736.56445  
11658.48005  
11662.04038  
11704.02196  
11684.56217  
11670.45518  
11652.39859  
11651.24269  
11591.23107  
11558.52367  
11627.72553  
11629.05328  
11613.15185  
11620.23305  
11648.14421  
11669.27984  
11710.44544  
11688.34606  
11679.04381  
11640.43514  
11818.09633  
11672.76424  
11564.33216  
11732.40449  
11651.76186  
11612.59728  
11585.9622  
11528.98038  
11537.90591  
11512.51441  
11563.10354  
11568.77996  
11581.8463  
11694.13032  
11685.58555  
11675.61386  
11670.94443  
11643.56417  
11669.41259  
11608.26925  
11637.05707  
11661.62016  
11676.34093  
11700.60561  
11636.68724  
11660.45592  
11688.38527  
11712.14358  
11672.11971  
11651.89875  
11611.74771  
11600.75314  
11610.05318  
11618.52453  
11704.86337  
11679.20758  
11679.89062  
11625.13282  
11581.3339  
