11636.8557  
11653.9297  
11744.65955  
11819.63839  
11890.02058  
11860.32502  
11894.67902  
11895.91183  
11790.77344  
11776.71396  
11813.75862  
11853.6162  
11889.4041  
11941.86766  
11920.57424  
11833.17418  
11802.85369  
11751.79836  
11787.39741  
11739.14063  
11686.11095  
11694.60577  
11669.92777  
11721.2998  
11749.26624  
11718.60048  
11792.67599  
11742.7443  
11654.02412  
11694.14405  
11756.06754  
11790.16502  
11769.00284  
11810.10474  
11896.10889  
11822.03004  
11850.28262  
11869.49745  
11896.77436  
11899.24687  
11893.89456  
11869.29478  
11869.89515  
11833.09217  
11868.66865  
11817.31087  
11794.66458  
11797.63203  
11830.44545  
11822.09882  
11773.34422  
11791.8392  
11806.25423  
11838.16947  
11800.82586  
11846.22255  
11858.21854  
11820.98698  
11762.88202  
11650.15349  
11597.75193  
11662.38305  
11697.5043  
11732.84259  
11832.39508  
11836.92785  
11758.30409  
11758.19679  
11819.30105  
11753.84645  
11715.85984  
11674.2098  
11643.4676  
11711.79361  
11688.26283  
11692.86369  
11717.76477  
11822.89037  
11878.34284  
11840.53589  
11831.76505  
11887.19442  
11887.05693  
11800.17597  
11821.64859  
11819.13062  
11823.53635  
11780.66435  
11727.51888  
11751.79355  
11708.38505  
11746.52622  
11723.65644  
11678.73964  
11687.04887  
11775.18651  
11799.93768  
11861.9479  
11866.80691  
11782.65085  
11778.59759  
11852.08657  
11881.71014  
11889.45647  
11837.50466  
11775.63168  
11769.63415  
11767.69823  
11782.01967  
11828.63  
11798.95061  
11777.70386  
11832.38217  
11812.34764  
11833.88584  
11834.3866  
11857.49213  
11818.98012  
11876.93574  
11906.75334  
11907.65509  
11870.66307  
11817.51127  
11805.18361  
11851.69439  
11847.76293  
11826.95193  
11792.95708  
11856.50063  
11894.93736  
11839.92366  
11803.39741  
11828.51312  
11869.02677  
11776.8354  
11783.78757  
11759.85393  
11716.57303  
11724.4223  
11767.15506  
11740.55855  
11773.67956  
11780.90939  
11792.27737  
11779.9837  
11764.08257  
11689.98264  
11711.33327  
11776.09307  
11771.53065  
11809.18541  
11820.35279  
11875.89035  
11946.25841  
11863.7633  
11781.29463  
11766.03611  
11753.69388  
11807.7208  
11806.27388  
