10854.0689  
10885.7395  
10915.83175  
10943.3392  
10963.73037  
10918.46487  
10919.1787  
10910.48005  
10908.99228  
10906.75265  
10919.58432  
10916.1288  
10933.84964  
10940.40784  
10994.4508  
10912.61109  
10907.3194  
10934.08386  
10941.88995  
10918.99698  
10933.77942  
10894.46915  
10890.5682  
10892.85327  
10923.44942  
10917.72295  
10905.13384  
10902.04418  
10934.15884  
10884.25944  
10878.88324  
10881.79685  
10937.61455  
10961.78373  
10947.23794  
10956.31152  
10936.85134  
10916.4112  
10928.55199  
10930.87988  
10948.1086  
10916.77799  
10931.00852  
10923.03859  
10930.10963  
10903.38578  
10915.66996  
10885.41174  
10932.41233  
10922.2909  
10950.20291  
10920.00664  
10932.45132  
10918.33181  
10936.61617  
10902.51424  
10879.91026  
10901.82629  
10897.9118  
10868.0478  
10890.55108  
10887.65521  
10869.30883  
10879.15  
10908.30589  
10913.86666  
10924.03037  
10898.13547  
10890.91483  
10928.14327  
10908.77491  
10898.68534  
10915.2313  
10898.16505  
10916.71932  
10895.51378  
10915.06865  
10913.50813  
10929.51097  
10946.1408  
10905.09509  
10921.53734  
10947.85176  
10934.74966  
10907.27878  
10925.53585  
10918.2409  
10938.63873  
10926.84185  
10902.56016  
10906.66929  
10927.52619  
10931.68355  
10953.50331  
10887.32117  
10890.22317  
10934.76341  
10924.05357  
10918.55875  
10933.99184  
10958.72231  
10916.60154  
10925.41162  
10931.47599  
10910.60274  
10888.7594  
10931.73249  
10942.11435  
10923.75968  
10887.36305  
10914.06822  
10921.59871  
10896.69689  
10957.56765  
10966.46613  
10953.26667  
10914.5359  
10940.5673  
10920.93815  
10905.43781  
10936.62798  
10916.76207  
10888.51901  
10911.55557  
10897.99245  
10910.07495  
10930.12374  
10929.67169  
10943.2676  
10958.79484  
10948.86277  
10948.91641  
10904.03921  
10903.41032  
10920.66098  
10923.11959  
10904.94687  
10889.43393  
10895.49523  
10925.46571  
10914.22038  
10902.63185  
10917.63447  
10926.0353  
10902.93035  
10916.24597  
10913.72198  
10878.006  
10896.35399  
10921.79823  
10925.0346  
10939.73933  
10957.04767  
10933.97848  
10931.68446  
10934.14014  
10927.6475  
10906.90485  
10905.59524  
10910.5679  
