11338.91086  
11377.07302  
11388.48668  
11397.86741  
11345.08852  
11305.5899  
11332.16432  
11350.28462  
11369.85475  
11296.58686  
11303.93365  
11329.21217  
11387.12579  
11491.7064  
11447.22137  
11455.6845  
11471.33268  
11425.56725  
11389.39999  
11461.79184  
11402.13298  
11374.78812  
11356.4433  
11332.6267  
11340.82573  
11332.75945  
11342.59823  
11389.79883  
11349.28969  
11349.49816  
11337.10547  
11381.19846  
11362.51761  
11378.01732  
11364.67608  
11364.87916  
11354.27117  
11381.90343  
11375.13847  
11432.63296  
11437.2196  
11440.49261  
11397.33142  
11402.11839  
11396.11289  
11466.51697  
11388.23861  
11432.98347  
11424.074  
11417.17289  
11414.76364  
11384.10735  
11395.65192  
11371.62983  
11358.34642  
11415.28654  
11336.29501  
11358.96221  
11401.65791  
11371.90822  
11335.4321  
11275.25302  
11329.7341  
11295.56136  
11305.24974  
11356.11442  
11367.94002  
11325.22914  
11338.76024  
11341.75415  
11303.36652  
11308.7221  
11313.14965  
11281.48517  
11349.7479  
11311.91764  
11307.44071  
11347.84508  
11450.35219  
11374.57339  
11334.93267  
11376.96499  
11407.54229  
11356.04588  
11435.87721  
11367.96322  
11378.15341  
11462.76966  
11401.37714  
11355.54514  
11379.66703  
11329.53604  
11338.79804  
11341.59659  
11370.31421  
11318.51069  
11345.05795  
11314.06897  
11374.47085  
11340.21173  
11407.55401  
11419.01773  
11370.29465  
11366.82477  
11333.5267  
11448.62406  
11359.80592  
11358.08363  
11343.34786  
11423.43787  
11391.90164  
11383.6451  
11420.01266  
11442.79927  
11390.29654  
11417.55216  
11374.69115  
11354.10934  
11368.33255  
11423.2353  
11412.37959  
11360.53796  
11404.73185  
11339.34476  
11336.63307  
11389.48742  
11334.90973  
11351.64551  
11429.53949  
11460.43901  
11525.95233  
11431.82122  
11361.23894  
11321.98443  
11424.16565  
11339.3366  
11368.61791  
11329.91415  
11384.11606  
11299.1398  
11355.88421  
11387.36212  
11351.4778  
11295.33179  
11291.92132  
11403.20115  
11306.09336  
11360.49103  
11401.64573  
11350.50407  
11318.70559  
11365.07958  
11354.8982  
11377.3052  
11438.30585  
11458.11081  
11391.214  
11366.99327  
11336.00636  
11468.29225  
