10139.24777  
10165.67602  
10146.85429  
10173.77445  
10139.5631  
10188.67847  
10156.70149  
10171.13243  
10178.45255  
10157.66057  
10159.52196  
10174.09036  
10248.4218  
10254.90731  
10238.76078  
10233.73416  
10238.80443  
10197.69729  
10167.0052  
10212.69563  
10173.37853  
10126.72768  
10158.421  
10127.83044  
10132.29634  
10115.51074  
10191.37285  
10159.02505  
10099.18893  
10122.62313  
10176.78274  
10173.24988  
10194.11986  
10168.15527  
10182.55259  
10135.88058  
10164.9603  
10198.45669  
10197.74464  
10180.77659  
10257.44806  
10219.07294  
10198.8345  
10234.21134  
10230.04215  
10194.05299  
10187.79327  
10184.83032  
10159.75682  
10167.71917  
10169.84134  
10164.89864  
10164.95348  
10209.00666  
10167.73762  
10174.15485  
10208.71682  
10200.52722  
10178.92166  
10178.17722  
10104.89963  
10105.11258  
10128.21156  
10182.89383  
10195.29941  
10183.90464  
10142.10993  
10110.90894  
10167.08664  
10155.60451  
10111.58197  
10163.46431  
10109.98087  
10122.42357  
10156.82408  
10156.50713  
10149.34907  
10219.51638  
10179.42582  
10197.75741  
10201.61543  
10216.19996  
10215.95506  
10148.29006  
10181.78617  
10142.16313  
10148.26726  
10175.33498  
10131.20464  
10160.14064  
10164.20592  
10174.82368  
10166.15254  
10145.93188  
10175.65497  
10187.53462  
10165.69091  
10159.04022  
10201.88716  
10142.18997  
10148.86806  
10175.59534  
10163.37883  
10199.60208  
10178.11926  
10185.26626  
10149.10126  
10151.49719  
10229.05327  
10202.79486  
10187.20695  
10150.54177  
10204.16877  
10188.03314  
10185.94613  
10158.04646  
10128.86792  
10188.57641  
10210.20871  
10250.21692  
10205.22575  
10190.99121  
10190.22754  
10198.54155  
10213.12279  
10222.4765  
10204.3629  
10170.1543  
10191.34951  
10222.1523  
10180.06718  
10159.11597  
10189.04018  
10175.03846  
10189.64172  
10166.10656  
10136.70968  
10104.46584  
10167.40424  
10158.64328  
10133.81445  
10183.70972  
10142.85943  
10146.3818  
10122.84295  
10163.70147  
10147.58705  
10167.46433  
10184.80517  
10200.97752  
10189.61994  
10189.53342  
10221.54297  
10236.08008  
10190.54241  
10197.874  
10154.46427  
10146.7032  
10159.34092  
10202.99627  
