10842.24159  
10856.71648  
10871.96976  
10849.92478  
10818.53831  
10843.90023  
10839.54606  
10833.00921  
10841.38551  
10834.49296  
10838.73627  
10836.84005  
10884.49449  
10910.24989  
10880.03608  
10883.39726  
10893.9355  
10860.50991  
10841.96984  
10893.15042  
10867.82218  
10821.99645  
10838.01843  
10820.83741  
10829.12158  
10825.36135  
10848.49323  
10845.77259  
10844.51641  
10821.74778  
10834.58366  
10851.07837  
10841.39483  
10842.57556  
10865.44422  
10859.44595  
10865.23849  
10851.84367  
10861.4057  
10866.18804  
10873.49096  
10870.7531  
10846.74337  
10883.56222  
10872.26179  
10866.20375  
10853.10353  
10857.13222  
10862.07891  
10837.82493  
10859.73655  
10856.72499  
10852.72039  
10853.9425  
10879.03015  
10892.31306  
10864.77035  
10846.41638  
10850.63457  
10876.51746  
10842.4257  
10817.13793  
10812.42085  
10835.99552  
10855.08044  
10874.50633  
10873.38463  
10826.51461  
10835.43278  
10824.0077  
10811.57457  
10834.18644  
10825.21456  
10815.52967  
10842.90578  
10831.21104  
10829.28416  
10835.12769  
10852.98503  
10852.51413  
10853.40079  
10838.48326  
10856.51072  
10875.91441  
10877.53145  
10841.3658  
10849.14609  
10843.47561  
10834.90817  
10833.63065  
10843.14281  
10838.79147  
10876.57799  
10857.02773  
10836.16269  
10839.35809  
10837.56099  
10814.76887  
10834.29199  
10840.74498  
10835.01838  
10867.56801  
10851.47107  
10847.25818  
10857.72777  
10893.84427  
10843.77449  
10832.82776  
10855.6234  
10881.82705  
10860.71455  
10842.867  
10844.36606  
10860.99059  
10850.29463  
10864.7626  
10828.48879  
10851.48793  
10856.58949  
10872.04839  
10859.96022  
10841.89693  
10866.23431  
10862.02051  
10853.96934  
10853.8453  
10868.31255  
10878.26279  
10896.57833  
10896.54759  
10884.51649  
10875.87194  
10860.04533  
10844.57288  
10869.89001  
10839.99356  
10813.95785  
10815.30209  
10824.64491  
10801.01032  
10833.39285  
10861.6016  
10845.71321  
10831.84116  
10827.44383  
10851.66152  
10849.2864  
10860.45136  
10860.20488  
10854.57563  
10855.44009  
10861.41248  
10867.85672  
10864.49339  
10878.50233  
10865.21331  
10856.34443  
10823.81703  
10826.47282  
10873.24989  
