10600.61616  
10645.80954  
10620.00945  
10645.85147  
10626.66179  
10623.08581  
10603.55204  
10593.75074  
10625.48674  
10607.80686  
10613.86373  
10618.84032  
10641.6242  
10688.90379  
10656.50582  
10665.23103  
10646.95457  
10644.43285  
10619.80518  
10647.66243  
10635.10764  
10593.67123  
10603.77065  
10585.60542  
10615.78808  
10599.85648  
10614.37488  
10618.62785  
10606.016  
10609.16122  
10622.13457  
10621.97704  
10619.82238  
10621.23431  
10619.70512  
10617.50905  
10649.1286  
10631.11219  
10619.84154  
10647.84612  
10656.88648  
10654.86822  
10637.8755  
10664.84374  
10633.27252  
10653.68652  
10636.91163  
10635.63845  
10632.91398  
10620.19858  
10619.57277  
10624.59187  
10634.27361  
10641.6966  
10640.5829  
10637.84717  
10632.61984  
10614.94806  
10630.03396  
10632.28276  
10603.43578  
10594.5065  
10575.42749  
10617.17574  
10633.44794  
10617.43348  
10644.60953  
10600.0565  
10627.07999  
10614.3658  
10601.04661  
10581.08325  
10625.31417  
10595.46796  
10603.09569  
10600.6708  
10602.173  
10637.61182  
10637.54421  
10631.37435  
10612.1908  
10612.10716  
10638.1265  
10628.47875  
10617.45557  
10614.03971  
10626.89357  
10633.76124  
10618.14535  
10607.33137  
10615.99231  
10627.10342  
10626.02882  
10627.68502  
10646.60514  
10616.12323  
10606.4526  
10608.81611  
10618.05953  
10631.69949  
10628.89053  
10631.72241  
10626.78326  
10640.44448  
10641.87423  
10631.03202  
10615.56728  
10607.51746  
10631.8815  
10646.6606  
10651.65101  
10612.94992  
10606.03266  
10661.50247  
10640.35386  
10646.134  
10591.46111  
10629.1222  
10618.66721  
10625.84355  
10644.57044  
10645.24821  
10642.46757  
10637.12357  
10619.53949  
10633.68359  
10646.67639  
10638.54122  
10639.06461  
10636.53588  
10651.46971  
10646.61278  
10632.71274  
10609.41157  
10635.43612  
10634.10522  
10620.62097  
10593.94863  
10600.58243  
10595.98075  
10615.67293  
10632.86178  
10612.78856  
10615.71331  
10604.80753  
10614.4457  
10626.43557  
10638.39864  
10612.34453  
10623.24819  
10632.61036  
10628.93937  
10634.80074  
10627.32887  
10624.25547  
10633.27567  
10617.62372  
10621.95588  
10625.91989  
10668.98798  
