10746.62671  
10756.34431  
10786.51523  
10749.84751  
10740.1543  
10719.10828  
10760.15588  
10793.64902  
10779.01875  
10797.75015  
10718.6124  
10752.9282  
10853.5925  
10881.31797  
10789.597  
10773.66965  
10837.37725  
10759.85527  
10734.75784  
10854.62629  
10778.05496  
10720.28953  
10699.65022  
10728.86792  
10708.54602  
10737.42439  
10755.79553  
10735.04993  
10730.21624  
10705.33555  
10744.91321  
10807.79077  
10739.98035  
10757.93445  
10821.59944  
10797.11499  
10783.33535  
10773.17168  
10838.98596  
10843.01113  
10837.55457  
10832.55491  
10785.6147  
10767.52041  
10829.09133  
10830.80479  
10758.82021  
10772.84209  
10741.56003  
10733.3592  
10759.08606  
10776.50605  
10783.61179  
10758.73342  
10751.02371  
10746.62625  
10783.60488  
10738.53462  
10776.62104  
10765.96758  
10685.74692  
10652.08284  
10695.91909  
10750.64795  
10829.28923  
10818.63618  
10772.19731  
10739.48953  
10739.9478  
10726.80542  
10749.04487  
10761.04438  
10718.87659  
10725.03477  
10764.66421  
10732.55984  
10741.62966  
10779.59758  
10782.26841  
10770.43547  
10814.85359  
10829.30667  
10775.4771  
10754.56687  
10816.61123  
10736.27388  
10723.05264  
10782.92458  
10748.11274  
10724.44451  
10760.40925  
10759.38271  
10760.84128  
10718.4915  
10739.66118  
10743.40923  
10724.66516  
10732.48611  
10803.84285  
10739.7136  
10752.86946  
10798.32644  
10781.00864  
10774.84209  
10750.13887  
10809.43579  
10763.24436  
10766.34043  
10805.21987  
10823.67832  
10763.45237  
10735.82876  
10770.1103  
10764.07024  
10763.4877  
10732.52495  
10761.02952  
10813.10317  
10848.41528  
10853.22341  
10809.7698  
10793.62681  
10814.33623  
10798.47676  
10848.7947  
10836.85012  
10852.94785  
10756.53521  
10835.58994  
10855.71848  
10812.50767  
10755.66606  
10736.92017  
10728.22366  
10764.91072  
10747.48364  
10715.57568  
10656.06921  
10739.24185  
10714.73242  
10716.00947  
10763.01711  
10763.25054  
10724.75522  
10713.3175  
10773.73369  
10762.97756  
10764.9021  
10833.69438  
10789.29119  
10813.2552  
10856.68486  
10789.60635  
10809.89275  
10829.62195  
10774.32571  
10713.87012  
10704.57939  
10702.86533  
10807.29617  
