11372.93383  
11416.93971  
11424.44761  
11430.87357  
11384.6128  
11367.64869  
11387.72637  
11388.7575  
11424.37126  
11365.17542  
11376.12518  
11364.35199  
11436.65737  
11521.38664  
11503.21799  
11517.25391  
11505.27611  
11483.51135  
11423.32316  
11476.97385  
11447.73605  
11412.36178  
11387.0519  
11367.23362  
11387.26638  
11360.5085  
11384.21231  
11437.92253  
11411.78493  
11413.47883  
11390.67283  
11429.2344  
11438.38325  
11417.0994  
11416.72287  
11426.79177  
11412.91007  
11424.75309  
11404.16423  
11475.93977  
11478.94468  
11471.62941  
11418.98157  
11440.39152  
11427.63686  
11495.47747  
11425.36557  
11468.20381  
11467.78425  
11461.83609  
11470.37957  
11449.20937  
11441.7911  
11427.09363  
11423.12995  
11487.00326  
11398.49671  
11430.15709  
11449.83046  
11448.55345  
11380.84828  
11338.7834  
11364.85518  
11324.56051  
11334.90131  
11385.98439  
11423.40098  
11380.97046  
11388.26009  
11384.86385  
11372.87273  
11363.31324  
11361.16897  
11354.50361  
11389.71181  
11354.90175  
11366.1961  
11392.38709  
11453.87649  
11417.71363  
11391.60014  
11425.17032  
11442.18069  
11423.10038  
11472.012  
11407.82641  
11427.51032  
11487.82894  
11454.73082  
11401.08556  
11402.65824  
11377.43163  
11391.446  
11383.18019  
11403.5749  
11371.08324  
11401.30516  
11357.96733  
11403.83611  
11391.7676  
11440.01374  
11473.88057  
11425.66865  
11399.91528  
11384.7267  
11473.76001  
11406.10906  
11400.07506  
11404.6839  
11454.37257  
11440.89449  
11429.58505  
11451.66529  
11484.22277  
11457.28836  
11463.50295  
11409.30098  
11407.39576  
11411.93589  
11452.1102  
11445.44958  
11400.51621  
11436.87337  
11399.49948  
11390.44255  
11437.62958  
11393.87679  
11414.45079  
11474.35413  
11500.72549  
11561.89232  
11499.93954  
11426.71979  
11375.83109  
11448.13723  
11392.72418  
11394.07744  
11375.61381  
11416.33946  
11347.878  
11391.2588  
11413.9099  
11406.77109  
11357.42625  
11355.88473  
11410.13669  
11358.80492  
11411.84497  
11425.77103  
11405.31257  
11378.89327  
11400.91865  
11415.74688  
11427.11526  
11452.32522  
11492.68972  
11444.47986  
11439.44743  
11410.57303  
11478.7861  
