11333.35763  
11286.99653  
11139.49391  
11175.54175  
11136.3306  
11236.64174  
11275.30615  
11400.24942  
11345.5444  
11318.18687  
11361.73652  
11386.05298  
11353.57382  
11402.72498  
11382.46204  
11430.00096  
11438.2932  
11432.17683  
11386.00783  
11321.05688  
11352.39863  
11374.32066  
11339.06267  
11359.20476  
11404.19765  
11458.65632  
11415.65391  
11376.68685  
11387.80362  
11279.04386  
11280.33228  
11299.25424  
11277.0211  
11284.90261  
11322.4308  
11469.59171  
11458.52766  
11322.8787  
11424.27173  
11422.90241  
11381.58283  
11266.64014  
11316.2173  
11331.3675  
11338.4341  
11320.7244  
11330.8983  
11318.50783  
11304.31039  
11380.16739  
11455.45592  
11388.95497  
11368.90791  
11396.42777  
11423.92887  
11390.52482  
11323.11335  
11348.39716  
11391.55493  
11309.85275  
11373.37088  
11317.87783  
11391.81445  
11427.15876  
11451.05408  
11411.02187  
11342.49322  
11436.91647  
11233.90771  
11298.70759  
11156.12694  
11208.5542  
11161.54185  
11168.28022  
11142.22967  
11249.62008  
11215.79827  
11197.85547  
11281.61482  
11292.07127  
11247.00762  
11269.65473  
11333.05003  
11354.58962  
11325.10078  
11327.11792  
11340.03809  
11319.90709  
11381.91375  
11375.94374  
11424.5464  
11482.61035  
11415.56953  
11362.26193  
11290.6145  
11288.34832  
11285.56419  
11258.02956  
11406.51432  
11484.28287  
11420.53564  
11368.29396  
11408.58902  
11389.35781  
11384.76219  
11333.50963  
11497.91732  
11480.23802  
11376.59012  
11295.99777  
11253.31557  
11131.5046  
11144.07943  
11205.68495  
11257.63014  
11337.52351  
11375.37816  
11413.32139  
11382.79991  
11383.43384  
11388.35413  
11348.0595  
11429.40723  
11376.15604  
11309.54567  
11392.07193  
11279.10789  
11275.13747  
11162.28027  
11109.47911  
11176.61136  
11266.09277  
11336.50633  
11299.89385  
11266.01045  
11241.37343  
11230.82694  
11252.51437  
11194.67749  
11280.13994  
11352.37209  
11474.44116  
11474.58472  
11414.03019  
11401.59164  
11419.36818  
11386.47405  
11355.76078  
11361.11501  
11307.65074  
11341.34429  
11350.25042  
11346.14832  
11359.59724  
11425.56574  
11378.66387  
11311.66572  
11172.62088  
11210.34138  
11309.80774  
