11371.37687  
11380.27835  
11354.6356  
11344.34884  
11368.83439  
11396.33105  
11410.52783  
11413.47543  
11396.73527  
11452.10592  
11436.04693  
11458.10246  
11457.22045  
11452.17996  
11466.9826  
11414.26117  
11450.71509  
11414.99002  
11416.59755  
11411.14531  
11431.35454  
11427.89328  
11403.91443  
11424.27584  
11448.67688  
11462.07574  
11445.33158  
11419.7322  
11430.69577  
11371.17419  
11377.47202  
11402.06311  
11393.42581  
11411.48648  
11447.418  
11526.03169  
11462.58099  
11415.57017  
11440.72998  
11453.21671  
11426.79844  
11396.59656  
11408.93359  
11407.83709  
11414.92367  
11405.3968  
11398.37509  
11405.43406  
11429.15688  
11439.81883  
11442.54471  
11437.63777  
11432.62392  
11401.99046  
11443.99652  
11430.87196  
11422.07925  
11443.61447  
11432.01686  
11403.28234  
11413.87077  
11416.25529  
11456.02357  
11456.44188  
11472.51856  
11518.97284  
11368.09251  
11370.9509  
11343.28817  
11355.54045  
11371.82653  
11398.22472  
11346.89772  
11383.28672  
11365.77749  
11374.5096  
11375.18504  
11381.72135  
11432.32698  
11404.03804  
11388.95688  
11409.22614  
11433.40104  
11425.66913  
11406.47214  
11409.73464  
11406.00112  
11400.61238  
11437.466  
11460.34263  
11472.36464  
11465.94381  
11443.97866  
11412.97214  
11424.03385  
11431.89594  
11407.25146  
11404.61638  
11442.02105  
11469.1855  
11492.29762  
11454.08824  
11466.94321  
11446.30981  
11457.74049  
11394.33284  
11436.11057  
11502.70918  
11408.76617  
11388.58127  
11406.67305  
11388.55645  
11367.65824  
11377.62183  
11387.77089  
11450.54709  
11421.40116  
11427.88052  
11438.34903  
11453.89133  
11420.61623  
11382.92744  
11416.76558  
11389.56694  
11362.38856  
11451.10119  
11381.38759  
11371.80724  
11346.9369  
11333.41773  
11328.3648  
11464.35924  
11396.07734  
11399.33702  
11355.94882  
11387.44975  
11392.18188  
11398.55816  
11360.4607  
11408.19925  
11443.28345  
11483.47973  
11465.2484  
11462.66366  
11441.35191  
11437.57979  
11446.59414  
11442.04467  
11424.56246  
11414.30513  
11410.53782  
11392.69835  
11444.10522  
11433.48357  
11426.12719  
11404.36777  
11397.55237  
11375.22062  
11367.60596  
11417.64857  
