11409.39007  
11374.46129  
11267.43247  
11272.6303  
11289.43117  
11367.71587  
11387.99988  
11468.38874  
11419.39017  
11432.2955  
11460.80661  
11491.56091  
11485.55022  
11499.19225  
11466.25717  
11489.61688  
11525.19103  
11511.67973  
11469.54351  
11416.02935  
11446.28219  
11472.27469  
11418.1928  
11440.14103  
11507.37572  
11531.94462  
11472.85017  
11463.57527  
11491.86861  
11386.12011  
11394.1891  
11427.8094  
11395.54171  
11403.86059  
11440.51463  
11548.40857  
11542.05282  
11428.41085  
11495.37255  
11486.55834  
11454.40542  
11351.41169  
11387.30682  
11394.89508  
11435.28183  
11413.74222  
11417.24567  
11404.59171  
11395.35468  
11472.7075  
11507.43195  
11462.24492  
11450.32174  
11474.74491  
11480.30731  
11447.2449  
11409.08341  
11443.75063  
11457.79602  
11428.08699  
11454.04707  
11421.80227  
11489.43032  
11472.31464  
11519.57786  
11548.04553  
11388.07387  
11459.25991  
11337.47758  
11395.44744  
11344.76966  
11315.66543  
11277.3024  
11301.22955  
11294.43126  
11383.03822  
11349.29944  
11352.43826  
11424.65507  
11421.52254  
11373.57898  
11402.40842  
11465.66595  
11461.10343  
11433.14928  
11442.11178  
11469.09125  
11449.56529  
11491.156  
11499.8969  
11511.63105  
11561.76069  
11510.63359  
11473.54414  
11443.42782  
11418.74079  
11422.41962  
11418.1933  
11520.19534  
11553.34641  
11492.19763  
11449.72838  
11467.81221  
11462.41382  
11484.49  
11433.68441  
11560.70671  
11519.05877  
11424.89986  
11380.7631  
11360.85488  
11242.28172  
11278.90448  
11308.94477  
11353.78687  
11433.91196  
11464.39863  
11489.40063  
11462.66536  
11474.87409  
11502.2031  
11467.32287  
11471.45113  
11399.94935  
11395.7054  
11464.00646  
11390.18171  
11380.86142  
11284.29735  
11243.1678  
11266.2075  
11369.96314  
11419.4548  
11366.93884  
11349.67213  
11339.59064  
11354.33548  
11374.90256  
11348.62878  
11436.1917  
11515.24271  
11570.88926  
11547.17023  
11495.26672  
11504.9134  
11512.35473  
11459.85081  
11443.45322  
11434.18289  
11408.0309  
11452.55414  
11440.0478  
11439.35473  
11482.45123  
11484.16254  
11432.17205  
11384.91402  
11286.54377  
11326.69379  
11434.37421  
