10358.5585  
10321.16828  
10279.48292  
10325.01606  
10380.95233  
10421.82928  
10335.80016  
10474.19269  
10407.66773  
10389.43038  
10375.28102  
10419.20238  
10389.81655  
10504.84808  
10517.68627  
10464.58987  
10425.4826  
10457.92797  
10412.16717  
10431.58759  
10435.77647  
10422.53194  
10446.90421  
10443.86127  
10463.66068  
10484.38863  
10482.42439  
10385.69756  
10349.22561  
10325.34364  
10355.24297  
10358.57137  
10384.93125  
10397.20665  
10436.19988  
10489.93253  
10441.87357  
10446.89645  
10438.9826  
10430.22834  
10437.7354  
10394.16325  
10409.88748  
10374.25771  
10333.49975  
10382.43177  
10347.34996  
10401.86765  
10412.51036  
10514.11725  
10527.59824  
10443.85359  
10469.46698  
10457.99121  
10450.96335  
10444.58246  
10406.84602  
10409.89482  
10439.1985  
10350.29259  
10390.07965  
10396.7641  
10512.32145  
10475.08469  
10425.85967  
10442.83906  
10452.50669  
10438.11034  
10335.08936  
10368.31273  
10217.06266  
10387.70977  
10348.39893  
10347.21126  
10300.8672  
10303.05641  
10284.63113  
10283.05908  
10354.17722  
10356.8046  
10315.21001  
10368.03875  
10411.03953  
10432.81255  
10403.17149  
10353.20403  
10385.10815  
10420.92606  
10449.86493  
10440.02114  
10470.54851  
10457.04236  
10439.12667  
10408.08475  
10415.99295  
10371.02518  
10351.21628  
10394.86808  
10426.7723  
10398.72057  
10465.33647  
10465.82076  
10476.1584  
10445.66787  
10402.84545  
10320.78003  
10540.12797  
10584.41852  
10480.009  
10388.18956  
10341.13379  
10315.01926  
10312.33467  
10315.32331  
10384.43723  
10471.8587  
10409.8667  
10432.36395  
10406.24758  
10406.87984  
10453.87695  
10367.80129  
10371.64757  
10397.75165  
10482.77413  
10425.09331  
10318.48849  
10343.18284  
10315.99068  
10232.26938  
10299.94615  
10527.77535  
10390.52663  
10375.65004  
10370.10304  
10368.86921  
10345.99503  
10362.42385  
10355.6672  
10415.95216  
10458.21418  
10440.26185  
10466.97987  
10452.69435  
10427.03293  
10438.80684  
10427.53099  
10468.15482  
10415.87351  
10391.61481  
10340.10487  
10356.10346  
10399.87357  
10418.34739  
10469.69753  
10459.8033  
10361.48668  
10383.58784  
10371.70088  
10399.79406  
