11488.94214  
11439.55931  
11387.70661  
11360.3067  
11360.42533  
11451.88263  
11516.87395  
11560.35003  
11500.81785  
11661.15788  
11554.38238  
11587.7852  
11621.60181  
11632.83936  
11703.39674  
11548.3273  
11627.4913  
11587.95743  
11514.20908  
11479.14297  
11508.39545  
11522.88632  
11550.93109  
11533.0502  
11569.10006  
11594.15039  
11636.07109  
11643.10309  
11605.86169  
11557.93434  
11517.62109  
11543.33861  
11542.95323  
11539.76636  
11610.39662  
11651.63779  
11622.63163  
11635.5626  
11601.34268  
11581.33373  
11539.63639  
11507.40424  
11471.76907  
11478.14642  
11518.72137  
11501.9286  
11471.32986  
11450.76059  
11489.8332  
11541.7188  
11581.21374  
11563.79866  
11568.60871  
11596.83984  
11608.89855  
11556.82433  
11587.45135  
11592.27957  
11573.44287  
11572.71109  
11560.70103  
11604.02353  
11602.10294  
11622.50995  
11554.18772  
11768.95364  
11610.48888  
11533.51551  
11472.53272  
11627.51875  
11408.95785  
11317.54499  
11346.88811  
11357.82236  
11326.46606  
11336.48602  
11403.92514  
11427.81783  
11475.97409  
11474.17118  
11501.2993  
11504.95595  
11548.97759  
11537.65437  
11542.37735  
11502.09624  
11522.92863  
11544.62622  
11593.68942  
11602.14271  
11631.82096  
11622.43408  
11560.0447  
11532.00014  
11505.426  
11498.43307  
11493.85612  
11551.63774  
11606.06141  
11577.21051  
11547.65751  
11532.72118  
11574.42406  
11594.79154  
11593.26961  
11700.16265  
11690.05944  
11619.33282  
11608.56109  
11519.02151  
11489.32322  
11403.98437  
11409.56002  
11459.39036  
11508.71018  
11558.97517  
11621.30671  
11583.75936  
11529.6374  
11611.80557  
11531.08565  
11589.66845  
11526.73665  
11533.75622  
11463.14556  
11537.51533  
11530.71641  
11482.13187  
11385.31547  
11369.96524  
11388.44498  
11429.80658  
11512.15948  
11504.64081  
11462.80919  
11410.03042  
11419.71525  
11451.29472  
11467.11598  
11524.70125  
11638.4293  
11616.53398  
11577.44694  
11583.81248  
11626.10537  
11618.78835  
11556.80752  
11556.29426  
11581.08781  
11560.65065  
11545.08107  
11536.03881  
11612.25249  
11649.02133  
11618.5117  
11525.98015  
11445.75189  
11452.47801  
11400.33852  
11479.75129  
