10969.5226  
10964.47533  
10908.73874  
10932.40793  
10933.15086  
10990.76912  
11005.82625  
11023.43867  
11002.56537  
11078.87503  
11055.4436  
11073.4038  
11061.91325  
11110.11563  
11054.19995  
11029.01844  
11094.67603  
11054.7391  
11022.03185  
11001.23444  
11044.64044  
11018.26659  
11018.90182  
11019.19932  
11047.23163  
11068.20335  
11064.03495  
11030.44758  
11051.60098  
10975.21064  
10972.36362  
11015.33798  
10998.01045  
11003.885  
11036.3043  
11121.61105  
11069.45835  
11021.52895  
11057.9575  
11063.03388  
11041.35687  
10969.81613  
10989.97545  
11019.46656  
11027.69122  
11011.9736  
11010.34562  
11011.03625  
11022.30434  
11041.03891  
11079.77847  
11050.17947  
11038.95782  
11024.20463  
11058.42078  
11051.62148  
11035.08267  
11051.21189  
11065.45503  
11021.65552  
11033.52512  
11022.00278  
11067.4549  
11085.7836  
11110.83765  
11079.66032  
11013.69046  
11052.96168  
10926.59016  
10952.73082  
10915.96996  
10987.36853  
10909.03733  
10946.48514  
10919.53488  
10954.78388  
10953.36483  
10961.87879  
11007.91067  
10980.76512  
10984.67869  
10999.72179  
11026.65601  
11043.37959  
11016.16721  
11025.9646  
11025.64173  
11029.6759  
11053.30129  
11065.55526  
11076.45262  
11092.32981  
11060.92763  
11018.31857  
11000.84664  
11021.99248  
11005.43736  
10994.73151  
11057.33041  
11111.31658  
11087.52508  
11058.21245  
11077.83874  
11053.52475  
11047.56137  
11023.92601  
11090.34905  
11138.38563  
11020.69747  
10972.71947  
10983.9732  
10923.20588  
10941.82933  
10943.22694  
10955.80142  
11042.44149  
11047.01966  
11075.28215  
11030.4474  
11037.47948  
11034.42393  
11021.32895  
11029.23136  
11026.44836  
10995.09564  
11078.56798  
10981.81188  
10964.87001  
10912.36236  
10881.44955  
10923.79269  
11076.01299  
10982.94585  
10993.79991  
10955.47422  
10959.24131  
10963.5596  
10975.27424  
10948.95999  
10991.86718  
11044.03884  
11102.92162  
11093.74989  
11070.53542  
11080.08749  
11068.36307  
11042.94621  
11034.01855  
11030.37682  
11011.42699  
11019.40297  
11008.24583  
11045.43464  
11036.42143  
11060.61506  
11019.50263  
11003.62958  
10940.14242  
10942.05991  
11045.79167  
