11225.39267  
11225.6488  
11197.33556  
11235.38007  
11239.67922  
11274.03021  
11282.41638  
11287.77513  
11284.97078  
11360.21866  
11335.24243  
11343.17459  
11324.04075  
11384.76716  
11349.41287  
11274.04282  
11330.61077  
11309.19733  
11283.44013  
11283.42142  
11308.33043  
11297.04935  
11286.75541  
11286.47485  
11308.79927  
11309.30046  
11329.1994  
11297.32362  
11304.93212  
11238.04525  
11253.55145  
11281.96554  
11281.26104  
11294.52813  
11315.32755  
11357.16602  
11338.54234  
11301.0089  
11315.65431  
11312.59724  
11296.08806  
11264.25645  
11292.43183  
11297.1244  
11301.77986  
11289.85813  
11281.24055  
11287.28014  
11309.57587  
11321.26193  
11349.56486  
11308.99433  
11311.53305  
11283.80658  
11321.97335  
11314.39413  
11297.66054  
11325.28231  
11340.77632  
11293.30306  
11313.8069  
11300.82333  
11346.51948  
11353.89849  
11342.9971  
11309.78414  
11324.40095  
11312.20598  
11183.14362  
11216.46306  
11186.64782  
11246.0853  
11192.05858  
11217.52065  
11223.30715  
11240.2537  
11234.68988  
11246.48885  
11262.97586  
11242.1198  
11256.77349  
11278.60422  
11288.48214  
11292.61123  
11277.22177  
11287.40226  
11292.41915  
11293.77205  
11315.17312  
11336.47091  
11329.98304  
11338.19476  
11316.77  
11281.27056  
11263.40162  
11293.19739  
11293.40015  
11293.3743  
11317.65677  
11347.67064  
11329.96527  
11317.68531  
11331.68844  
11315.21203  
11308.22729  
11299.04636  
11435.15203  
11381.16293  
11297.32056  
11246.40856  
11262.75377  
11236.7144  
11261.29114  
11253.56084  
11274.00243  
11309.42269  
11327.5433  
11333.45671  
11286.1204  
11311.07308  
11327.76772  
11284.45992  
11273.2993  
11307.80968  
11335.30923  
11317.10337  
11233.52883  
11210.55874  
11196.86296  
11164.48634  
11227.07995  
11382.05157  
11252.31962  
11264.32938  
11226.76203  
11240.04023  
11243.72037  
11259.09953  
11242.78951  
11286.36197  
11309.05932  
11356.78926  
11343.56436  
11324.00838  
11333.89531  
11323.07614  
11303.35792  
11302.00718  
11298.85479  
11290.81052  
11283.47508  
11275.70583  
11299.73798  
11307.55617  
11322.48174  
11297.8038  
11279.17232  
11245.30385  
11239.05055  
11318.51477  
