11033.45553  
11025.77955  
11032.86987  
11035.9295  
11054.29817  
11085.0429  
11096.60262  
11114.53604  
11091.8  
11243.27867  
11047.18091  
11088.32808  
11104.68022  
11116.87372  
11208.37707  
11045.28942  
11073.35181  
11087.17463  
11105.03173  
11078.05786  
11096.11972  
11117.79376  
11106.62815  
11111.56278  
11122.11622  
11102.55274  
11110.15942  
11110.29777  
11119.0514  
11108.15453  
11084.30345  
11079.5545  
11085.47955  
11087.6158  
11109.97823  
11114.55925  
11138.94693  
11106.30066  
11109.73077  
11107.00455  
11100.08764  
11083.51972  
11087.72802  
11094.36676  
11095.16374  
11093.33315  
11114.19945  
11094.52423  
11061.75916  
11080.54142  
11110.35785  
11113.75688  
11124.75654  
11108.941  
11099.68716  
11099.28284  
11074.25173  
11100.68417  
11109.19937  
11102.45909  
11092.80339  
11101.15404  
11130.98742  
11109.36312  
11115.52509  
11257.66196  
11099.29925  
11043.67525  
10988.3729  
11124.66643  
11053.02339  
11002.09395  
11035.58085  
11034.59065  
11036.3169  
11048.32547  
11035.21159  
11066.95369  
11093.30474  
11111.1337  
11109.41915  
11112.76912  
11118.14752  
11081.86428  
11112.42341  
11100.70819  
11059.78869  
11086.43315  
11113.13595  
11106.38739  
11096.63958  
11124.87669  
11118.27212  
11102.16744  
11060.20119  
11090.22791  
11105.00196  
11095.71297  
11100.69893  
11119.32594  
11121.52957  
11080.33185  
11088.61331  
11108.88991  
11133.08717  
11175.27045  
11160.54208  
11119.71323  
11127.59817  
11100.08821  
11071.09787  
11053.73817  
11074.07326  
11084.09659  
11093.03689  
11100.24243  
11130.25519  
11116.08603  
11127.87459  
11183.88131  
11057.11567  
11099.10875  
11108.93323  
11062.95768  
11037.76357  
11076.55867  
11043.91518  
11032.10022  
11042.05892  
11015.41261  
11143.04613  
11093.60879  
11058.57901  
11057.1848  
11069.59031  
11041.25994  
11061.34381  
11072.80118  
11044.8744  
11056.69227  
11100.1535  
11116.47747  
11084.3716  
11081.62314  
11092.41323  
11126.24024  
11106.33214  
11101.33744  
11088.60838  
11080.57622  
11111.36364  
11120.55938  
11113.93489  
11167.72648  
11129.52517  
11109.44402  
11082.23797  
11048.85749  
11051.17193  
11081.62206  
