12567.64923  
12606.83238  
12611.81628  
12616.9596  
12647.22906  
12676.06592  
12733.466  
12721.41776  
12556.83664  
12473.25934  
12568.94584  
12562.04687  
12411.64054  
12476.20019  
12556.64864  
12468.67823  
12460.47383  
12478.89416  
12556.10713  
12505.10716  
12467.95376  
12565.80657  
12508.98699  
12426.7768  
12412.02971  
12557.14838  
12537.42953  
12559.70257  
12520.03029  
12578.26821  
12650.02747  
12647.06365  
12656.94226  
12557.90323  
12476.33294  
12549.61239  
12548.8051  
12518.84209  
12531.86558  
12599.48011  
12635.15211  
12610.92702  
12587.0721  
12561.74863  
12504.42027  
12499.29462  
12497.76294  
12608.8566  
12653.51717  
12557.72233  
12495.58252  
12562.58353  
12623.55128  
12593.65999  
12527.52914  
12472.36516  
12572.07903  
12607.7622  
12582.47605  
12406.54758  
12480.14586  
12538.78964  
12620.57074  
12609.36677  
12459.41037  
12482.55806  
12542.1137  
12578.74103  
12583.37531  
12599.63067  
12538.85442  
12403.92347  
12427.89313  
12482.45128  
12446.87954  
12444.81136  
12512.92907  
12525.2523  
12576.0075  
12593.82061  
12563.12543  
12536.25819  
12469.48145  
12534.97841  
12611.58664  
12631.62778  
12677.74914  
12663.8845  
12500.02058  
12397.7681  
12437.1999  
12433.63826  
12362.75079  
12443.27554  
12677.40109  
12786.6038  
12615.79454  
12619.24776  
12589.5462  
12665.20859  
12609.23175  
12747.78073  
12742.2871  
12549.20774  
12631.99048  
12661.89832  
12621.59635  
12695.4522  
12718.04347  
12756.67364  
12617.13901  
12647.21345  
12714.39986  
12607.41953  
12645.15776  
12621.91582  
12565.63471  
12570.07157  
12622.87488  
12478.98037  
12464.59375  
12532.42426  
12596.9732  
12648.04463  
12653.81776  
12568.35657  
12592.93204  
12614.84732  
12631.79554  
12574.25666  
12462.67685  
12555.06526  
12614.5919  
12611.94315  
12505.68587  
12645.95773  
12684.28882  
12612.70934  
12517.71445  
12576.57851  
12612.72939  
12601.03713  
12498.44956  
12499.07552  
12496.1789  
12494.29226  
12505.27267  
12510.64788  
12543.10766  
12605.20102  
12493.64277  
12555.8077  
12634.40973  
12634.00316  
12476.8753  
12466.46496  
12571.19469  
12623.39779  
12621.57285  
12613.23698  
