10995.06706  
11008.57531  
10990.82614  
10982.45276  
11011.05281  
11008.1447  
11046.39544  
11023.97125  
11001.29126  
10968.46416  
10972.56548  
10994.67323  
10931.86934  
10979.0445  
10979.58591  
10971.95961  
10992.33994  
11013.35399  
10958.01951  
11006.26224  
11010.00304  
10992.87872  
10993.7491  
11011.01517  
10952.43367  
10983.99576  
11028.63624  
11033.85143  
10964.45735  
10966.29836  
10970.23276  
11006.48203  
11025.19419  
11004.57026  
10967.24802  
10966.10235  
10979.06869  
10950.12225  
10962.71806  
10986.10118  
11042.35509  
11027.98039  
10988.8099  
10999.89763  
10990.66901  
10938.01076  
10926.96071  
10973.50087  
11000.21297  
10980.5205  
10964.39277  
10932.92593  
10978.81188  
10989.57265  
11010.68358  
11021.71609  
10972.49451  
10988.34593  
11013.96539  
10942.64599  
10955.9335  
10925.55617  
11001.7013  
11001.47788  
10958.47272  
10928.59817  
10926.98256  
10990.70609  
10939.06664  
10958.16021  
10992.31209  
11010.46965  
10880.17228  
10912.56403  
10936.09969  
10943.97136  
10992.01654  
10971.80075  
10929.62926  
10944.24416  
10925.89551  
10961.68733  
10965.46857  
10921.08256  
10922.69674  
10955.04371  
10921.87612  
10948.70893  
10965.60602  
10923.81694  
10914.43489  
10928.37153  
10933.39966  
10944.17253  
11077.88102  
11169.14468  
11010.55673  
11046.49634  
11087.70675  
11073.80929  
11058.17786  
11065.17275  
11117.83733  
11060.10043  
11059.95536  
11064.77389  
11049.46541  
11052.0131  
11076.24498  
11079.82194  
11007.43899  
11070.91905  
11081.55601  
11049.46057  
11055.44745  
11052.50139  
11052.5143  
10982.03733  
10997.5319  
10962.22439  
10953.87855  
11011.94503  
11051.55153  
10982.33425  
11015.24599  
11033.59993  
11029.18155  
11020.51266  
10980.3823  
10974.86856  
10953.43331  
10961.51912  
11018.59659  
11015.50286  
10993.06331  
10961.75269  
10988.77908  
11015.61423  
10938.16588  
11012.29793  
11003.95765  
11002.99466  
11004.84646  
10995.79006  
11022.6464  
10992.58971  
10964.75899  
10975.43535  
10974.06739  
11000.59581  
10973.28885  
10958.76602  
10983.51316  
11042.24675  
11008.62845  
10988.33683  
10986.15571  
11010.95444  
11016.97492  
10971.59859  
