11536.3544  
11565.28346  
11546.42104  
11572.79583  
11569.39263  
11596.75732  
11648.77372  
11611.29207  
11597.73511  
11572.15721  
11570.86623  
11570.89759  
11467.94058  
11549.30806  
11526.69402  
11551.92188  
11580.17654  
11604.09557  
11481.97256  
11600.34956  
11623.18237  
11555.21632  
11620.05879  
11584.8107  
11470.60195  
11569.02078  
11608.35887  
11609.54947  
11561.10129  
11572.33064  
11551.59766  
11587.83804  
11590.76465  
11582.88598  
11500.31423  
11540.53713  
11574.59581  
11518.86334  
11533.11425  
11571.16353  
11650.50951  
11588.86598  
11534.34768  
11561.9877  
11578.04886  
11495.5509  
11497.69352  
11548.86679  
11556.04659  
11528.07295  
11528.88668  
11464.90296  
11560.71775  
11564.82552  
11581.66199  
11667.31143  
11556.09161  
11586.78467  
11656.45301  
11479.8687  
11563.85786  
11482.18763  
11558.44919  
11594.90655  
11589.74474  
11483.82559  
11552.38889  
11614.21055  
11517.80676  
11543.89397  
11574.52924  
11626.7804  
11457.38194  
11537.26574  
11552.78844  
11521.51173  
11583.41646  
11570.78161  
11533.54078  
11535.49997  
11496.06991  
11555.69564  
11624.75272  
11497.58471  
11514.71119  
11559.08204  
11481.1971  
11526.8083  
11604.96778  
11514.51444  
11511.26748  
11542.53622  
11549.226  
11559.22004  
11700.20594  
11639.39767  
11546.56164  
11610.74383  
11645.89771  
11638.49687  
11584.47365  
11619.37771  
11657.02128  
11545.55405  
11554.65785  
11601.57782  
11605.47024  
11585.25006  
11629.84164  
11647.46623  
11551.90525  
11622.1854  
11606.06374  
11621.38837  
11597.31428  
11642.70691  
11688.93296  
11504.56134  
11590.88746  
11565.10621  
11523.4045  
11587.29882  
11624.45114  
11547.52876  
11589.93327  
11585.69153  
11572.84999  
11631.48041  
11582.36462  
11529.23175  
11520.64673  
11523.13405  
11567.78353  
11561.9584  
11575.66396  
11562.76673  
11610.2766  
11647.34306  
11471.08474  
11574.81115  
11599.98475  
11558.89838  
11587.15723  
11596.54189  
11620.68223  
11546.07642  
11529.35501  
11582.09108  
11534.00566  
11560.8837  
11562.17593  
11533.46469  
11578.43265  
11639.17886  
11551.45829  
11567.74517  
11559.7507  
11564.16114  
11586.59631  
11543.89365  
