10719.48734  
10733.18497  
10714.1208  
10719.68423  
10737.39632  
10730.10738  
10780.44246  
10761.44661  
10734.38241  
10708.55165  
10703.91808  
10732.49002  
10657.43376  
10713.38685  
10707.68961  
10708.67971  
10729.03021  
10767.75499  
10685.40063  
10753.92079  
10768.80718  
10726.08181  
10750.42697  
10748.42476  
10676.84487  
10721.74714  
10768.00074  
10785.82915  
10693.90392  
10710.56767  
10693.39299  
10741.63755  
10768.20943  
10742.19643  
10689.87158  
10685.61781  
10704.90777  
10688.29208  
10693.50457  
10721.49036  
10788.43003  
10762.92574  
10716.86939  
10726.52933  
10736.24914  
10663.42378  
10651.94173  
10699.73667  
10731.51803  
10718.4398  
10697.52677  
10655.68973  
10715.06737  
10727.78732  
10749.57338  
10780.19648  
10703.47966  
10730.91666  
10770.32958  
10669.54424  
10694.62535  
10645.86722  
10742.00391  
10754.97732  
10712.76068  
10658.9292  
10673.1975  
10743.22651  
10679.75985  
10702.89497  
10744.13099  
10758.01159  
10605.11831  
10650.75413  
10676.05949  
10667.06744  
10715.02995  
10720.32519  
10666.66137  
10676.6568  
10659.55195  
10694.43813  
10728.72646  
10656.59772  
10658.77778  
10692.74417  
10641.60229  
10677.92779  
10726.43084  
10656.21148  
10657.22188  
10676.10246  
10668.45832  
10696.97436  
10816.25303  
10868.41606  
10738.64916  
10766.46591  
10795.74152  
10792.7933  
10766.75515  
10777.01395  
10846.7846  
10749.71835  
10758.68207  
10776.83363  
10773.43911  
10763.97513  
10807.22925  
10822.0813  
10727.14083  
10793.46956  
10800.61875  
10788.46762  
10789.32037  
10783.28621  
10852.07597  
10703.78543  
10736.84728  
10709.59554  
10693.01331  
10754.07195  
10787.48727  
10695.23102  
10743.03155  
10774.77236  
10761.61029  
10763.48435  
10727.55774  
10721.55102  
10681.42599  
10697.57316  
10761.50151  
10754.28437  
10731.67875  
10681.28545  
10714.1401  
10767.1686  
10649.59969  
10746.8307  
10748.39206  
10741.44457  
10749.18893  
10736.07491  
10771.4391  
10720.24559  
10688.22057  
10708.70135  
10692.30865  
10738.37165  
10701.39872  
10676.68304  
10711.0071  
10796.23646  
10732.91877  
10718.23904  
10713.7948  
10748.20809  
10768.16404  
10696.83747  
