11407.47061  
11451.31453  
11447.01768  
11490.76105  
11483.58851  
11502.69814  
11571.48612  
11524.86159  
11497.7591  
11479.22642  
11470.24352  
11437.56185  
11360.54131  
11452.43949  
11423.0708  
11451.43381  
11498.55706  
11510.49546  
11372.75708  
11523.38758  
11535.55555  
11472.12415  
11531.65977  
11511.05363  
11392.78743  
11451.6682  
11506.5217  
11530.34277  
11499.76805  
11496.29631  
11469.20068  
11490.19038  
11495.34767  
11465.56239  
11399.93141  
11457.8826  
11494.79202  
11414.69751  
11441.57673  
11480.61022  
11534.111  
11490.80607  
11436.93706  
11463.93187  
11470.52288  
11385.94478  
11406.44995  
11467.27847  
11441.39357  
11415.18613  
11411.00277  
11354.793  
11453.66349  
11477.55898  
11479.40101  
11607.79902  
11467.20057  
11474.90396  
11560.08757  
11356.47209  
11486.75249  
11353.38994  
11439.34243  
11495.19661  
11516.06146  
11386.82209  
11462.58721  
11522.64709  
11416.41489  
11428.95661  
11486.58939  
11550.79909  
11390.43618  
11487.23867  
11479.93024  
11460.41004  
11500.14238  
11459.8263  
11451.67231  
11433.2028  
11368.42783  
11462.11237  
11522.89559  
11379.2402  
11404.2272  
11478.52376  
11393.87196  
11416.64362  
11517.71204  
11431.83914  
11425.03685  
11472.33325  
11470.22205  
11481.88986  
11612.17922  
11524.27018  
11421.51904  
11503.38395  
11532.69653  
11540.65721  
11499.53927  
11529.72772  
11539.77874  
11431.85705  
11456.32261  
11509.30978  
11495.29958  
11473.97583  
11525.48512  
11536.47287  
11453.53771  
11534.09966  
11501.43647  
11496.3999  
11501.30675  
11560.63659  
11611.90238  
11397.61322  
11484.43716  
11455.18092  
11413.66213  
11478.77474  
11552.06255  
11443.96198  
11485.97926  
11510.03924  
11498.75044  
11562.50186  
11506.05085  
11429.39839  
11410.13931  
11442.00967  
11474.07817  
11450.90822  
11492.33475  
11491.05964  
11505.65736  
11534.2105  
11348.61138  
11479.02791  
11514.16543  
11479.09753  
11502.85859  
11521.83102  
11527.51284  
11433.39253  
11402.0944  
11500.509  
11466.73096  
11478.41932  
11446.74525  
11432.06336  
11476.53981  
11528.22703  
11444.95869  
11480.95724  
11447.80682  
11442.84232  
11511.38623  
11460.13792  
