11108.16064  
11085.56431  
11024.67278  
10999.44391  
11051.99523  
11005.81773  
11060.35083  
11015.49213  
11034.24757  
10954.85759  
11041.36971  
11098.0796  
10932.25875  
11057.14317  
11008.94109  
10998.85519  
11083.43324  
11135.54997  
10993.81434  
11087.65437  
11110.10051  
11024.88023  
11068.9452  
11111.55633  
10927.84874  
11030.1442  
11063.70246  
11071.97161  
10992.83218  
11001.88462  
11000.24576  
11026.96991  
11067.7118  
11070.89866  
11009.79525  
11015.89155  
11005.32249  
10935.3923  
10948.8535  
11013.32131  
11123.04708  
11035.3883  
11051.97137  
11123.82809  
11024.27499  
10861.76631  
10945.62997  
11045.40262  
11001.66439  
10920.85059  
10980.38482  
10947.57689  
11022.9066  
10998.67123  
10997.18168  
11022.01246  
10988.2367  
11039.25827  
11072.36883  
10937.12635  
11069.97665  
10974.63154  
11110.08013  
11025.58153  
10984.35029  
10979.40128  
11005.67753  
11074.44931  
10928.71892  
11054.1744  
11076.96468  
11124.75193  
10937.44012  
11001.20335  
11081.7304  
11073.85757  
11117.86894  
11082.78289  
11022.34845  
11032.66933  
10997.95401  
11094.79945  
11086.23902  
11025.12904  
11022.50899  
11028.87404  
10950.70143  
11004.86617  
11016.96007  
10995.17961  
10997.07468  
11029.59773  
11028.92396  
11052.09235  
11192.4316  
11193.99171  
10966.17729  
11018.63994  
11111.75658  
11118.94598  
11045.27475  
11126.203  
11204.9162  
11070.42807  
11119.64921  
11050.34047  
10997.02666  
11022.21035  
11033.7601  
11119.20464  
10981.71851  
11143.8998  
11075.93916  
11049.69441  
11137.64941  
11133.92256  
11133.4742  
10993.0986  
11099.08669  
10962.55189  
10998.04988  
11046.70469  
11145.12542  
11021.85094  
11052.17355  
11112.17731  
11111.39121  
11109.20777  
11040.23038  
11047.54689  
10978.33826  
11069.38058  
11111.55191  
11005.662  
10956.95051  
11007.9157  
11007.05157  
11024.13893  
10956.28372  
11084.64717  
11040.39713  
11053.07007  
11044.72837  
11040.91699  
11093.8928  
11027.79212  
10984.78658  
11036.56803  
11052.29708  
11078.01012  
10980.10739  
10967.80157  
11060.39324  
11132.36818  
11055.32276  
10993.26618  
10985.01299  
11076.92322  
11086.4949  
11006.09021  
