11251.39444  
11274.32427  
11295.20092  
11295.86934  
11302.9891  
11258.30448  
11261.64872  
11267.66148  
11269.18756  
11281.78872  
11281.44395  
11273.98713  
11202.69915  
11244.17692  
11262.54303  
11218.8265  
11230.91438  
11250.79908  
11222.62549  
11213.29189  
11240.64931  
11261.5185  
11214.88983  
11222.92613  
11241.02664  
11242.30502  
11271.62716  
11267.63058  
11260.43227  
11263.37224  
11266.22604  
11254.46088  
11298.85833  
11304.47817  
11318.58016  
11288.69142  
11296.43077  
11270.57995  
11303.40947  
11327.95352  
11344.68656  
11292.15361  
11312.93726  
11287.6415  
11295.7489  
11283.53717  
11265.39445  
11271.79891  
11261.0372  
11259.92307  
11243.344  
11249.01312  
11238.573  
11217.10674  
11268.66834  
11278.3291  
11258.57682  
11341.19251  
11250.8925  
11285.69744  
11257.60121  
11314.88783  
11220.28696  
11187.17843  
11232.96643  
11246.82561  
11258.70599  
11230.21734  
11178.57076  
11241.57399  
11258.43389  
11237.71021  
11244.83653  
11258.93762  
11252.30169  
11217.15665  
11243.52609  
11228.24902  
11236.43875  
11267.02368  
11234.53259  
11260.68574  
11228.78935  
11250.81518  
11248.85982  
11264.26228  
11256.10256  
11279.16556  
11322.21596  
11254.85928  
11239.02589  
11229.07362  
11287.85443  
11211.79367  
11230.30258  
11250.47233  
11264.70721  
11253.14968  
11278.79168  
11286.80311  
11274.2922  
11208.54603  
11292.40051  
11308.76361  
11172.83663  
11276.21655  
11418.76007  
11269.23201  
11195.70258  
11277.5743  
11315.09513  
11306.92291  
11239.54752  
11249.19669  
11242.72496  
11322.20964  
11307.37833  
11252.88187  
11329.39783  
11335.00692  
11284.83143  
11248.32013  
11288.31307  
11278.13248  
11264.26669  
11284.0654  
11285.79421  
11278.72378  
11228.77683  
11245.96092  
11274.23331  
11230.13307  
11242.73532  
11261.76175  
11224.83381  
11238.76775  
11292.07052  
11288.27251  
11254.30399  
11263.96757  
11228.99982  
11256.47791  
11257.54872  
11253.10665  
11259.50759  
11296.70268  
11257.46235  
11270.23067  
11277.63278  
11287.16304  
11271.57775  
11268.39558  
11266.21359  
11268.28118  
11283.91314  
11252.16676  
11251.61411  
11233.91027  
11230.7999  
11255.76992  
