10910.29036  
10936.29102  
10937.51304  
10936.49524  
10961.05583  
10928.59771  
10924.21842  
10922.18677  
10925.47771  
10939.05712  
10920.53898  
10920.63131  
10866.06428  
10901.91549  
10922.13962  
10881.70202  
10885.45995  
10897.76552  
10878.95283  
10874.36717  
10898.93591  
10907.74981  
10875.02551  
10884.29663  
10896.98577  
10894.9637  
10933.37972  
10921.33123  
10914.43154  
10922.78543  
10925.63088  
10915.50454  
10944.97086  
10970.55369  
10963.94139  
10933.96362  
10934.4588  
10924.82547  
10957.20284  
10981.66811  
10992.12645  
10950.14237  
10968.13075  
10941.32274  
10942.58001  
10927.78936  
10930.97975  
10925.72963  
10907.58672  
10916.68113  
10900.20612  
10905.80328  
10900.43645  
10889.47509  
10914.30777  
10917.31614  
10906.11938  
10981.39529  
10883.05965  
10921.6356  
10904.03564  
10962.32544  
10904.35536  
10856.11197  
10884.92797  
10903.00832  
10904.96666  
10887.51802  
10858.63235  
10903.23138  
10926.44911  
10910.89506  
10907.94473  
10909.25953  
10910.50853  
10876.34223  
10909.49809  
10879.35413  
10892.06762  
10918.78031  
10893.63862  
10913.60835  
10895.5772  
10906.83422  
10908.20476  
10916.92708  
10899.46593  
10932.91659  
10967.06652  
10900.18013  
10902.52226  
10903.55909  
10936.14792  
10887.4582  
10906.73691  
10907.02967  
10920.49906  
10905.64267  
10927.56423  
10945.07137  
10927.31542  
10859.92107  
10940.40886  
10963.8891  
10851.61627  
10972.7388  
11053.85038  
10927.30765  
10869.22753  
10974.72349  
10923.19089  
10972.01377  
10884.65396  
10898.4426  
10895.95024  
10962.07049  
10947.20496  
10901.70116  
10960.79704  
10980.25641  
10942.90252  
10916.64172  
10940.33492  
10936.22665  
10913.68515  
10931.90034  
10932.83887  
10935.34164  
10897.6926  
10903.32748  
10927.49394  
10898.09459  
10895.95697  
10918.51122  
10893.78148  
10901.18641  
10949.91026  
10930.40011  
10902.95897  
10909.7564  
10890.88305  
10915.33939  
10921.75014  
10919.8043  
10905.57988  
10940.0328  
10916.27257  
10921.11111  
10930.17516  
10949.32578  
10936.86413  
10926.78551  
10915.52198  
10906.19133  
10929.25735  
10908.52154  
10900.66176  
10895.76309  
10903.94605  
10912.12786  
