13061.25021  
13077.50502  
13043.2723  
13054.18715  
13096.91374  
13091.34607  
12967.29526  
12947.93693  
13000.81673  
13054.46931  
12952.87543  
12915.82624  
12980.83614  
13004.459  
13032.67148  
13031.12267  
12980.3118  
12954.12309  
12940.56745  
12935.74749  
12919.01658  
12977.40882  
12958.1393  
12906.59943  
12933.19263  
12966.94545  
12953.60883  
12945.11419  
12944.51384  
12953.07324  
12955.02828  
12983.09164  
13055.87084  
13090.6249  
13047.10125  
12976.71254  
13023.46347  
13080.09408  
13138.42405  
13168.87121  
13128.4916  
13072.83896  
13068.21357  
13000.81985  
13014.17756  
12949.4103  
13059.10309  
13056.11101  
12969.75181  
12917.69584  
13003.58912  
12948.1441  
12904.76597  
13010.01276  
13043.41171  
13057.41331  
13017.76292  
13186.73623  
12960.94604  
12948.18887  
12988.27811  
13120.6006  
13088.01278  
12949.34142  
12982.1104  
13025.77404  
12990.05303  
12897.74341  
12937.78778  
12948.33156  
13053.58587  
13064.79299  
13056.5758  
13002.87612  
13022.2433  
12988.56176  
12927.87539  
12935.51048  
12970.76301  
12905.52183  
12960.6681  
12971.60976  
12972.67936  
12900.48018  
12985.2415  
13064.67411  
13075.39227  
13177.26802  
13123.82667  
12981.9944  
12963.22506  
12960.2912  
12914.7379  
12926.05776  
13022.73331  
13023.01348  
12993.04701  
13062.33278  
12919.85266  
12974.36619  
13035.83185  
12972.18415  
13066.54373  
13088.9756  
13021.61945  
13101.20885  
12900.65642  
12849.38706  
12898.10762  
13048.57803  
12988.99058  
13061.06056  
12919.93148  
12913.78142  
12922.71857  
12997.11734  
13096.29462  
13103.08194  
13092.74265  
13113.8168  
13151.37771  
13106.69002  
13095.90078  
13023.9578  
13026.59346  
13020.65847  
12971.38848  
13078.29819  
13118.90427  
13030.00283  
12995.20514  
13037.81626  
13053.83759  
13041.26037  
13017.76765  
13038.01181  
13042.61112  
13018.6637  
12980.86694  
12996.72207  
13027.79595  
13016.51343  
13008.82707  
13007.49102  
12974.53693  
13041.91415  
13058.53996  
13037.06194  
13046.54975  
13157.48701  
13103.64519  
12945.31192  
12998.66969  
12919.9323  
12965.91111  
12923.42486  
12896.76048  
12911.97279  
12968.27125  
12978.40865  
