11667.99762  
11750.11572  
11742.17855  
11742.95442  
11749.64949  
11640.61463  
11657.1756  
11661.35014  
11677.98081  
11725.12529  
11735.51203  
11662.42378  
11601.14313  
11678.61964  
11691.73528  
11627.60812  
11645.66236  
11694.75398  
11648.6531  
11616.35052  
11672.05442  
11692.24337  
11606.27026  
11622.03691  
11658.77492  
11646.49616  
11708.32184  
11707.04829  
11670.85904  
11706.3347  
11712.72166  
11703.87046  
11765.926  
11762.73897  
11730.90162  
11726.25325  
11757.66656  
11679.78489  
11748.85448  
11802.8588  
11803.26404  
11665.26041  
11732.50268  
11719.80034  
11707.39765  
11693.91101  
11676.38773  
11676.72867  
11660.74328  
11665.91129  
11634.28763  
11678.46371  
11685.59524  
11644.01814  
11674.8454  
11636.13412  
11627.19355  
11696.79555  
11656.2199  
11673.50422  
11645.72909  
11747.13641  
11757.18491  
11597.22495  
11685.03561  
11676.74092  
11662.84258  
11657.38849  
11611.58556  
11700.98315  
11712.22547  
11663.66861  
11662.48899  
11718.81897  
11669.8704  
11607.64635  
11702.36433  
11672.53632  
11645.27183  
11688.63229  
11656.48411  
11724.20758  
11624.06899  
11673.51731  
11690.41761  
11700.50868  
11658.05993  
11776.53593  
11753.18808  
11636.3354  
11703.32861  
11676.81192  
11769.3852  
11688.02026  
11665.70195  
11715.79055  
11713.34998  
11733.36488  
11734.62399  
11699.54866  
11761.07532  
11590.85152  
11732.87758  
11681.31564  
11663.70995  
11818.26043  
11794.98634  
11667.2719  
11549.23255  
11716.54494  
11653.71264  
11655.18961  
11588.86393  
11620.98329  
11609.73535  
11757.65735  
11704.28651  
11649.19255  
11761.32109  
11756.76493  
11726.96873  
11674.5607  
11763.14156  
11709.68152  
11639.11363  
11682.17129  
11692.74129  
11727.6766  
11634.29907  
11653.88262  
11721.62566  
11693.98918  
11641.35931  
11697.77444  
11661.26101  
11638.26127  
11735.12061  
11752.74925  
11636.14054  
11690.14223  
11700.5901  
11671.13949  
11680.30183  
11709.76365  
11655.88131  
11765.16595  
11713.50171  
11650.3667  
11714.35029  
11750.59147  
11661.44363  
11703.69667  
11651.11776  
11681.36532  
11682.02098  
11704.62527  
11685.20883  
11679.60589  
11632.58563  
11663.18739  
