10572.66693  
10601.70709  
10583.47503  
10580.78822  
10622.61169  
10602.25529  
10590.2313  
10580.23732  
10585.2751  
10599.82277  
10563.31672  
10570.88115  
10532.86447  
10563.14653  
10585.20971  
10548.01758  
10543.53055  
10548.33435  
10538.78703  
10538.90086  
10560.70938  
10557.591  
10538.6292  
10549.12253  
10556.45553  
10551.16667  
10598.58378  
10578.56555  
10571.96143  
10585.67399  
10588.51119  
10580.00694  
10594.6945  
10640.0366  
10612.92138  
10582.85549  
10576.18042  
10582.59909  
10614.52894  
10638.91623  
10643.16388  
10611.62104  
10626.84268  
10598.53784  
10593.01488  
10575.67163  
10599.97745  
10583.19168  
10557.74289  
10576.94166  
10560.56965  
10566.09558  
10565.75027  
10565.18662  
10563.56313  
10559.98698  
10557.25845  
10625.26946  
10518.98019  
10561.28867  
10554.07788  
10613.36062  
10591.64755  
10528.42374  
10540.44093  
10562.69937  
10554.83691  
10548.31563  
10541.95862  
10568.34125  
10597.85194  
10587.41476  
10574.4906  
10563.14958  
10572.20306  
10539.00551  
10578.87855  
10534.01939  
10551.21048  
10574.09045  
10556.22316  
10570.07256  
10565.76517  
10566.36328  
10571.02577  
10573.13612  
10546.46845  
10590.20077  
10615.54106  
10549.12016  
10569.45234  
10581.36613  
10588.03024  
10566.43228  
10586.47294  
10567.09153  
10579.80324  
10561.68166  
10579.92073  
10606.82669  
10583.87922  
10514.85351  
10592.00896  
10622.53372  
10533.67366  
10672.35777  
10692.66426  
10588.87232  
10546.08386  
10674.96299  
10535.28567  
10640.52206  
10533.38177  
10551.26764  
10552.71403  
10605.60624  
10590.70682  
10554.10392  
10595.95747  
10629.1258  
10604.46269  
10588.34778  
10595.90756  
10597.80966  
10566.68096  
10583.3288  
10583.48511  
10595.46339  
10569.98679  
10564.1903  
10584.29272  
10569.44426  
10552.71717  
10578.76325  
10566.10722  
10567.04977  
10611.24142  
10576.17947  
10555.1991  
10559.15962  
10556.21646  
10577.68187  
10589.37808  
10589.90299  
10555.26368  
10587.0024  
10578.56432  
10575.55399  
10586.26302  
10614.93585  
10605.56595  
10588.66126  
10568.40886  
10547.79628  
10578.22049  
10568.3829  
10553.29057  
10561.0664  
10580.42746  
10571.99236  
