10895.48028  
10927.40987  
10955.36881  
10965.17115  
10906.78757  
10883.7456  
10858.97353  
10865.70545  
10891.9396  
10910.36093  
10933.43694  
10937.56366  
10840.74857  
10863.20884  
10922.4953  
10858.72912  
10898.23496  
10942.14983  
10884.5327  
10862.47463  
10937.83839  
10926.83249  
10845.12093  
10869.10678  
10927.57249  
10930.75519  
10932.08623  
10949.13618  
10916.37938  
10929.25326  
10962.70576  
10938.73498  
10962.02535  
10980.96638  
10972.06898  
10931.24562  
10946.87116  
10902.17391  
10947.47675  
10985.00881  
11009.96497  
10896.63281  
10948.38418  
10907.89852  
10912.28825  
10893.51105  
10906.52847  
10881.34441  
10880.27468  
10916.39368  
10870.94641  
10843.30851  
10897.66606  
10808.8719  
10887.74102  
10918.08708  
10927.6474  
11045.34795  
10857.62114  
10890.77076  
10895.54525  
10968.5187  
10913.35127  
10897.5508  
10900.15544  
10901.82727  
10903.98797  
10898.46235  
10824.92985  
10924.12352  
10917.91857  
10896.10435  
10964.41851  
10924.35568  
10945.89464  
10833.71196  
10911.33232  
10902.41672  
10864.50183  
10926.53721  
10910.61887  
10913.74481  
10877.08099  
10931.70863  
10931.89956  
10917.2868  
10897.75754  
10966.05741  
10999.54272  
10843.61661  
10865.64742  
10875.08105  
10946.15741  
10867.82852  
10874.40417  
10905.70047  
10878.29189  
10890.30159  
10902.06709  
10920.8172  
10910.56337  
10812.22725  
10937.27861  
10909.99121  
10867.61978  
10902.50478  
11035.36033  
10892.4331  
10917.63477  
10933.7036  
10960.486  
10942.02705  
10909.87055  
10898.63601  
10888.11255  
11006.22413  
10941.05623  
10866.51515  
10993.09408  
11009.72178  
10929.63094  
10905.31362  
10988.56938  
10934.3938  
10898.53671  
10950.56657  
10951.58606  
10910.85607  
10855.58856  
10889.61503  
10909.32031  
10915.2576  
10844.03898  
10878.88373  
10840.29174  
10889.57264  
10957.33081  
10936.54754  
10851.08509  
10875.01868  
10888.41321  
10909.68906  
10892.02828  
10898.91462  
10878.25621  
10962.15307  
10903.49142  
10886.0332  
10913.4877  
10950.27244  
10899.86268  
10955.15305  
10896.37608  
10925.7024  
10940.17429  
10907.53318  
10902.57623  
10921.71615  
10849.23616  
10922.64212  
