11537.00052  
11559.31561  
11521.65492  
11631.22466  
11508.90538  
11603.50094  
11764.47751  
11522.69626  
11510.9381  
11569.02725  
11518.89488  
11463.00295  
11465.65925  
11625.89549  
11498.06162  
11492.39421  
11603.23081  
11519.47119  
11535.89649  
11549.02769  
11528.24466  
11569.5739  
11648.92251  
11626.26731  
11565.53785  
11557.64801  
11561.15148  
11559.89111  
11644.67507  
11531.6306  
11540.80913  
11519.45703  
11580.97544  
11628.21336  
11573.98254  
11524.17733  
11558.73782  
11631.31769  
11554.37449  
11522.85726  
11554.67042  
11563.13317  
11681.17112  
11531.40957  
11505.36162  
11536.84186  
11584.38357  
11639.42469  
11614.73798  
11570.02371  
11525.96023  
11489.7253  
11556.30933  
11477.08118  
11488.20939  
11556.25402  
11541.43557  
11505.15661  
11532.97955  
11537.07587  
11609.0069  
11504.14291  
11517.90795  
11623.25417  
11559.92678  
11520.38852  
11515.01354  
11662.59842  
11612.0771  
11504.78282  
11538.83001  
11642.36605  
11564.18911  
11502.93852  
11573.54717  
11656.76775  
11551.61559  
11480.29432  
11578.3378  
11485.74314  
11421.09808  
11539.86449  
11530.22483  
11561.5627  
11513.05087  
11513.99072  
11603.47384  
11562.36717  
11535.87545  
11595.60119  
11547.8455  
11607.03107  
11539.13761  
11509.82885  
11549.21844  
11594.52777  
11502.91229  
11503.43155  
11625.04266  
11640.87394  
11530.7966  
11493.81712  
11608.43735  
11581.10024  
11551.77622  
11530.39967  
11584.93091  
11530.17756  
11724.27751  
11510.58828  
11665.88878  
11466.65757  
11593.22474  
11538.47329  
11529.3276  
11559.56206  
11533.75378  
11650.0271  
11626.46042  
11596.04905  
11690.52389  
11522.04916  
11790.44193  
11526.73405  
11612.2374  
11434.75927  
11340.20186  
11362.4056  
11423.68009  
11499.41571  
11395.48196  
11400.488  
11445.17268  
11427.40477  
11462.66454  
11618.05248  
11594.49365  
11596.85039  
11582.14225  
11501.56605  
11551.24698  
11578.80777  
11532.70989  
11635.98315  
11648.81809  
11626.8131  
11649.47528  
11637.60721  
11543.71132  
11572.46214  
11611.76326  
11573.6928  
11572.06534  
11576.54363  
11557.57562  
11529.17338  
11518.64844  
11612.82388  
11545.70972  
11472.0005  
