10865.90132  
10882.29911  
10849.77365  
10890.44855  
10843.34551  
10890.66814  
11018.65017  
10908.97129  
10877.39139  
10870.27234  
10869.17462  
10857.33139  
10865.40924  
10935.35829  
10872.47575  
10860.33292  
10918.5738  
10905.22054  
10895.90764  
10917.8958  
10922.17383  
10917.8529  
10925.99788  
10944.6435  
10897.64519  
10903.04162  
10893.98435  
10890.27174  
10924.22779  
10888.835  
10892.79153  
10905.50866  
10925.30735  
10905.50565  
10896.8762  
10887.68478  
10886.3395  
10909.35688  
10906.06243  
10894.33233  
10926.81751  
10943.44731  
10950.42435  
10900.04049  
10876.39487  
10853.32889  
10871.6289  
10882.13077  
10903.06025  
10886.11904  
10887.01559  
10860.66339  
10892.50313  
10870.1765  
10826.13963  
10879.81654  
10876.37035  
10863.64734  
10867.7893  
10880.11619  
10908.1173  
10873.21391  
10871.58711  
10910.86475  
10925.15177  
10911.48982  
10863.06522  
10929.18094  
10920.65021  
10881.91022  
10883.58853  
10933.75177  
10890.77577  
10869.75505  
10868.93068  
10918.38477  
10894.31121  
10884.09619  
10864.16117  
10847.36406  
10840.80681  
10857.09296  
10865.5318  
10897.48869  
10909.58053  
10879.124  
10909.11417  
10886.35404  
10858.33521  
10895.08308  
10859.10117  
10915.47666  
10886.83834  
10878.10174  
10864.96336  
10904.06623  
10858.15936  
10832.03079  
10884.84789  
10903.21668  
10895.2358  
10864.63771  
10894.41083  
10863.82158  
10876.217  
10859.88348  
10873.8251  
10892.02603  
10946.39517  
10902.35357  
10966.90393  
10863.90801  
10864.18907  
10891.86999  
10882.76976  
10903.14202  
10944.12188  
10957.69099  
10946.66578  
10918.31524  
10909.80603  
10882.45567  
11010.24617  
10907.04855  
10888.44208  
10846.46401  
10793.03641  
10810.3829  
10839.40456  
10869.24925  
10829.55742  
10826.79372  
10828.77279  
10832.21905  
10850.38306  
10904.63948  
10909.42968  
10897.83745  
10891.13295  
10873.09691  
10881.68179  
10891.00733  
10901.28025  
10959.65969  
10956.50961  
10961.15665  
10960.10996  
10948.79311  
10904.28797  
10945.7316  
10939.92033  
10913.24253  
10906.6312  
10890.99899  
10888.81307  
10874.79228  
10857.18053  
10848.29381  
10869.46302  
10819.16118  
