11741.9088  
11808.4228  
11781.64066  
11879.82244  
11738.37284  
11832.20197  
12039.93393  
11762.76836  
11761.62659  
11813.52766  
11748.48022  
11686.65583  
11723.61956  
11868.50656  
11728.36897  
11733.11326  
11867.35186  
11728.09771  
11758.02647  
11808.03693  
11771.1551  
11825.02363  
11898.65744  
11863.44904  
11786.07535  
11791.21427  
11803.40724  
11802.60918  
11911.91448  
11740.67679  
11764.26175  
11764.12143  
11829.78814  
11882.84262  
11803.04122  
11758.631  
11821.12795  
11864.23446  
11778.38965  
11740.78873  
11794.60111  
11839.63068  
11904.30127  
11749.33378  
11738.88077  
11782.13742  
11835.69479  
11887.67461  
11845.98141  
11778.28336  
11760.32933  
11757.78402  
11792.15728  
11722.15632  
11730.32776  
11819.34631  
11772.99911  
11713.28176  
11777.3399  
11786.1667  
11863.52778  
11730.89697  
11750.12627  
11872.5926  
11766.29058  
11754.07071  
11761.99105  
11922.6548  
11834.69437  
11721.35139  
11789.00441  
11885.39678  
11790.84134  
11719.51147  
11834.30277  
11907.90508  
11795.25739  
11720.76665  
11810.63536  
11707.97505  
11667.4029  
11784.07999  
11769.94285  
11783.59429  
11744.48247  
11749.20986  
11874.77645  
11810.55708  
11760.48819  
11829.44512  
11795.82227  
11863.36668  
11758.28162  
11733.2643  
11798.27785  
11830.42092  
11730.12514  
11748.97292  
11874.76256  
11891.48385  
11771.37054  
11742.5783  
11843.16394  
11808.7857  
11781.1637  
11781.78442  
11855.60913  
11793.53334  
11989.27808  
11741.44611  
11921.19165  
11704.84696  
11820.09767  
11763.70135  
11752.43044  
11784.32729  
11770.21357  
11906.67271  
11859.50989  
11816.81116  
11913.4564  
11756.62856  
12058.31219  
11794.62465  
11875.13173  
11651.72437  
11547.73097  
11575.92608  
11635.43192  
11747.11921  
11617.28425  
11628.99794  
11683.90137  
11667.5931  
11702.4988  
11883.00087  
11843.01289  
11851.28911  
11830.87474  
11719.18039  
11790.93361  
11835.70108  
11791.24909  
11894.03069  
11920.57227  
11872.00713  
11881.59745  
11887.94177  
11779.76022  
11811.65252  
11849.13857  
11810.71313  
11779.7718  
11814.73999  
11806.80416  
11784.53699  
11746.6473  
11865.01664  
11798.9619  
11677.90756  
