10395.64785  
10403.63296  
10362.96299  
10411.73113  
10396.67905  
10436.99419  
10503.99745  
10404.92296  
10388.24997  
10390.09529  
10404.4784  
10394.87309  
10404.80775  
10434.88858  
10398.82776  
10374.28733  
10426.12308  
10399.43475  
10368.84604  
10392.75328  
10408.24281  
10412.34168  
10400.28235  
10418.79899  
10405.52478  
10400.16502  
10404.6871  
10393.8248  
10433.14231  
10435.1355  
10426.60729  
10408.35015  
10417.50708  
10400.22503  
10416.32539  
10383.37774  
10380.39213  
10432.98498  
10404.68412  
10418.78945  
10413.5839  
10434.11664  
10457.98638  
10408.85521  
10405.79515  
10362.17652  
10403.05267  
10416.87715  
10412.04465  
10407.32763  
10386.89194  
10408.13281  
10421.39285  
10394.74534  
10362.43774  
10422.96585  
10388.75698  
10387.32323  
10382.58746  
10415.98105  
10439.00279  
10387.1525  
10376.61206  
10419.33414  
10407.84969  
10416.02624  
10371.57915  
10449.45458  
10406.71611  
10419.26199  
10414.63385  
10429.46491  
10379.61298  
10375.47788  
10410.42934  
10438.54028  
10394.22376  
10424.79977  
10422.87849  
10391.26783  
10379.84012  
10420.86072  
10404.94947  
10409.03456  
10421.46198  
10394.96348  
10384.62558  
10379.79696  
10378.81485  
10395.85598  
10339.37747  
10407.757  
10403.44182  
10370.62835  
10345.93604  
10383.32351  
10351.32179  
10360.37196  
10398.84654  
10390.64333  
10361.16398  
10370.50752  
10417.33322  
10371.93114  
10393.12004  
10377.38994  
10381.73439  
10420.01489  
10431.22397  
10390.96267  
10483.79004  
10411.59583  
10420.53501  
10433.32937  
10415.74649  
10423.42972  
10419.28729  
10414.72227  
10423.97298  
10384.0377  
10395.25383  
10447.58418  
10532.58147  
10456.1168  
10375.98782  
10363.24979  
10338.08919  
10351.10393  
10402.60033  
10453.55494  
10369.25567  
10364.05702  
10356.16736  
10385.80482  
10398.70754  
10453.37892  
10417.3161  
10415.09935  
10396.13502  
10389.42125  
10398.46694  
10385.091  
10424.93985  
10459.92804  
10435.12418  
10470.76735  
10443.27453  
10412.04875  
10414.19946  
10421.69618  
10431.18809  
10400.48593  
10414.91433  
10396.48522  
10391.66765  
10380.9374  
10374.03112  
10385.2154  
10397.31408  
10389.54585  
