10520.84052  
10570.55228  
10554.33481  
10539.08599  
10537.29916  
10543.41432  
10621.60879  
10538.80121  
10464.25151  
10414.14485  
10445.51997  
10503.91482  
10524.18612  
10555.26755  
10567.32077  
10508.84885  
10497.28875  
10508.88845  
10511.13988  
10515.28768  
10541.60117  
10528.90565  
10517.5532  
10551.52865  
10538.72175  
10556.75923  
10546.47145  
10542.4596  
10514.0855  
10538.84576  
10542.10867  
10523.62949  
10535.51904  
10551.55571  
10544.05268  
10525.1446  
10517.60992  
10526.67679  
10508.0152  
10566.74881  
10584.8237  
10570.49641  
10557.42126  
10565.35758  
10537.39041  
10507.07266  
10554.11634  
10502.16416  
10529.38119  
10540.27204  
10544.58458  
10521.71952  
10521.32277  
10531.20844  
10494.93654  
10469.08393  
10493.43351  
10515.82155  
10559.16074  
10538.38844  
10548.74918  
10543.95337  
10550.96913  
10548.45888  
10548.70884  
10547.9475  
10529.56947  
10524.45314  
10546.0779  
10536.99854  
10510.44764  
10520.78925  
10558.83852  
10556.23142  
10528.56303  
10525.35017  
10521.05225  
10485.20525  
10505.82723  
10488.14977  
10474.96485  
10503.04117  
10514.00686  
10558.26451  
10531.14826  
10515.24147  
10502.46185  
10490.53456  
10490.15461  
10544.54945  
10522.96093  
10485.49059  
10505.90955  
10522.77924  
10517.30574  
10525.565  
10525.50901  
10530.35347  
10542.78625  
10558.72373  
10533.23716  
10529.11598  
10528.21264  
10562.01734  
10553.22782  
10569.41708  
10585.78456  
10570.48239  
10543.55597  
10528.95301  
10518.55796  
10484.17817  
10475.51961  
10506.97352  
10560.4089  
10591.35171  
10634.13901  
10548.68706  
10537.45298  
10503.96502  
10527.47821  
10531.34737  
10638.20478  
10542.02478  
10418.45328  
10387.46258  
10355.62441  
10342.65757  
10439.55618  
10429.53658  
10459.69978  
10491.02972  
10539.02184  
10566.66459  
10564.97136  
10575.65244  
10537.82219  
10540.99629  
10536.39396  
10523.83966  
10523.24019  
10532.72797  
10549.60941  
10566.1722  
10577.21834  
10574.38994  
10597.76713  
10595.63178  
10538.19152  
10496.34877  
10491.58193  
10516.15273  
10551.50967  
10569.89389  
10546.79001  
10503.31762  
10476.08469  
10490.14498  
10515.67186  
10515.60131  
