12386.72432  
12303.72615  
12257.72958  
12275.63576  
12284.97914  
12327.78324  
12289.9035  
12193.27976  
12162.8788  
12146.3462  
12142.71919  
12199.19795  
12236.42491  
12252.74699  
12296.54411  
12278.49926  
12241.1717  
12285.58627  
12328.89088  
12340.03706  
12330.80919  
12203.42312  
12279.88912  
12326.73824  
12358.99445  
12371.69325  
12326.39568  
12357.79287  
12266.71231  
12228.91039  
12226.76112  
12269.03567  
12263.25724  
12284.05622  
12312.26591  
12279.04896  
12235.54301  
12210.85097  
12214.13544  
12295.296  
12342.64522  
12302.90714  
12291.92843  
12289.98828  
12275.00714  
12293.42779  
12325.8646  
12287.47894  
12264.62155  
12279.35233  
12306.91887  
12252.19435  
12186.0838  
12194.92074  
12224.33416  
12261.72824  
12300.55232  
12356.45319  
12384.3443  
12294.73899  
12177.49676  
12205.27883  
12240.1339  
12238.3882  
12203.95386  
12273.58158  
12232.47685  
12244.0175  
12289.42955  
12307.88409  
12267.08189  
12243.75959  
12293.65666  
12277.81831  
12281.59232  
12300.06173  
12267.93736  
12207.09824  
12183.88329  
12213.91294  
12195.49255  
12184.10463  
12246.33699  
12329.17803  
12358.50789  
12343.80271  
12289.7447  
12244.9405  
12226.89908  
12337.96684  
12307.97909  
12251.96563  
12229.71385  
12261.2176  
12306.2963  
12295.07009  
12228.18127  
12207.59883  
12267.78681  
12297.04633  
12277.609  
12161.74377  
12189.4556  
12243.69389  
12276.16601  
12221.3888  
12309.10596  
12338.92995  
12268.361  
12278.32368  
12310.77  
12236.16662  
12193.41352  
12226.2226  
12239.75714  
12326.27264  
12422.28391  
12375.8187  
12388.29972  
12316.55834  
12509.078  
12337.6431  
12473.30586  
12227.90735  
12204.16246  
12024.57234  
12014.86793  
12004.53412  
12166.14952  
12147.85577  
12179.0994  
12251.09789  
12307.14505  
12326.81269  
12340.78747  
12371.69893  
12350.82071  
12280.32677  
12230.53906  
12206.76851  
12246.13102  
12288.55314  
12315.36581  
12342.73999  
12307.6724  
12302.78608  
12289.78761  
12261.39466  
12235.70217  
12203.84714  
12192.59772  
12213.57076  
12247.17149  
12275.23447  
12292.02383  
12300.52125  
12281.20096  
12285.29826  
12294.93587  
12308.85346  
