11017.37125  
11021.42335  
11008.40388  
11035.56288  
11009.65238  
11025.12787  
11105.85954  
10993.56713  
10963.26494  
10972.59122  
10962.6504  
10957.83664  
10969.4931  
11042.94935  
10999.58555  
10971.54745  
11008.85034  
11009.74553  
10981.64726  
10988.53942  
11000.41274  
10987.2589  
11038.62175  
11033.16639  
11005.51472  
11018.01339  
11016.86409  
11027.56213  
11038.82307  
10999.38728  
11012.20197  
10991.72768  
11005.3303  
11025.64459  
11014.88401  
10977.1875  
10973.69166  
11029.52088  
11025.91889  
11010.30475  
11006.3885  
11028.51079  
11068.52166  
11014.42099  
10990.5383  
10990.29124  
10995.74334  
11005.75035  
11026.7022  
11025.92001  
10996.23641  
10974.86247  
11019.41192  
10984.69141  
10949.16829  
11004.54728  
10989.02653  
10975.27233  
10993.38517  
11002.64808  
11025.15694  
10997.98962  
10980.52758  
11012.5243  
11022.11605  
11005.97851  
10976.21746  
11033.37829  
11039.87473  
10997.00233  
10994.99233  
11031.04506  
11020.98739  
10986.7416  
10983.1212  
11033.00099  
11006.42359  
10964.31131  
10998.4576  
10985.29057  
10950.7951  
10983.23378  
10985.90036  
11021.86875  
11010.65196  
10983.26703  
11020.56937  
11009.73419  
11000.95152  
11028.58697  
10984.93991  
11027.54807  
11003.35223  
10986.01459  
10980.95176  
11013.49477  
10983.61923  
10977.85539  
11032.19289  
11023.96328  
10978.90632  
10980.85522  
11006.62844  
10990.34418  
11005.55711  
10999.92364  
11006.72591  
10999.94631  
11039.54611  
10995.45402  
11048.83387  
10975.37232  
10993.82114  
11021.8781  
11005.96884  
11042.29986  
11044.28386  
11041.08536  
11041.50548  
11021.2763  
11079.30432  
10985.31556  
11137.6283  
11033.49914  
10999.55152  
10935.74483  
10903.7307  
10916.18611  
10925.65555  
10976.4669  
10932.17471  
10917.27724  
10940.0791  
10955.42073  
10988.30605  
11006.8412  
11035.94345  
10988.86496  
11001.48705  
10996.78355  
11002.4395  
10985.5748  
11012.05612  
11038.84855  
11035.86498  
11034.47828  
11053.59531  
11034.26288  
11024.94303  
11033.26683  
11034.92663  
11022.27284  
11020.03813  
11019.59974  
10987.67902  
10981.88202  
10999.25324  
10995.46787  
11012.19753  
10993.10846  
