11504.51595  
11529.65026  
11554.76414  
11536.62218  
11554.28938  
11620.77417  
11667.62041  
11527.7907  
11458.62992  
11440.87727  
11462.60786  
11465.30012  
11513.63092  
11601.21223  
11554.77863  
11515.46474  
11509.48879  
11501.11736  
11460.67339  
11496.02753  
11552.41367  
11537.04721  
11571.7484  
11552.50136  
11545.48239  
11543.63122  
11565.30848  
11563.59607  
11572.04763  
11531.25304  
11528.0074  
11544.19081  
11544.52597  
11546.1528  
11526.09263  
11513.37739  
11494.67287  
11535.12271  
11503.67791  
11549.67173  
11573.88772  
11560.4234  
11587.38377  
11523.84867  
11488.07936  
11523.44351  
11590.4743  
11576.83036  
11566.78153  
11533.77219  
11558.15011  
11516.91495  
11496.25371  
11507.1825  
11506.20738  
11519.15731  
11517.64657  
11499.43577  
11530.64359  
11554.49664  
11568.19184  
11533.95507  
11503.39203  
11533.57139  
11541.53042  
11508.71464  
11481.20333  
11527.16638  
11522.98464  
11486.80366  
11499.78928  
11562.55622  
11552.26643  
11550.99411  
11568.51993  
11577.23837  
11514.80757  
11497.7475  
11505.43057  
11501.18927  
11488.11888  
11514.6228  
11512.5491  
11581.39084  
11547.57987  
11528.98696  
11504.93179  
11508.12584  
11500.4363  
11572.34023  
11515.10926  
11508.31725  
11502.29482  
11494.51941  
11501.12513  
11533.36033  
11509.47525  
11488.58184  
11535.98023  
11581.29586  
11528.86197  
11507.48244  
11499.63708  
11557.64752  
11583.23662  
11563.53858  
11649.49848  
11642.27504  
11607.69839  
11567.64418  
11591.58453  
11511.3908  
11515.66751  
11510.98621  
11550.99238  
11657.79831  
11627.46864  
11554.51849  
11579.11802  
11489.26479  
11671.42952  
11570.30709  
11655.03677  
11545.18663  
11396.84775  
11324.23353  
11266.01238  
11254.6207  
11385.81208  
11427.89378  
11427.66578  
11457.66319  
11540.99645  
11576.11044  
11588.49173  
11584.60933  
11564.63781  
11561.95641  
11537.53939  
11479.67804  
11482.69795  
11515.51123  
11543.41399  
11526.41317  
11560.67267  
11584.74816  
11585.86218  
11560.88715  
11515.55994  
11484.41068  
11524.96253  
11523.55796  
11578.03418  
11611.58697  
11550.71936  
11527.51789  
11485.9272  
11511.57068  
11568.83961  
11568.87647  
