11448.11164  
11448.36023  
11506.42072  
11510.70643  
11441.93711  
11449.24654  
11432.89346  
11402.06274  
11402.252  
11412.3568  
11450.69296  
11446.87389  
11462.52891  
11479.41822  
11448.84218  
11436.62677  
11434.31768  
11452.66467  
11493.60313  
11518.01046  
11500.12513  
11473.52845  
11443.9073  
11439.7096  
11439.29875  
11452.98931  
11471.91186  
11484.98512  
11481.695  
11447.57587  
11441.67661  
11422.38947  
11397.02258  
11396.00646  
11404.43859  
11434.87746  
11459.35782  
11460.38474  
11492.54843  
11498.40089  
11514.74596  
11464.96461  
11454.92532  
11451.75268  
11446.13709  
11451.97413  
11439.21603  
11433.68745  
11436.95193  
11441.75366  
11441.86181  
11402.93887  
11401.01961  
11447.99098  
11482.66865  
11462.07246  
11455.80804  
11477.88075  
11447.27183  
11479.35394  
11441.54034  
11458.6017  
11483.44563  
11490.06946  
11485.32746  
11488.88048  
11448.50914  
11414.27685  
11446.90537  
11460.06577  
11464.8119  
11456.80041  
11451.50936  
11459.98236  
11486.2148  
11480.57039  
11461.6556  
11464.39686  
11474.75726  
11457.07224  
11431.17478  
11407.4551  
11409.34293  
11437.07976  
11485.59637  
11486.76043  
11476.85003  
11467.20366  
11417.93888  
11395.58135  
11387.02938  
11417.03061  
11447.73538  
11447.64844  
11449.96011  
11457.65124  
11474.27013  
11489.70365  
11481.56471  
11478.3275  
11465.48503  
11442.6525  
11426.11544  
11427.44073  
11458.94528  
11497.19238  
11483.90978  
11452.70704  
11429.65798  
11424.24576  
11453.10337  
11451.63089  
11466.82535  
11507.22263  
11500.59055  
11496.94003  
11490.22143  
11492.14786  
11464.36384  
11503.40273  
11496.65729  
11483.59122  
11437.44741  
11443.99327  
11479.54761  
11512.16221  
11501.21841  
11461.46945  
11420.82786  
11434.66377  
11415.1014  
11383.67835  
11410.47256  
11454.53296  
11456.52374  
11445.17758  
11475.02131  
11467.8691  
11474.59599  
11474.78016  
11516.59592  
11484.88894  
11466.22107  
11451.64946  
11456.4354  
11428.18401  
11452.04025  
11465.67369  
11454.86039  
11480.1186  
11520.71557  
11508.07216  
11481.19633  
11565.47914  
11390.41824  
11408.84941  
11477.29794  
11411.86509  
11364.44881  
11343.09566  
