11294.11044  
11304.80019  
11347.6081  
11356.75556  
11277.00236  
11249.92185  
11285.99174  
11207.32762  
11222.10804  
11251.65551  
11276.21151  
11305.50934  
11330.11349  
11357.17137  
11297.39765  
11259.25609  
11275.37377  
11328.09318  
11377.27433  
11355.79097  
11296.70136  
11283.16268  
11289.84521  
11270.46813  
11307.82551  
11290.47852  
11280.85732  
11272.35925  
11274.40907  
11226.8391  
11273.98667  
11229.09405  
11227.55845  
11231.97414  
11261.94202  
11273.19166  
11304.04218  
11299.62969  
11353.88572  
11372.66655  
11376.43646  
11319.01297  
11291.02781  
11290.28195  
11301.11496  
11318.95794  
11247.89411  
11255.20765  
11294.8812  
11297.02609  
11259.78683  
11210.65474  
11238.46983  
11312.14258  
11336.74319  
11261.66631  
11265.85776  
11289.06418  
11363.90419  
11341.11761  
11355.68767  
11303.95234  
11334.18833  
11305.60006  
11323.08502  
11323.42192  
11304.49949  
11263.27516  
11283.09944  
11321.59534  
11293.50359  
11285.27395  
11277.68045  
11300.60906  
11299.21045  
11258.83817  
11231.20113  
11263.4904  
11294.33307  
11274.54694  
11254.66149  
11202.24771  
11246.18752  
11318.88407  
11346.93986  
11319.58403  
11326.79677  
11267.53804  
11229.33664  
11202.7099  
11274.31456  
11250.71803  
11302.01862  
11310.96864  
11299.09978  
11322.55333  
11349.04743  
11380.6423  
11324.00798  
11318.40963  
11308.29522  
11255.07475  
11246.0311  
11314.8964  
11320.20232  
11338.43264  
11309.86267  
11268.53785  
11250.586  
11283.31762  
11274.31267  
11292.34959  
11302.89498  
11360.45977  
11344.20323  
11319.23285  
11308.43393  
11360.6513  
11315.01342  
11331.78751  
11331.09229  
11287.83483  
11252.27267  
11271.48599  
11337.06802  
11420.63296  
11334.21045  
11245.06978  
11252.61738  
11283.15633  
11221.21973  
11220.69637  
11285.34375  
11354.09795  
11351.49656  
11291.93238  
11352.00677  
11344.78949  
11342.88296  
11332.85681  
11424.95431  
11332.27692  
11315.79673  
11302.84715  
11260.77959  
11278.21506  
11301.96858  
11351.88232  
11382.79479  
11362.80452  
11382.41653  
11291.47675  
11284.64604  
11392.38226  
11140.93657  
11267.66737  
11310.4134  
11216.43971  
11124.62655  
11136.65275  
