11686.29334  
11746.83576  
11835.60981  
11811.73674  
11702.43401  
11735.19505  
11713.72934  
11706.66599  
11688.5903  
11773.58438  
11826.1903  
11728.20796  
11741.10471  
11776.70475  
11706.37055  
11651.46447  
11662.15992  
11710.91354  
11828.29668  
11800.95076  
11790.43967  
11713.64488  
11680.67743  
11659.83624  
11711.60115  
11742.49638  
11764.2002  
11789.48108  
11835.63743  
11745.27537  
11717.88053  
11665.26942  
11684.08557  
11634.20065  
11669.07324  
11773.27791  
11833.82112  
11756.01356  
11796.33062  
11830.66057  
11859.27018  
11820.3625  
11731.93819  
11708.89575  
11731.38989  
11716.113  
11673.61623  
11721.65421  
11734.68611  
11768.11398  
11661.80725  
11669.47411  
11681.13283  
11723.64451  
11718.84744  
11735.26671  
11688.89262  
11694.37661  
11734.1844  
11836.92072  
11834.45195  
11779.46636  
11769.48815  
11781.77689  
11762.95039  
11817.27157  
11692.95545  
11677.20174  
11733.31771  
11787.48127  
11796.94082  
11707.7689  
11705.43188  
11752.52205  
11736.15532  
11729.11521  
11697.53598  
11714.0628  
11709.91474  
11749.36246  
11714.85464  
11716.78841  
11704.89312  
11723.3727  
11746.35028  
11762.76024  
11835.14078  
11717.49661  
11662.6224  
11653.58453  
11642.28761  
11663.89258  
11768.96775  
11788.12802  
11766.03757  
11777.762  
11817.79729  
11766.87248  
11751.43689  
11721.30924  
11731.49972  
11669.67862  
11685.70024  
11720.13407  
11748.00115  
11789.389  
11788.76367  
11706.66699  
11702.70859  
11717.87155  
11713.70977  
11765.01855  
11802.93539  
11837.47684  
11830.00697  
11826.30493  
11741.73312  
11735.9247  
11701.91773  
11744.3735  
11750.01612  
11715.08533  
11696.93162  
11702.20822  
11752.72509  
11814.0957  
11756.59397  
11658.42854  
11678.73878  
11738.01484  
11670.41853  
11657.52964  
11720.23937  
11742.31081  
11774.42541  
11707.38637  
11722.62025  
11714.48631  
11734.48889  
11756.40002  
11856.88496  
11795.72812  
11808.34757  
11800.66124  
11765.36732  
11717.00764  
11719.26033  
11707.64273  
11710.24891  
11839.0219  
11862.40779  
11816.91309  
11776.6393  
11954.49178  
11759.56699  
11789.16252  
11766.86536  
11638.04475  
11490.06506  
11493.88006  
