11267.57191  
11258.75692  
11334.10978  
11346.90411  
11268.63379  
11278.50525  
11260.96058  
11232.16  
11237.79  
11258.91287  
11266.50025  
11267.61804  
11289.35004  
11293.48274  
11277.17227  
11246.6377  
11255.12975  
11292.38353  
11329.99046  
11337.35818  
11317.03237  
11288.32564  
11255.38647  
11257.06152  
11287.00619  
11288.46282  
11293.50204  
11310.1156  
11296.12937  
11267.25609  
11261.03898  
11245.40109  
11215.70597  
11215.37057  
11246.07708  
11259.9027  
11287.54617  
11281.00885  
11323.5286  
11333.00785  
11334.68039  
11302.99559  
11278.0946  
11283.19678  
11281.97605  
11281.82405  
11255.07364  
11254.44608  
11248.27093  
11260.82988  
11256.10688  
11223.49901  
11219.35263  
11277.36597  
11302.53364  
11275.5082  
11265.20104  
11293.02585  
11290.51127  
11329.21636  
11289.65915  
11285.17147  
11297.92254  
11303.72505  
11297.0666  
11296.76533  
11271.45363  
11251.35362  
11280.16048  
11289.51357  
11296.73987  
11273.44901  
11281.32249  
11275.65153  
11316.63295  
11286.50392  
11274.52328  
11287.03252  
11307.64846  
11288.82103  
11258.09623  
11229.53377  
11243.27738  
11268.73075  
11299.14072  
11317.87547  
11302.23238  
11284.76082  
11227.55381  
11205.98647  
11213.01639  
11233.11076  
11288.6354  
11290.36754  
11302.45573  
11294.35441  
11315.74402  
11327.08104  
11301.73573  
11290.88144  
11285.48645  
11264.45053  
11247.62816  
11246.28766  
11293.06625  
11313.51696  
11313.56135  
11276.12561  
11263.34309  
11254.87799  
11289.2251  
11288.4415  
11312.5657  
11349.50929  
11339.05789  
11312.46301  
11309.79933  
11329.87712  
11286.20639  
11324.10666  
11313.66649  
11302.15314  
11268.60198  
11252.66575  
11307.30521  
11337.67561  
11310.59872  
11248.61649  
11259.60885  
11260.70583  
11244.28959  
11215.03971  
11246.62474  
11287.56199  
11294.08434  
11268.8858  
11300.46386  
11294.64803  
11316.54672  
11313.09321  
11346.02387  
11312.41063  
11300.43882  
11283.4904  
11280.93322  
11252.60874  
11286.44009  
11312.0678  
11288.70484  
11321.25811  
11340.16759  
11315.80838  
11300.19324  
11389.60009  
11188.03403  
11230.82251  
11313.41552  
11232.56169  
11178.38153  
11159.29718  
