11908.72463  
11891.96165  
11935.6651  
11967.00208  
11953.63953  
11939.11368  
11928.1676  
11918.56255  
11898.27715  
11878.18499  
11901.04297  
11937.41184  
11926.52444  
11944.68621  
11940.10474  
11920.9717  
11881.31585  
11882.73102  
11897.06127  
11935.00256  
11923.94854  
11917.53856  
11937.59558  
11908.44554  
11906.61152  
11936.03594  
11940.60977  
11939.19398  
11928.40402  
11936.76588  
11908.23556  
11889.21641  
11899.63867  
11921.16329  
11928.87508  
11909.17571  
11929.65317  
11939.69429  
11920.26164  
11902.70293  
11901.63258  
11901.86015  
11913.55672  
11932.34756  
11947.13906  
11945.98213  
11940.21281  
11918.93777  
11921.63404  
11932.66811  
11905.37244  
11916.60553  
11919.58699  
11902.17253  
11939.48563  
11928.14724  
11913.45903  
11903.17824  
11920.06641  
11907.67975  
11927.38855  
11918.13485  
11910.06757  
11907.81225  
11937.25535  
11931.81271  
11933.04871  
11916.64259  
11903.79119  
11910.89065  
11935.46236  
11954.67794  
11956.03681  
11952.47584  
11938.33348  
11958.97787  
11939.76019  
11926.60488  
11915.92009  
11931.10702  
11927.43299  
11886.90001  
11900.79704  
11883.49757  
11935.33743  
11974.53454  
11959.30785  
11906.81246  
11899.18354  
11907.34771  
11905.22774  
11892.39647  
11946.42012  
11956.77186  
11949.35725  
11900.29448  
11891.06552  
11897.46819  
11910.88275  
11913.04346  
11943.10804  
11924.04556  
11910.8771  
11914.41235  
11939.67211  
11974.66291  
11949.94232  
11949.85349  
11914.07997  
11935.64634  
11921.1632  
11908.8811  
11946.31184  
11943.56612  
11952.1534  
11962.74498  
11972.38753  
11957.56064  
11942.39001  
11921.62147  
11944.06806  
11943.7408  
11956.02873  
11957.00669  
11975.51486  
11956.53487  
11937.19153  
11951.817  
11925.91542  
11902.65078  
11886.94074  
11883.51843  
11922.23078  
11907.28963  
11913.5337  
11947.57783  
11919.74129  
11923.86524  
11955.85031  
11972.503  
11986.68427  
11992.11692  
11993.79733  
11877.64631  
11873.20458  
11905.04862  
11921.35053  
11961.89485  
12004.75152  
12034.27668  
11957.25409  
12027.96129  
11879.52565  
11868.02672  
11950.49946  
11846.02081  
11852.89811  
11855.65111  
11833.33006  
11847.29989  
