11740.69061  
11747.88013  
11772.92674  
11810.30715  
11735.58592  
11683.38064  
11651.6437  
11713.45605  
11718.27956  
11751.09934  
11777.40456  
11733.62832  
11746.21665  
11710.05436  
11724.08179  
11741.2679  
11641.6841  
11661.26819  
11682.63951  
11620.86674  
11688.60586  
11706.52529  
11647.56748  
11631.42619  
11731.11403  
11701.66707  
11699.45276  
11708.99837  
11742.85834  
11705.51839  
11747.5777  
11711.18132  
11679.02852  
11730.71153  
11753.85915  
11696.23289  
11768.33026  
11783.89811  
11739.68089  
11774.57479  
11799.50977  
11702.3101  
11743.64286  
11744.87622  
11721.79313  
11677.91811  
11690.96908  
11710.99967  
11711.91451  
11718.67006  
11673.37592  
11711.89785  
11738.46995  
11724.5989  
11802.91872  
11812.11884  
11764.65196  
11725.22624  
11756.49941  
11733.85345  
11734.62893  
11741.42131  
11711.78448  
11772.91099  
11902.13127  
11836.80371  
11750.35626  
11600.53078  
11511.43781  
11526.05904  
11522.36882  
11529.93756  
11621.51799  
11602.46313  
11586.99007  
11651.18689  
11672.41012  
11664.72062  
11713.45787  
11738.60962  
11766.0356  
11696.49766  
11808.19885  
11697.47622  
11685.4172  
11737.00232  
11722.84703  
11729.99876  
11866.85234  
11816.45614  
11702.53898  
11720.25712  
11750.53174  
11726.90216  
11807.45359  
11747.98639  
11815.39008  
11768.94818  
11757.25146  
11819.07129  
11802.2356  
11782.84133  
11813.73303  
11796.45306  
11800.27858  
11717.44076  
11787.60504  
11715.0646  
11738.48234  
11739.21686  
11734.37351  
11710.68064  
11744.34416  
11597.56051  
11589.56517  
11626.88552  
11639.33698  
11603.41563  
11754.45317  
11663.99707  
11713.19816  
11770.63003  
11724.95791  
11766.20367  
11733.57121  
11711.67723  
11618.01113  
11657.58339  
11674.31175  
11724.26078  
11678.57408  
11638.1884  
11650.06848  
11681.58521  
11681.19316  
11756.21145  
11768.76351  
11732.2049  
11835.67558  
11903.29478  
11945.14787  
11965.93923  
11857.13314  
11834.86719  
11728.98926  
11535.24143  
11479.52749  
11541.28389  
11508.61039  
11609.37549  
11701.99373  
11783.28569  
11710.40755  
11735.51192  
11741.23842  
11824.927  
11766.37531  
11736.31486  
11664.76748  
11748.81757  
