11581.05575  
11585.52725  
11579.73798  
11570.98701  
11582.31474  
11544.70379  
11481.8626  
11514.82919  
11534.50585  
11525.46361  
11581.38207  
11555.60827  
11563.9523  
11555.0558  
11564.84712  
11560.65958  
11525.69263  
11508.12966  
11526.20351  
11568.92777  
11553.78015  
11536.22816  
11524.59093  
11518.61738  
11519.45251  
11535.42341  
11536.55663  
11557.11429  
11572.43134  
11552.34815  
11555.00084  
11543.61094  
11518.53533  
11549.76437  
11575.87503  
11546.03952  
11556.62501  
11542.43784  
11573.7032  
11556.62277  
11550.66162  
11568.71104  
11588.28695  
11557.93885  
11563.08486  
11544.3912  
11552.1602  
11565.47303  
11557.78463  
11579.18405  
11541.2272  
11542.01523  
11525.4633  
11572.84693  
11583.78015  
11562.25118  
11581.39011  
11538.95461  
11526.36208  
11535.32439  
11544.35816  
11542.08758  
11578.49023  
11573.66045  
11668.19375  
11621.53286  
11516.70809  
11409.91632  
11352.99611  
11355.07315  
11378.12262  
11432.90552  
11487.80641  
11502.83372  
11544.38708  
11558.67343  
11566.53781  
11557.88816  
11563.08142  
11542.56796  
11586.2723  
11602.73253  
11602.70852  
11568.89606  
11532.1561  
11527.80944  
11571.05713  
11589.43737  
11737.71068  
11616.8688  
11558.96454  
11569.22447  
11611.66885  
11561.9156  
11573.43278  
11541.421  
11564.15639  
11577.08172  
11646.04754  
11577.90525  
11612.41627  
11587.04175  
11589.76283  
11592.19924  
11571.05614  
11567.19352  
11552.76551  
11540.80018  
11545.25342  
11579.61782  
11575.2749  
11574.0918  
11539.71087  
11463.92197  
11459.50936  
11471.09843  
11491.07677  
11499.81539  
11566.23469  
11525.11913  
11525.9947  
11558.61042  
11569.38232  
11568.06125  
11574.76629  
11548.86926  
11494.67091  
11482.53534  
11475.27832  
11558.43426  
11514.07688  
11523.79386  
11549.86816  
11552.68488  
11570.54861  
11597.25298  
11620.55436  
11620.87598  
11634.96379  
11678.08945  
11694.22826  
11680.44624  
11644.15128  
11575.85924  
11438.17728  
11402.9134  
11386.33533  
11395.00116  
11399.5116  
11486.82586  
11547.09702  
11633.58647  
11578.22319  
11571.94712  
11555.84051  
11581.3509  
11608.58663  
11571.68842  
11532.3762  
11566.43011  
