11877.55421  
11866.46583  
11905.67818  
11927.42989  
11881.09425  
11832.9017  
11789.87133  
11836.71284  
11855.1744  
11879.66154  
11907.73261  
11895.28612  
11885.68918  
11872.02788  
11875.76621  
11870.92866  
11800.75963  
11819.38147  
11834.40426  
11790.21008  
11823.7389  
11833.29576  
11795.5352  
11788.52333  
11871.66733  
11839.23717  
11841.33501  
11861.39499  
11871.70781  
11867.86892  
11896.98547  
11883.23309  
11845.66257  
11892.22085  
11907.96281  
11850.85862  
11883.47769  
11894.21611  
11872.4914  
11913.5036  
11927.18621  
11855.43146  
11887.46703  
11865.73065  
11868.7885  
11848.15875  
11847.26554  
11872.05819  
11862.24823  
11854.30981  
11832.73684  
11861.14273  
11863.87484  
11850.49359  
11925.36605  
11943.2695  
11895.62876  
11849.60512  
11903.38613  
11887.27033  
11877.25081  
11856.56428  
11830.90449  
11899.91082  
11994.04414  
11918.81727  
11881.67725  
11749.27854  
11705.25105  
11721.42428  
11710.01271  
11710.47338  
11774.60694  
11764.32099  
11771.71022  
11806.86529  
11829.04015  
11817.97925  
11868.09324  
11876.0052  
11896.91661  
11856.71449  
11945.59404  
11847.18483  
11838.79827  
11881.99468  
11883.35083  
11876.59623  
11989.86916  
11981.97135  
11820.60095  
11859.97552  
11895.00834  
11867.23255  
11906.48239  
11863.4557  
11918.23193  
11895.84949  
11909.1264  
11915.90186  
11929.4916  
11918.05524  
11922.17029  
11901.28713  
11895.73927  
11864.46247  
11907.83367  
11870.11739  
11903.83685  
11873.85909  
11874.81527  
11857.98772  
11853.70801  
11781.93527  
11777.10972  
11810.17934  
11802.25715  
11769.04826  
11859.01813  
11802.17922  
11851.51246  
11888.2976  
11854.40489  
11874.05939  
11869.78798  
11865.36195  
11792.21911  
11784.49337  
11810.83461  
11839.30773  
11827.15579  
11812.22035  
11809.97893  
11835.53532  
11807.26823  
11873.69758  
11884.12122  
11853.53534  
11948.32605  
11987.64462  
12066.5271  
12082.99492  
11938.22421  
11935.30955  
11864.54297  
11735.45307  
11672.04908  
11699.67077  
11695.79314  
11802.32487  
11850.64788  
11907.65572  
11866.90913  
11887.00956  
11858.7874  
11909.69371  
11899.25123  
11876.44572  
11845.17611  
11901.72676  
