11822.47734  
11822.80196  
11860.27056  
11863.80803  
11830.70083  
11829.00911  
11813.26107  
11786.86294  
11832.08547  
11836.18292  
11825.6506  
11870.06651  
11845.49306  
11813.77086  
11854.31406  
11871.17914  
11804.0558  
11795.53288  
11788.42532  
11804.52566  
11819.78062  
11802.97254  
11788.54223  
11799.94711  
11821.98885  
11816.25632  
11835.01194  
11835.60127  
11825.64875  
11853.48269  
11849.03146  
11848.88601  
11847.76579  
11871.30822  
11882.85487  
11867.9796  
11828.27011  
11824.27588  
11850.85633  
11843.52625  
11852.88829  
11863.45297  
11864.71734  
11826.72575  
11828.05006  
11821.86675  
11817.06887  
11835.32562  
11871.0387  
11853.62186  
11821.17686  
11833.96048  
11810.68806  
11808.20682  
11856.80075  
11876.79368  
11828.33865  
11830.01285  
11852.83837  
11836.55328  
11835.21902  
11831.83036  
11800.78659  
11862.33001  
11868.48968  
11858.77124  
11818.89892  
11755.05324  
11754.72694  
11720.245  
11727.82876  
11734.76796  
11765.13028  
11792.92293  
11798.2207  
11773.1693  
11763.36145  
11786.51511  
11801.27615  
11863.79479  
11865.35614  
11830.3893  
11910.06811  
11878.42132  
11852.65214  
11923.69545  
11864.54788  
11868.41754  
11836.01746  
11842.19367  
11767.85761  
11792.66301  
11801.59553  
11794.8687  
11823.17795  
11805.01211  
11822.05357  
11840.86386  
11850.53835  
11840.98012  
11860.82567  
11839.41861  
11823.19437  
11860.45589  
11875.00678  
11846.19732  
11853.97462  
11847.65893  
11856.26629  
11878.59971  
11866.24665  
11817.12654  
11830.27515  
11795.219  
11829.65091  
11801.74732  
11813.42478  
11795.44199  
11806.18839  
11782.71227  
11825.08572  
11818.81125  
11811.96804  
11851.35828  
11880.96465  
11850.70437  
11825.8676  
11758.10371  
11784.80641  
11825.83062  
11813.43224  
11776.77528  
11778.23445  
11796.22232  
11782.94793  
11815.54004  
11834.47713  
11828.80411  
11848.31491  
11903.55024  
11926.87419  
11988.27726  
11908.10618  
11853.11612  
11830.43303  
11796.98117  
11741.99086  
11739.84071  
11747.12463  
11784.49219  
11820.68075  
11841.40382  
11832.51719  
11843.35222  
11873.93827  
11861.53506  
11848.76805  
11819.67727  
11814.91771  
11838.50757  
