11724.18368  
11730.78264  
11741.06053  
11758.88686  
11728.15972  
11724.67169  
11660.82973  
11662.84791  
11703.09433  
11712.73418  
11705.12003  
11742.80796  
11733.10465  
11724.32411  
11737.11252  
11761.12543  
11693.42777  
11675.90885  
11688.07849  
11701.77921  
11695.0606  
11717.50398  
11682.72828  
11672.23038  
11726.07621  
11719.7708  
11703.23195  
11717.95332  
11739.87095  
11720.53212  
11722.80792  
11714.83738  
11721.74544  
11727.92334  
11756.9235  
11729.42533  
11705.09708  
11712.39234  
11703.64075  
11718.52349  
11738.44444  
11772.05395  
11768.79337  
11711.22152  
11717.95949  
11723.71705  
11718.27163  
11740.17817  
11782.40334  
11745.06518  
11703.73472  
11755.07301  
11736.62335  
11714.1199  
11759.94674  
11752.09093  
11711.0487  
11716.80228  
11724.15951  
11750.78413  
11752.67225  
11702.74808  
11672.57993  
11723.16833  
11763.47132  
11723.29004  
11679.90777  
11600.94108  
11589.83169  
11560.12882  
11576.17037  
11602.41555  
11596.72258  
11634.88162  
11644.46721  
11620.60485  
11614.49363  
11674.27903  
11658.46698  
11694.00239  
11743.95358  
11691.70077  
11767.37815  
11716.69027  
11678.46181  
11755.89166  
11686.57869  
11747.11263  
11892.90802  
11712.18886  
11670.49561  
11725.39254  
11738.31355  
11688.30293  
11774.6259  
11705.49099  
11716.84816  
11759.92142  
11750.11498  
11743.06348  
11790.23644  
11754.00676  
11770.96474  
11780.77922  
11765.63449  
11727.75363  
11755.01107  
11760.04881  
11765.274  
11724.23293  
11743.26823  
11737.31122  
11709.2949  
11670.81552  
11714.40621  
11674.80905  
11692.98286  
11707.59071  
11709.25729  
11665.4815  
11714.25333  
11723.68556  
11704.80188  
11775.3452  
11762.80046  
11710.12442  
11694.50089  
11674.81496  
11682.23135  
11739.11786  
11713.68153  
11686.53248  
11706.85563  
11747.65489  
11701.04324  
11725.85286  
11743.26159  
11768.74302  
11767.83536  
11819.15019  
11819.07619  
11853.44151  
11805.23257  
11720.4872  
11668.18569  
11627.21039  
11589.91131  
11612.95662  
11606.10037  
11651.28138  
11673.45651  
11737.07487  
11698.50076  
11740.95012  
11735.26698  
11769.03358  
11754.80859  
11711.47407  
11704.97369  
11751.50373  
