11217.80068  
11211.79844  
11253.86125  
11266.86109  
11221.99352  
11193.73291  
11169.90777  
11164.19962  
11193.84827  
11199.54196  
11202.3948  
11244.18302  
11213.40065  
11178.69979  
11217.65007  
11226.51483  
11148.42325  
11139.32256  
11143.47127  
11136.08206  
11178.12973  
11171.40627  
11147.68561  
11137.72166  
11172.4802  
11169.8866  
11198.50956  
11194.52404  
11201.23864  
11212.74506  
11236.09019  
11195.51861  
11195.25476  
11225.14941  
11246.34066  
11216.32507  
11212.82315  
11204.91808  
11213.37106  
11227.34266  
11237.51974  
11222.69461  
11234.50871  
11214.52231  
11205.26995  
11183.00025  
11175.51347  
11205.93862  
11244.13541  
11227.93737  
11176.20107  
11196.79002  
11182.36121  
11177.7468  
11232.68065  
11262.52725  
11208.38316  
11193.41167  
11192.81634  
11186.75481  
11204.62387  
11204.0169  
11196.26996  
11260.33576  
11260.46427  
11237.83874  
11197.93271  
11095.96959  
11041.3958  
11036.46106  
11027.94707  
11046.92389  
11090.1613  
11126.38891  
11107.18962  
11113.47078  
11105.78679  
11117.99275  
11160.20887  
11196.61427  
11234.96558  
11164.22394  
11264.3142  
11206.99107  
11167.72563  
11274.10221  
11204.76465  
11195.44209  
11280.5802  
11266.52725  
11212.54358  
11216.34709  
11238.46744  
11248.91761  
11260.49228  
11243.95816  
11220.42859  
11231.34008  
11274.6824  
11260.66332  
11276.40391  
11272.16899  
11233.47081  
11239.47565  
11286.23935  
11218.92511  
11232.02112  
11204.50158  
11237.13152  
11233.91067  
11225.94724  
11196.96282  
11211.33166  
11128.89626  
11152.35578  
11143.7973  
11171.23865  
11148.81537  
11175.31188  
11138.5421  
11185.46547  
11194.94318  
11209.16883  
11222.14287  
11237.11271  
11220.99732  
11164.5658  
11128.68033  
11147.09241  
11226.77474  
11186.94768  
11158.98283  
11164.10294  
11183.67137  
11175.19456  
11221.29284  
11242.47947  
11241.52504  
11288.75183  
11327.5548  
11334.35215  
11396.42212  
11329.56975  
11262.13951  
11189.00462  
11101.66557  
11075.94399  
11055.35758  
11063.57068  
11112.01232  
11174.30353  
11188.73514  
11195.64276  
11208.10673  
11217.60871  
11239.22442  
11233.00013  
11198.49294  
11172.68148  
11215.23595  
