11771.52715  
11737.08762  
11810.39538  
11795.7399  
11842.50027  
11901.79274  
11861.80202  
11943.55776  
11959.04927  
11992.80123  
11883.46651  
11878.51879  
11853.54917  
11829.79185  
11848.27919  
11744.81454  
11845.19675  
11752.7237  
11764.66058  
11708.97789  
11792.829  
11764.03487  
11768.20971  
11745.8913  
11812.67905  
11818.92193  
11880.05488  
11904.49288  
11833.62582  
11871.77722  
11826.15723  
11923.75378  
11849.85676  
11878.70032  
11910.83714  
11865.25082  
11849.47189  
11912.46278  
11841.39187  
11932.26204  
11951.765  
11819.84714  
11936.41229  
11897.32266  
11797.37406  
11883.3987  
11899.9101  
11907.84906  
11817.99082  
11856.06463  
11661.26143  
11754.57351  
11639.12979  
11740.17484  
11793.62124  
11750.56625  
11763.73029  
11776.62202  
11782.64086  
11863.89091  
11866.58549  
11858.83017  
11791.75891  
11920.3994  
11936.71974  
11802.08722  
11793.48299  
11800.25071  
11660.73961  
11739.75874  
11795.64521  
11837.43825  
11833.19103  
11764.52736  
11830.57045  
11788.19155  
11844.6505  
11914.72766  
11845.98684  
11919.92257  
11913.18523  
11930.00174  
11870.25105  
11927.77184  
11928.69995  
11927.68168  
11821.23036  
11795.5005  
11786.58553  
11760.20756  
11789.37482  
11812.59592  
11739.00929  
11830.68546  
11808.4225  
11887.50288  
11877.08075  
11841.16754  
11864.88777  
11842.38656  
11798.49476  
11790.03278  
11853.97736  
11885.54407  
11876.28968  
11867.34386  
11931.30224  
11997.90977  
11904.06614  
11847.38256  
11879.83796  
11882.92658  
11920.02518  
11764.13542  
11850.60336  
11887.06399  
11827.72292  
11926.29348  
11846.37047  
11847.72821  
11840.30692  
11849.28063  
11872.05158  
11896.20778  
11777.52711  
11866.22287  
11864.77628  
11722.66674  
11743.50341  
11738.03651  
11767.82757  
11789.12259  
11718.1146  
11752.85515  
11730.39256  
11843.68532  
11820.47425  
11876.71094  
11819.62521  
11869.44691  
11754.63343  
11902.5608  
11844.76644  
11867.44361  
11884.90852  
11880.84805  
11834.59322  
11815.4196  
11809.37971  
11851.23551  
11883.31502  
11864.82187  
11876.14331  
11892.68065  
11831.15762  
11830.01921  
11831.8983  
11911.93691  
11868.33079  
11738.15073  
