11081.08405  
11019.22648  
11051.40953  
11045.83356  
11064.25028  
11065.60425  
11112.32451  
11141.03655  
11168.98311  
11138.82804  
11105.03066  
11086.78134  
11103.92966  
11066.67511  
11109.99155  
11049.58628  
11073.82081  
11057.10816  
11046.45841  
11010.47799  
11053.38374  
11016.33606  
11013.31828  
11018.02283  
11075.18718  
11125.28858  
11050.20588  
11112.53251  
11053.24557  
11089.69692  
11024.62833  
11131.05201  
11075.74844  
11085.48646  
11099.80096  
11100.81215  
11084.87798  
11077.6505  
11077.78856  
11083.87156  
11092.82754  
11077.36725  
11100.6636  
11099.96043  
11098.48953  
11160.03053  
11139.77411  
11133.7647  
11079.93921  
11124.38426  
11020.83048  
11086.58882  
11079.8424  
11046.0359  
11125.6684  
11041.9405  
11026.22206  
11022.00403  
11080.46802  
11036.36514  
11047.21836  
11074.33669  
11056.09145  
11117.05637  
11113.35234  
11076.52782  
11038.29696  
11066.17826  
10989.68229  
11002.90534  
11066.43015  
11019.75987  
11072.93659  
11064.89659  
11070.59235  
11033.61827  
11053.99746  
11092.54458  
11053.33777  
11092.65979  
11144.5922  
11058.49723  
11087.53437  
11113.43318  
11148.02411  
11125.90994  
11114.66587  
11024.84644  
11087.36897  
11074.0691  
11027.9737  
11059.59395  
11062.57721  
11055.91664  
11065.29084  
11078.56923  
11080.75  
11087.50764  
11080.92741  
11077.3699  
11099.36982  
11067.11663  
11040.92076  
11104.34834  
11046.3923  
11104.89806  
11119.03277  
11079.62866  
11093.13138  
11072.22819  
11103.87615  
11051.09296  
11115.33982  
11088.11486  
11066.06995  
11129.96744  
11032.92324  
11120.7701  
11072.70495  
11056.77992  
11080.16727  
11104.43293  
11079.50382  
11127.83892  
11096.85658  
11072.7781  
11131.12281  
11049.04866  
11049.26959  
11095.97815  
11027.282  
11089.55009  
11050.67649  
11026.84719  
11065.92728  
11043.19152  
11065.17641  
11121.44836  
11047.47086  
11068.89194  
11087.52576  
11098.88117  
11080.27846  
11085.80791  
11140.80847  
11107.48258  
11058.74279  
11105.11327  
11020.11068  
11064.55221  
11090.58503  
11054.19983  
11102.16682  
11100.05036  
11066.35678  
11038.24728  
11114.87896  
11096.73394  
11067.15316  
11051.26062  
