10145.63585  
10076.21347  
10081.52022  
10092.69558  
10102.22351  
10126.94463  
10091.80111  
10173.61802  
10212.61253  
10169.23379  
10124.76274  
10115.58322  
10146.23373  
10112.80057  
10113.89754  
10078.04289  
10100.82461  
10040.43858  
10070.01216  
10045.90347  
10065.89453  
10024.88443  
10075.94128  
10103.81346  
10103.90303  
10116.00569  
10103.14611  
10136.5496  
10081.83675  
10105.54039  
10114.6442  
10148.92163  
10098.99495  
10117.1843  
10133.94818  
10144.15691  
10111.05095  
10115.97669  
10129.36073  
10144.26334  
10146.18625  
10157.35796  
10135.97502  
10133.38801  
10143.43461  
10177.21987  
10221.69321  
10128.57002  
10047.36343  
10145.27649  
10056.43702  
10085.53322  
10120.45693  
10109.99927  
10138.84261  
10063.52493  
10053.48893  
10050.67942  
10093.5423  
10046.6185  
10080.29228  
10128.78366  
10101.78227  
10147.39414  
10157.54301  
10109.71333  
10060.74861  
10040.94294  
10019.67512  
10045.97469  
10062.41072  
10045.81688  
10097.56235  
10084.81805  
10160.56844  
10119.04978  
10129.23442  
10136.65475  
10100.11818  
10159.05311  
10168.24788  
10100.1923  
10153.19668  
10165.59373  
10158.24961  
10144.19446  
10133.28921  
10078.12045  
10098.9611  
10124.51683  
10067.38738  
10076.55901  
10050.02612  
10085.67084  
10106.16626  
10135.04446  
10118.08833  
10124.13279  
10128.41074  
10101.93925  
10122.78482  
10108.55417  
10118.37862  
10132.98236  
10080.8147  
10135.62234  
10147.17846  
10155.90627  
10164.65311  
10099.62361  
10128.50231  
10103.69799  
10169.10518  
10112.46449  
10135.97455  
10146.48971  
10072.65812  
10152.55874  
10082.9627  
10100.43447  
10135.40766  
10168.86983  
10136.12093  
10142.22426  
10116.01741  
10156.31913  
10160.92711  
10051.6906  
10070.61183  
10095.17098  
10030.24131  
10075.48672  
10058.8841  
10061.93935  
10074.04983  
10114.01993  
10106.7264  
10115.2912  
10072.68715  
10075.59092  
10110.5533  
10141.42451  
10140.17734  
10124.26787  
10186.09662  
10104.21931  
10091.1746  
10175.93104  
10064.3664  
10083.45799  
10118.10327  
10079.18742  
10134.03661  
10139.98984  
10092.6736  
10125.17865  
10179.88851  
10129.39937  
10091.0791  
10063.84905  
