10857.40931  
10780.31543  
10832.74718  
10827.73399  
10825.70485  
10862.23807  
10873.34071  
10923.5939  
10932.08482  
10968.89823  
10900.45839  
10892.88197  
10897.48173  
10879.78623  
10915.12562  
10835.13812  
10887.37766  
10857.17314  
10849.92334  
10807.48587  
10847.56033  
10832.61575  
10811.46161  
10789.45675  
10837.41986  
10859.26257  
10828.4022  
10889.02399  
10830.0517  
10857.33929  
10791.82406  
10926.48263  
10851.90357  
10852.46409  
10871.25074  
10872.95164  
10855.55724  
10863.86777  
10872.77065  
10895.07296  
10912.03285  
10873.77022  
10920.68136  
10899.0714  
10886.37913  
10952.32569  
10908.49242  
10923.43735  
10854.38604  
10920.54336  
10787.78308  
10844.40207  
10813.23949  
10814.32164  
10904.35875  
10808.24937  
10803.48552  
10797.33892  
10841.6925  
10835.03556  
10839.90381  
10860.69728  
10837.75269  
10900.47603  
10928.41169  
10871.86833  
10827.51358  
10865.80368  
10749.0519  
10778.36235  
10843.67424  
10816.73427  
10857.99823  
10824.55063  
10857.66962  
10810.3383  
10828.93465  
10889.34984  
10827.59727  
10888.31953  
10914.96302  
10875.43243  
10868.36237  
10912.27957  
10946.21772  
10927.35104  
10888.70555  
10816.69528  
10872.62121  
10840.92573  
10808.93681  
10840.12761  
10820.34615  
10826.7414  
10836.55694  
10852.65579  
10864.38278  
10873.09105  
10861.89338  
10858.83061  
10875.87659  
10831.15164  
10835.89986  
10884.12864  
10831.56762  
10888.72554  
10909.31629  
10890.33844  
10901.43482  
10874.5887  
10913.82415  
10842.6615  
10941.65417  
10880.2683  
10872.11992  
10933.58865  
10823.97095  
10924.74841  
10863.65424  
10858.87673  
10901.39548  
10903.33481  
10879.94533  
10935.46904  
10865.51646  
10858.11146  
10944.63255  
10820.52188  
10838.75679  
10873.85284  
10789.83215  
10852.81268  
10791.49132  
10802.05992  
10828.79027  
10825.63481  
10837.30077  
10888.84495  
10833.38354  
10865.85702  
10856.26156  
10885.35369  
10882.29911  
10887.01322  
10935.99526  
10902.00037  
10835.20496  
10899.00679  
10802.63694  
10840.10732  
10892.63444  
10835.31284  
10888.06615  
10885.20007  
10851.79739  
10810.89141  
10891.65916  
10899.7531  
10873.79999  
10847.68574  
