11011.31242  
10971.93187  
10965.77434  
10964.80123  
10977.97231  
10943.016  
10973.41804  
11066.61671  
11091.03939  
11019.41709  
10990.51668  
11015.28072  
11067.00513  
10979.26029  
11065.70307  
10935.80273  
11036.65673  
10937.12583  
11009.78388  
10965.34685  
10987.34933  
10939.94857  
10936.49104  
10945.97276  
10980.69311  
11021.94509  
10996.92072  
10992.37743  
10958.00721  
11010.81463  
10964.20688  
11016.63917  
10948.52078  
10981.83383  
11036.74692  
11013.60369  
10989.99607  
11017.26638  
10996.31894  
11028.62167  
11027.93925  
11035.50776  
11077.15345  
11009.84375  
11017.52414  
11041.93572  
11073.67195  
11014.49895  
10924.63965  
11011.34475  
10904.30684  
10953.07767  
11002.66659  
11001.86601  
11048.76956  
10910.2038  
10918.23693  
10924.49079  
10990.35522  
10943.20828  
10967.35006  
11014.84728  
10987.80461  
11040.77935  
11040.00623  
11007.02464  
10951.70007  
10970.88644  
10866.70946  
10897.76297  
10965.46737  
10925.06528  
10992.64496  
10978.50085  
11007.38008  
10961.48773  
10995.54247  
11047.05952  
10950.12292  
11030.17245  
11023.53884  
10951.10382  
11034.08609  
11051.4681  
11035.61326  
11005.53518  
10989.69258  
10954.15375  
11002.48788  
10975.00326  
10935.55997  
10955.0467  
10954.06588  
10929.58571  
10929.5761  
10999.59388  
10951.49727  
10980.2637  
10998.01953  
10936.17501  
11024.10579  
10994.91061  
10944.24504  
11006.80551  
10949.96084  
11081.40825  
11088.5637  
11004.46903  
11031.08494  
10987.05809  
11037.50864  
11015.31986  
11066.55892  
11038.46893  
11047.20215  
11080.45255  
10979.26953  
11054.06455  
10968.26472  
11013.83834  
11086.92353  
11013.75749  
10967.16526  
11047.78493  
11025.72884  
11009.57474  
11054.96126  
10934.14466  
11004.04788  
11042.99184  
10896.89864  
10988.5018  
10948.20085  
11004.76435  
10972.24289  
10959.75058  
10943.39621  
11020.07457  
10922.90843  
11005.36513  
10979.25398  
11017.57424  
10965.29415  
11001.17268  
11043.34125  
11009.47774  
10956.13614  
11079.80058  
10964.71287  
11011.71419  
11038.42027  
10940.72766  
11004.19373  
11014.622  
10994.68843  
10959.07217  
11051.19028  
10988.69256  
10987.41131  
10975.70598  
