11778.91441  
11727.96593  
11794.89264  
11775.8411  
11802.4441  
11846.68741  
11802.8312  
11888.1939  
11889.29229  
11905.71672  
11816.75464  
11830.76352  
11826.81787  
11786.35307  
11824.53339  
11722.28752  
11819.50029  
11727.3149  
11756.85964  
11705.16774  
11770.39513  
11746.4444  
11717.81378  
11723.93977  
11750.87467  
11770.02876  
11824.01978  
11821.00854  
11765.92157  
11816.51899  
11765.36897  
11891.52046  
11810.10771  
11826.09763  
11845.90292  
11820.41328  
11791.09983  
11846.34952  
11793.47729  
11888.18421  
11879.11225  
11784.47852  
11898.54207  
11840.90027  
11772.93476  
11868.81046  
11862.68645  
11859.10679  
11785.01823  
11838.39055  
11665.44779  
11753.55029  
11647.14337  
11742.93739  
11792.44398  
11724.21043  
11749.22481  
11748.16209  
11754.22637  
11818.10414  
11791.41834  
11816.94273  
11760.95455  
11856.36497  
11892.88866  
11787.13846  
11764.88184  
11800.94377  
11657.36243  
11722.06555  
11785.79035  
11787.41866  
11801.70549  
11748.68323  
11813.69882  
11747.52524  
11784.78672  
11854.08889  
11786.18546  
11864.23394  
11838.45767  
11834.91837  
11823.09022  
11873.47096  
11884.34127  
11877.4644  
11793.61935  
11767.6028  
11767.24419  
11753.7928  
11770.26606  
11789.15072  
11731.23521  
11789.40046  
11763.31303  
11837.68184  
11804.2431  
11810.25503  
11811.423  
11786.1933  
11809.35024  
11766.94361  
11805.86629  
11837.0487  
11811.09598  
11814.33599  
11860.69157  
11886.31981  
11825.23716  
11796.53886  
11851.0524  
11804.53211  
11873.28108  
11735.05707  
11803.46727  
11821.36813  
11764.69789  
11882.61339  
11794.41511  
11821.17817  
11816.42161  
11800.37047  
11826.35718  
11851.94445  
11778.7092  
11831.27423  
11857.64062  
11715.04574  
11756.03999  
11766.14742  
11753.0625  
11757.05203  
11692.42453  
11757.6302  
11722.2222  
11804.14592  
11774.40269  
11834.4887  
11761.46356  
11817.85876  
11734.35087  
11854.70557  
11798.15664  
11847.81531  
11842.6564  
11825.78271  
11784.80363  
11798.11101  
11777.62225  
11820.46809  
11839.54114  
11803.92294  
11840.04504  
11833.03459  
11789.74743  
11776.5133  
11805.87928  
11842.97477  
11823.20126  
11712.61912  
