11400.43105  
11399.45263  
11399.2968  
11412.56998  
11392.11341  
11442.74808  
11466.94219  
11474.48035  
11443.84543  
11533.32684  
11506.08933  
11514.81113  
11404.12286  
11410.05196  
11427.65107  
11382.33504  
11444.45846  
11417.43939  
11438.63177  
11395.90283  
11433.56198  
11419.96358  
11442.08101  
11378.94162  
11365.50659  
11384.5867  
11375.44348  
11392.84111  
11380.35371  
11421.57812  
11367.79934  
11415.68014  
11428.65507  
11477.0827  
11484.74931  
11491.62537  
11417.37869  
11498.86012  
11521.97974  
11466.30495  
11554.74416  
11506.86805  
11522.8804  
11520.45101  
11445.1934  
11425.24827  
11434.7787  
11526.19473  
11438.14367  
11498.30966  
11387.02976  
11397.81355  
11321.01407  
11327.50556  
11385.33039  
11376.7656  
11377.76278  
11381.51441  
11379.33562  
11366.80092  
11383.77929  
11390.52038  
11397.34368  
11465.53458  
11538.24277  
11453.3848  
11474.11803  
11461.84513  
11363.15047  
11363.16342  
11394.67777  
11447.36346  
11435.17268  
11401.97238  
11426.69596  
11384.95459  
11369.32716  
11405.73273  
11389.82336  
11383.20747  
11379.74637  
11427.60185  
11396.63716  
11477.9592  
11462.8371  
11528.58478  
11446.92295  
11450.18739  
11399.5761  
11381.24311  
11371.19743  
11397.32132  
11354.67739  
11370.54298  
11427.11339  
11374.35005  
11423.0453  
11422.98406  
11424.77255  
11402.38922  
11402.33247  
11384.76604  
11394.86345  
11407.26804  
11440.09158  
11485.0332  
11458.93901  
11503.69251  
11503.96686  
11439.08914  
11431.26087  
11463.48938  
11482.44604  
11458.59925  
11470.33689  
11530.81858  
11482.11242  
11527.63816  
11492.39636  
11482.90025  
11487.91967  
11475.1271  
11541.57681  
11546.37221  
11441.79214  
11444.03025  
11466.82755  
11398.31342  
11426.2804  
11357.44946  
11377.07755  
11428.00595  
11390.89989  
11373.36675  
11418.57145  
11368.11936  
11431.53604  
11408.88953  
11402.93177  
11397.9675  
11358.9813  
11381.87513  
11408.67212  
11412.88003  
11513.8355  
11456.52967  
11460.37764  
11363.64454  
11363.51278  
11413.13608  
11426.64611  
11483.19053  
11479.38212  
11494.39251  
11448.6951  
11487.5227  
11414.66239  
11435.47608  
11436.54725  
11422.31212  
