10779.59169  
10808.55169  
10777.89744  
10827.46073  
10780.36509  
10819.63333  
10818.02154  
10785.88197  
10864.07458  
10885.52729  
10867.90483  
10867.78617  
10836.25404  
10835.68284  
10829.76987  
10809.24788  
10835.87702  
10819.95546  
10850.48007  
10832.8389  
10836.51103  
10814.77869  
10815.02571  
10793.40432  
10784.53112  
10750.03803  
10755.55177  
10804.77994  
10805.35955  
10800.23262  
10822.68997  
10802.44339  
10835.915  
10826.00829  
10757.02339  
10809.10212  
10806.4873  
10814.11602  
10772.04334  
10802.41963  
10851.40273  
10803.13381  
10818.93927  
10825.30422  
10826.77302  
10831.21867  
10854.91377  
10847.73516  
10879.69263  
10874.8519  
10887.93444  
10849.51712  
10796.72163  
10807.39787  
10804.46034  
10845.64924  
10788.6234  
10776.98744  
10758.65902  
10788.97213  
10801.94474  
10804.74405  
10811.20187  
10812.71722  
10859.77963  
10901.32264  
10863.11129  
10833.46067  
10814.26109  
10789.29873  
10791.71898  
10833.85484  
10792.47375  
10826.02842  
10808.77061  
10770.05915  
10762.85538  
10765.09147  
10819.05074  
10780.71784  
10842.2256  
10797.72854  
10799.88316  
10768.70064  
10851.21067  
10883.961  
10892.58005  
10903.3462  
10828.38297  
10848.45542  
10827.8549  
10807.16165  
10848.31895  
10849.34689  
10840.49407  
10784.6957  
10840.13655  
10779.80851  
10781.48846  
10793.94881  
10803.58586  
10843.0711  
10790.14702  
10815.02849  
10834.05822  
10809.64016  
10800.93144  
10814.57682  
10775.25705  
10762.00055  
10799.20819  
10792.98241  
10768.85244  
10817.68212  
10753.68744  
10838.67751  
10812.17292  
10774.58921  
10842.10878  
10810.34664  
10778.34045  
10830.49755  
10867.56356  
10869.95281  
10883.86614  
10848.7703  
10871.98419  
10883.81233  
10864.95056  
10830.94593  
10845.97842  
10812.65485  
10875.32771  
10811.34232  
10835.67157  
10814.67899  
10840.98788  
10783.75326  
10793.02767  
10737.44292  
10827.51895  
10780.65628  
10804.5007  
10777.80702  
10843.39764  
10866.89319  
10858.73938  
10831.1291  
10850.57706  
10813.87699  
10817.59495  
10851.96523  
10815.97152  
10831.8927  
10828.16903  
10822.98957  
10783.37504  
10832.87846  
10741.23512  
10795.90977  
