12291.44837  
12297.48695  
12333.51999  
12363.17098  
12419.20352  
12416.08901  
12465.32701  
12524.88843  
12482.11459  
12488.83145  
12371.75852  
12312.03484  
12307.14221  
12252.96862  
12211.56806  
12191.41974  
12210.08613  
12246.72517  
12207.03221  
12206.98235  
12229.71343  
12286.14618  
12280.5397  
12311.49377  
12347.00787  
12400.99234  
12444.07401  
12466.03505  
12412.87036  
12438.36229  
12440.89311  
12452.40712  
12420.28495  
12403.05756  
12445.92644  
12471.10402  
12437.37913  
12465.64942  
12460.90318  
12452.22321  
12453.40838  
12421.7541  
12465.50919  
12394.59541  
12355.28734  
12394.20477  
12448.29757  
12383.35831  
12278.54361  
12194.48465  
12138.99023  
12099.2215  
12174.44606  
12211.23972  
12243.22795  
12302.08638  
12372.16564  
12380.0048  
12350.90339  
12366.19438  
12371.94534  
12388.30067  
12347.48254  
12412.77263  
12334.89933  
12267.57676  
12252.76414  
12253.64635  
12196.36233  
12211.99524  
12277.20408  
12338.11549  
12368.63286  
12382.16744  
12486.51383  
12414.48261  
12380.70562  
12423.87744  
12460.77615  
12482.46141  
12439.14998  
12441.52042  
12404.5381  
12462.50654  
12439.52391  
12377.89917  
12251.09402  
12153.64465  
12200.61982  
12174.59955  
12261.10085  
12284.33642  
12292.74669  
12274.32098  
12357.548  
12379.40087  
12440.5735  
12466.77815  
12457.41717  
12394.25509  
12421.0087  
12375.65705  
12384.34889  
12369.65602  
12375.06803  
12418.26956  
12459.6937  
12491.5778  
12519.833  
12520.16136  
12439.25889  
12362.08089  
12300.12913  
12256.56121  
12239.67622  
12275.74242  
12308.32698  
12362.78785  
12352.35925  
12301.98708  
12350.63312  
12369.65265  
12395.63781  
12340.61222  
12289.88242  
12290.9301  
12258.76152  
12204.67198  
12137.72816  
12157.22484  
12194.4639  
12210.93464  
12230.38601  
12258.3958  
12312.83491  
12349.10812  
12415.28589  
12449.77786  
12456.24182  
12465.99465  
12460.81529  
12419.70167  
12375.35342  
12376.34217  
12363.01254  
12300.56835  
12226.06246  
12245.98177  
12281.55795  
12310.69364  
12334.84898  
12364.58562  
12400.11046  
12402.05136  
12399.85554  
12379.88563  
12389.66149  
12387.67611  
12372.87708  
12392.09154  
