11036.23722  
10997.5784  
11053.47103  
11037.96843  
11082.71345  
11032.52712  
10991.87494  
10993.65072  
11033.15806  
11019.46226  
10982.86703  
10997.42154  
11035.95212  
11010.06602  
10996.82601  
11018.66519  
11046.89693  
10998.49598  
10998.22184  
11052.35228  
11030.00071  
11003.75399  
11022.70176  
11020.02846  
11002.30034  
11009.29827  
11074.48705  
11038.61434  
11010.02053  
11017.48709  
11001.58759  
11012.56526  
10980.28871  
11018.27822  
10989.26306  
11005.42225  
10991.04471  
11021.44865  
11048.16781  
10978.07968  
10988.24973  
10983.21301  
10997.54669  
11046.72493  
11011.52141  
10999.01702  
11026.27538  
11019.72322  
11003.7941  
10976.20079  
11060.05452  
11032.34078  
11026.08793  
11034.93871  
11027.93695  
11026.14814  
11036.88551  
11037.48368  
11057.70676  
11003.1601  
11035.64218  
11041.61673  
11009.79314  
11020.45671  
11024.36756  
11048.18879  
11013.45882  
11002.28539  
11018.58874  
11061.1789  
11042.53001  
10999.8691  
11017.97094  
11022.80891  
11026.68012  
11021.14892  
10963.55702  
10982.97424  
10995.55893  
10999.05468  
11035.74054  
10992.37996  
10983.3357  
11015.49285  
11050.44134  
10952.86488  
11004.19454  
10988.43374  
11040.39714  
11053.97834  
11026.8332  
10984.0831  
11039.81726  
11085.17054  
11033.62565  
11036.4536  
11036.17985  
11018.38998  
11027.29189  
11033.3006  
10982.11164  
11001.91872  
10982.20053  
11063.02423  
11088.74946  
11035.9854  
11066.20139  
11066.10319  
11054.40496  
11036.10328  
11030.07972  
11052.38884  
11028.48213  
11023.83384  
11010.05426  
10990.78258  
10999.29993  
11046.84759  
11033.47602  
11041.13287  
11010.06948  
11072.94445  
11053.74458  
10992.24664  
11016.94319  
11069.79518  
11003.80023  
11023.05263  
11069.62113  
10983.82915  
11010.41725  
10992.15087  
11036.80279  
10985.43769  
11016.87021  
11047.74837  
10991.41847  
11032.53297  
10972.35102  
11044.75429  
10987.97419  
11011.12113  
10975.75394  
10987.78546  
11016.34356  
11058.55361  
11003.79851  
11030.89431  
11050.45633  
11009.11479  
11037.31472  
11058.00894  
11040.45073  
11011.54852  
11008.3012  
11024.41609  
11043.74178  
11022.87968  
10970.28815  
11041.74335  
