12423.74901  
12410.62021  
12474.32333  
12490.21638  
12452.2074  
12326.21611  
12368.65865  
12409.05585  
12371.95206  
12302.00452  
12328.80448  
12326.66793  
12316.45256  
12280.46414  
12332.56886  
12361.84126  
12356.26383  
12338.58958  
12370.08831  
12381.06989  
12373.39722  
12333.80062  
12305.36259  
12295.12654  
12332.83502  
12382.14836  
12393.70141  
12377.02294  
12318.21279  
12312.88904  
12318.61979  
12286.8705  
12312.04014  
12337.4136  
12364.2337  
12376.13888  
12471.76924  
12450.68929  
12447.42681  
12443.64809  
12462.16771  
12473.90057  
12468.46267  
12436.95106  
12417.70111  
12429.45461  
12438.10796  
12412.37042  
12372.36236  
12457.3171  
12467.70768  
12462.06071  
12442.51808  
12441.47144  
12445.52276  
12397.23064  
12348.85423  
12280.54299  
12267.81123  
12283.6734  
12296.33329  
12275.68204  
12216.31465  
12264.086  
12306.65915  
12317.32341  
12275.21661  
12296.08689  
12375.08061  
12346.70917  
12360.48002  
12359.47729  
12340.75558  
12366.00668  
12337.77271  
12337.93003  
12396.84712  
12413.04646  
12431.45523  
12413.43391  
12412.17047  
12424.91008  
12477.63983  
12472.51518  
12470.83758  
12524.21934  
12454.72429  
12411.39933  
12438.31705  
12397.45952  
12383.35986  
12426.20567  
12411.41884  
12464.74556  
12445.75151  
12457.6792  
12442.28697  
12499.06424  
12488.28388  
12507.79953  
12474.49478  
12474.13986  
12446.04085  
12451.0047  
12390.54994  
12348.64991  
12291.23114  
12244.26551  
12198.81533  
12214.86798  
12158.00406  
12128.70383  
12074.40008  
12111.83363  
12159.60302  
12190.74864  
12239.13551  
12288.51964  
12353.32353  
12360.10352  
12300.9757  
12471.13496  
12437.17592  
12443.28897  
12457.61477  
12443.6589  
12443.1014  
12403.0898  
12392.13573  
12399.61211  
12426.0345  
12411.94082  
12451.29953  
12490.67906  
12477.70255  
12419.02281  
12436.2446  
12399.57306  
12378.38456  
12405.46856  
12386.34963  
12435.00735  
12426.85769  
12433.73633  
12411.14762  
12488.89146  
12466.08436  
12466.29362  
12399.3315  
12297.35032  
12230.29357  
12216.61698  
12215.15512  
12230.66252  
12273.39985  
12354.76359  
12351.34716  
12341.45883  
12414.31293  
12452.88344  
