11506.34939  
11501.75699  
11502.35646  
11550.50062  
11530.68996  
11495.22624  
11461.98123  
11498.0337  
11490.33922  
11430.36089  
11466.82768  
11477.52793  
11501.09026  
11492.42464  
11500.28965  
11502.75203  
11479.78518  
11450.69297  
11449.69291  
11469.23744  
11508.16686  
11503.4447  
11482.808  
11464.53973  
11474.58491  
11530.64385  
11553.01034  
11529.8088  
11484.02388  
11439.08895  
11470.95268  
11471.8124  
11469.40677  
11490.40297  
11491.25532  
11505.60876  
11514.66112  
11529.5982  
11540.46315  
11511.69485  
11513.36339  
11534.8467  
11518.6002  
11491.43109  
11490.53505  
11484.96684  
11490.39658  
11493.61098  
11473.87658  
11496.55184  
11529.70561  
11509.28546  
11497.68664  
11486.44913  
11517.27563  
11526.92532  
11502.16415  
11422.03721  
11399.51506  
11457.71488  
11474.59272  
11504.27525  
11454.01077  
11474.27828  
11499.45609  
11504.78343  
11470.88311  
11500.7295  
11539.81136  
11562.02055  
11513.57106  
11503.36217  
11487.46624  
11518.3678  
11503.95685  
11487.84707  
11538.2035  
11527.51044  
11507.05818  
11503.62007  
11472.89219  
11476.239  
11497.53685  
11525.42442  
11485.60716  
11525.36856  
11472.94085  
11471.88743  
11484.91  
11510.19392  
11476.9059  
11528.95012  
11520.85343  
11545.43292  
11527.74966  
11517.91911  
11530.28075  
11573.87707  
11516.51776  
11497.93111  
11468.05522  
11455.19263  
11472.76681  
11508.1364  
11504.59709  
11474.959  
11428.68622  
11432.91999  
11402.25985  
11440.65639  
11409.04016  
11402.42526  
11407.43829  
11409.49982  
11442.34184  
11464.26294  
11503.43917  
11526.27155  
11545.1437  
11537.72691  
11532.61624  
11602.50023  
11534.79688  
11515.63902  
11552.41242  
11494.39767  
11484.35087  
11423.92426  
11457.68529  
11503.91153  
11484.31575  
11494.66132  
11513.97628  
11524.04647  
11490.24327  
11515.77196  
11518.95082  
11494.52894  
11490.1182  
11513.83175  
11520.13592  
11543.87593  
11534.20729  
11534.96539  
11484.64994  
11483.37029  
11522.41538  
11513.68994  
11535.69731  
11480.31133  
11396.55925  
11403.64372  
11376.57416  
11415.30818  
11467.39159  
11490.67654  
11496.80622  
11494.53745  
11552.66421  
11575.71199  
