10972.89681  
10902.13356  
10929.89176  
10945.47261  
10992.19659  
10925.60819  
10893.98289  
10894.71731  
10931.71647  
10871.17094  
10869.46926  
10893.71898  
10993.21215  
10922.14697  
10861.13809  
10900.25028  
10993.90541  
10944.6473  
10876.53353  
10994.58252  
10942.12223  
10889.72889  
10909.73047  
10916.8304  
10910.14195  
10906.66764  
10979.02344  
10926.61344  
10896.80364  
10893.20459  
10868.78232  
10916.50153  
10862.60324  
10896.7311  
10854.59738  
10909.52339  
10869.94987  
10993.85331  
11035.19262  
10843.84096  
10942.65179  
10902.74333  
10933.42834  
10982.61282  
10972.10645  
10903.91104  
10936.82971  
10967.33554  
10935.31924  
10878.96954  
11042.31841  
11004.25886  
10959.02244  
10923.06645  
11000.26195  
10938.40927  
10918.35626  
10892.70603  
10946.97952  
10853.23175  
10894.27797  
10874.42357  
10867.59505  
10889.77495  
10912.74019  
10932.9993  
10857.54699  
10897.18376  
10939.8574  
11009.84401  
10958.15367  
10864.0353  
10919.07417  
10970.36154  
10963.23533  
10957.86928  
10860.17494  
10924.86782  
10883.33545  
10937.01386  
11012.242  
10948.72877  
10872.35765  
10964.48803  
10990.51463  
10827.62086  
10883.0356  
10880.94131  
10956.52479  
10994.13404  
10919.26835  
10874.22542  
10953.05648  
11040.97791  
10927.57915  
10924.97389  
10994.02509  
11006.71263  
10940.74519  
10960.10914  
10888.77011  
10935.31822  
10931.86026  
11052.84036  
11025.29267  
10879.05408  
10902.81541  
10909.58301  
10891.53704  
10827.72524  
10830.69534  
10906.16704  
10828.32531  
10830.72291  
10904.40562  
10856.8122  
10859.18957  
10953.26453  
10950.12753  
10946.07164  
10904.12081  
11012.56004  
10958.12309  
10900.85677  
11001.56945  
10979.49963  
10859.87919  
10859.13728  
11009.43173  
10897.9811  
10937.80087  
10904.64362  
10952.65276  
10885.29929  
10935.82689  
10965.15925  
10875.66413  
10986.57473  
10855.92704  
10990.15885  
10931.62086  
10981.01018  
10888.07557  
10943.99398  
11029.99947  
11001.6645  
10955.76846  
10918.36558  
10915.29899  
10830.95831  
10899.04901  
10941.55769  
10859.26916  
10856.49326  
10894.6712  
10885.64962  
10954.19375  
10896.78488  
10879.4192  
11005.54562  
