11576.52408  
11401.37784  
11522.78477  
11489.53127  
11583.06486  
11501.28169  
11410.11371  
11465.75542  
11527.72431  
11516.1309  
11509.06338  
11489.76389  
11581.70454  
11538.54704  
11483.3191  
11500.6578  
11572.27663  
11474.94227  
11430.87533  
11514.95569  
11473.09018  
11454.57396  
11516.24163  
11506.6875  
11413.65596  
11421.30049  
11654.14794  
11528.12622  
11495.78355  
11557.63193  
11548.58437  
11584.57337  
11473.41771  
11527.8706  
11487.72262  
11514.84979  
11398.27443  
11515.45359  
11560.67482  
11384.98174  
11464.52259  
11410.80347  
11505.2858  
11541.26529  
11489.30692  
11443.46061  
11523.39521  
11543.82444  
11481.13606  
11405.99307  
11547.852  
11498.48517  
11480.55797  
11522.29453  
11557.07599  
11476.72555  
11499.60576  
11516.21831  
11539.55916  
11452.2577  
11543.12822  
11508.06727  
11463.75485  
11494.52742  
11451.83787  
11529.10805  
11428.15822  
11489.09454  
11467.21634  
11561.60442  
11516.50619  
11453.67079  
11507.96647  
11562.12714  
11577.68875  
11556.33006  
11397.11726  
11431.16382  
11436.29592  
11493.53341  
11558.74014  
11498.79459  
11435.24819  
11519.23027  
11590.79151  
11415.82479  
11496.10202  
11457.6011  
11575.31652  
11624.6046  
11529.04017  
11370.20397  
11566.47524  
11578.69679  
11544.87848  
11424.20928  
11539.68953  
11452.81202  
11499.9625  
11502.83725  
11428.529  
11400.45585  
11360.53757  
11565.79479  
11548.20981  
11452.3261  
11525.59972  
11536.11811  
11499.7027  
11451.41673  
11441.52012  
11541.98259  
11466.58785  
11437.61153  
11451.6514  
11468.14711  
11445.97763  
11532.81025  
11534.81635  
11520.28451  
11545.76598  
11584.79227  
11599.8825  
11506.80388  
11595.95185  
11662.78353  
11452.3904  
11488.735  
11559.78158  
11468.58981  
11486.73056  
11497.46208  
11575.11831  
11450.65822  
11555.79971  
11566.56018  
11498.4415  
11561.92541  
11480.97809  
11550.87154  
11542.45633  
11502.32615  
11448.99978  
11481.80633  
11506.8013  
11466.34325  
11476.38454  
11530.65548  
11542.23964  
11452.27132  
11481.27115  
11487.64144  
11507.63633  
11469.44176  
11468.51058  
11464.91847  
11590.86151  
11508.87109  
11396.40376  
11575.56659  
