10433.35583  
10347.49384  
10429.69487  
10412.27461  
10433.35926  
10341.0402  
10324.47433  
10373.36362  
10404.99878  
10337.02306  
10331.85194  
10368.89262  
10425.77103  
10381.66942  
10345.86203  
10395.07775  
10447.85069  
10392.57597  
10364.63301  
10384.31449  
10374.50082  
10363.70444  
10356.33444  
10384.72604  
10356.75985  
10367.64005  
10441.87171  
10380.266  
10375.35533  
10391.71634  
10389.44697  
10384.72319  
10370.35055  
10390.83546  
10366.16488  
10397.12058  
10319.2281  
10426.72317  
10480.25767  
10331.10692  
10368.18226  
10348.10441  
10402.94186  
10396.47648  
10435.12769  
10365.27683  
10373.54412  
10426.80277  
10380.21582  
10350.31752  
10453.60696  
10468.19454  
10395.30172  
10354.3628  
10407.73707  
10391.19643  
10379.44605  
10368.70008  
10383.84983  
10321.72684  
10387.5335  
10335.80289  
10343.12538  
10348.9327  
10368.38797  
10352.63496  
10322.62265  
10372.43401  
10368.4542  
10459.74791  
10417.61787  
10323.5735  
10380.19135  
10417.62618  
10456.27029  
10431.27581  
10314.04034  
10373.79466  
10344.38839  
10366.03856  
10418.39959  
10406.53015  
10355.77575  
10423.96247  
10475.92939  
10319.08825  
10351.95769  
10381.71052  
10405.09333  
10466.31226  
10405.37544  
10335.02485  
10421.00743  
10472.67253  
10471.60409  
10352.95771  
10453.82177  
10411.54616  
10409.83632  
10383.88441  
10335.46321  
10348.98141  
10353.75737  
10446.13327  
10401.65378  
10342.62642  
10378.63369  
10373.91629  
10341.38253  
10329.26102  
10363.07266  
10348.52661  
10316.34913  
10349.37651  
10383.69015  
10381.77222  
10370.81979  
10423.68794  
10389.71164  
10430.76202  
10424.7053  
10479.78587  
10421.75138  
10315.93503  
10436.54042  
10388.85939  
10316.99352  
10346.62755  
10468.7954  
10372.20727  
10391.41121  
10370.36137  
10429.34257  
10338.42985  
10369.65778  
10397.90641  
10345.7945  
10402.44428  
10334.02414  
10408.02575  
10416.82659  
10429.69978  
10381.92688  
10411.76136  
10401.50383  
10430.71211  
10345.59301  
10355.00504  
10353.00522  
10309.49757  
10384.26816  
10401.2854  
10339.72871  
10364.85635  
10379.17732  
10409.14383  
10416.7167  
10373.30351  
10351.0787  
10435.0908  
