10995.22703  
10945.72617  
10998.83215  
11001.64755  
11057.7999  
10987.04438  
10928.33523  
10960.37665  
10996.31944  
10963.57988  
10935.57737  
10939.88156  
10991.2314  
10958.00793  
10953.33158  
10972.97376  
11012.52063  
10946.96378  
10940.83825  
11008.66619  
10974.59507  
10951.35872  
10980.59981  
10972.3744  
10940.64199  
10960.9272  
11069.61231  
10995.47293  
10966.37834  
10969.35529  
10959.40967  
10976.40642  
10936.89689  
10964.30104  
10930.02775  
10944.52391  
10932.74363  
10981.24628  
11010.70743  
10931.24205  
10942.85155  
10944.21628  
10961.56761  
11000.46879  
10961.47775  
10957.56137  
10978.93892  
10966.54931  
10958.25804  
10924.55613  
11022.14183  
10983.2421  
10976.61631  
10989.33683  
10986.4135  
10997.30296  
10984.40594  
10978.94652  
11000.24105  
10962.61069  
11006.59296  
11003.61542  
10958.26555  
10975.54682  
10974.52675  
11004.74887  
10944.85985  
10951.46071  
10975.2655  
11023.15215  
10984.24382  
10935.99033  
10952.98327  
10976.04999  
10974.54663  
10962.97821  
10917.54351  
10940.55549  
10953.23327  
10951.24309  
10991.19693  
10943.38333  
10947.00961  
10979.37085  
11030.83225  
10899.73914  
10964.54714  
10955.89871  
11017.78996  
11021.82581  
10984.02792  
10917.90421  
11002.81617  
11036.94512  
10986.92677  
10969.33239  
10979.09992  
10985.39057  
10989.84233  
10994.55085  
10923.79164  
10948.34099  
10926.63952  
11021.1289  
11069.9051  
10973.62032  
11018.50248  
11003.79329  
10990.097  
10970.91645  
10965.12225  
11006.59394  
10957.32984  
10944.4755  
10931.6633  
10915.29039  
10931.59294  
10981.46341  
10997.09253  
10980.55489  
10962.63648  
11030.42831  
11032.18131  
10975.10536  
11014.76189  
11054.55322  
10953.15056  
10982.42215  
11001.33325  
10947.01083  
10949.44557  
10944.40555  
11010.85217  
10948.16055  
10988.01197  
11024.05134  
10971.25023  
11009.75834  
10929.58187  
10992.61744  
10952.06358  
10966.39555  
10952.81381  
10959.38732  
10965.25423  
10993.77813  
10996.57976  
11011.55084  
11012.94988  
10948.93533  
10977.74849  
10995.59767  
10977.58385  
10937.20332  
10953.96605  
10951.75527  
10998.25733  
10977.10304  
10913.34798  
11003.63059  
