10836.93929  
10760.83809  
10793.08318  
10854.00991  
10827.50998  
10809.6748  
10837.61728  
10852.21021  
10839.04404  
10848.6132  
10800.07289  
10823.06912  
10837.27986  
10823.13261  
10904.8988  
10909.52227  
10806.22067  
10853.45301  
10869.97989  
10870.13696  
10899.79941  
10845.62851  
10828.67154  
10855.86405  
10826.74607  
10865.45464  
10820.42359  
10790.45599  
10799.9237  
10756.98381  
10724.36928  
10741.07617  
10718.34949  
10724.71259  
10729.27113  
10755.75335  
10788.71898  
10784.14442  
10771.47815  
10812.73342  
10807.37994  
10821.39348  
10808.29988  
10840.05491  
10803.37356  
10852.67288  
10787.07362  
10801.9259  
10812.49458  
10756.01095  
10781.01419  
10843.20744  
10846.06501  
10852.99772  
10789.47468  
10773.16137  
10803.87517  
10780.1752  
10809.78136  
10800.74344  
10861.93268  
10840.54561  
10776.0974  
10823.11292  
10849.51702  
10823.04015  
10875.76391  
10926.64756  
10904.48943  
10860.53595  
10860.13222  
10868.87683  
10882.41535  
10898.19735  
10856.89482  
10902.03218  
10857.78082  
10848.80893  
10866.40546  
10865.57965  
10839.12705  
10858.44054  
10850.56469  
10836.86188  
10890.68018  
10855.4127  
10762.59975  
10812.48443  
10753.97539  
10753.46688  
10749.55272  
10766.1072  
10762.95664  
10766.55951  
10832.91415  
10805.65901  
10839.0626  
10798.38276  
10763.56302  
10778.48798  
10785.73396  
10837.40693  
10766.99115  
10776.05533  
10834.32288  
10844.42696  
10878.34667  
11021.82166  
10859.83758  
10791.41691  
10811.43758  
10757.46843  
10712.87782  
10704.33752  
10872.94544  
10719.89013  
10740.15588  
10762.46531  
10778.29679  
10828.26313  
10858.94053  
10783.65635  
10826.50198  
10774.37468  
10781.48234  
10826.85617  
10813.42423  
10818.65465  
10841.08975  
10782.767  
10833.93351  
10860.31375  
10855.5117  
10837.27363  
10844.11746  
10996.63446  
10991.30031  
10934.94647  
10905.32187  
10827.06522  
10788.43982  
10967.90772  
10854.1109  
10842.9052  
11010.38966  
10756.82007  
10822.1707  
10843.84189  
10804.5523  
10829.2925  
10853.3651  
10800.3004  
10801.22382  
10811.07279  
10838.2163  
10883.72871  
10620.84664  
10821.43603  
10793.14908  
10715.6339  
