11069.68727  
10928.59109  
10968.13751  
11010.40318  
10985.81162  
10935.74851  
10997.17689  
11010.69458  
11007.58488  
11005.7001  
10963.72742  
10983.28725  
10997.47244  
10978.96936  
11085.39972  
11126.38  
10951.58392  
11021.19629  
11090.10262  
11059.74244  
11093.13207  
10987.09511  
11020.37643  
11018.52005  
10985.55965  
11038.54756  
10986.11889  
10940.89404  
10970.6223  
10926.98563  
10905.23193  
10927.79212  
10882.81592  
10851.00916  
10855.57088  
10906.30718  
10969.6459  
10958.96831  
10943.69885  
10997.29686  
10999.57536  
10986.21534  
11003.58687  
10989.06282  
10945.24168  
11019.35624  
10962.81726  
10945.9488  
10975.2256  
10908.26886  
10944.47647  
11027.79129  
11020.84483  
11040.85545  
10988.33309  
10943.80372  
10984.04304  
10937.7151  
10974.94632  
10958.98124  
11055.85485  
11011.45372  
10926.78836  
10970.39407  
11042.66147  
10998.18346  
11032.7781  
11110.54522  
11100.26531  
11037.19089  
11020.03257  
11032.67119  
11060.63353  
11118.60905  
11016.41616  
11082.96162  
11023.73938  
11041.60327  
11030.25812  
10998.74147  
10977.00098  
11027.62338  
11019.27049  
11005.8339  
11019.30909  
11006.70551  
10901.23227  
11018.59427  
10936.15606  
10918.22088  
10916.19824  
10968.98652  
10948.77863  
10915.47353  
10965.4812  
10998.08198  
11007.18654  
10987.97559  
10946.25194  
10971.98496  
10989.70447  
11051.96108  
10951.98238  
10951.44969  
10995.01944  
11064.08941  
11070.63018  
11169.43641  
11054.71455  
10974.17316  
10992.45294  
10935.63188  
10881.26978  
10848.50348  
10984.66091  
10916.62924  
10929.37162  
10958.34012  
10964.98828  
11010.2048  
11051.30916  
11022.59408  
11035.75817  
10964.98066  
10967.21973  
10996.58179  
10985.57912  
10966.69203  
11009.43209  
10974.6952  
11005.05638  
11035.38597  
11024.70059  
11024.64924  
10999.02776  
11139.42362  
11146.08018  
11096.00341  
11005.10876  
10971.23303  
10997.06  
11102.96432  
11017.54151  
10959.81371  
11140.3878  
10939.18538  
10994.82136  
11040.10158  
10959.89952  
11000.79102  
11023.28418  
10919.74064  
10926.04123  
10957.45808  
10970.19919  
11106.67947  
10865.04965  
10971.6562  
10986.17963  
10971.48368  
