11982.02369  
11744.74177  
11835.60218  
11908.31377  
11887.50409  
11849.77868  
11945.37798  
11936.01349  
11908.32286  
11922.85639  
11864.66339  
11840.04984  
11862.26814  
11859.93983  
11982.5021  
12031.34476  
11792.3365  
11930.71354  
12058.14184  
11974.98201  
12000.35995  
11892.21649  
11933.72492  
11902.51803  
11852.60475  
11926.49244  
11842.82626  
11783.70709  
11852.59485  
11807.39046  
11777.00561  
11811.06722  
11687.00092  
11660.95059  
11685.60928  
11743.60158  
11849.55662  
11829.8038  
11787.20177  
11870.07234  
11906.42927  
11870.17437  
11865.47448  
11936.92954  
11877.05579  
11963.55923  
11868.51986  
11836.96634  
11899.87883  
11773.7113  
11858.92735  
11963.17238  
11893.34431  
11906.16283  
11846.29098  
11816.55132  
11888.95095  
11840.37361  
11862.15182  
11844.47385  
11977.22074  
11908.62988  
11772.7923  
11862.32312  
11978.56075  
11927.54675  
11941.57203  
12035.24419  
12055.56476  
11976.14507  
11972.92321  
11966.53089  
11962.24524  
12023.91493  
11917.733  
11994.56675  
11947.23861  
11944.62086  
11971.85424  
11940.6429  
11899.54188  
11904.02544  
11885.03568  
11850.73244  
11905.4607  
11859.52686  
11662.7406  
11902.13068  
11779.62504  
11770.70631  
11738.37717  
11818.64596  
11837.05485  
11842.84836  
11853.23367  
11934.42969  
11892.19998  
11866.48595  
11835.13685  
11873.75591  
11916.63987  
12016.82342  
11892.86851  
11897.37332  
11909.21206  
11912.77129  
11888.13247  
12083.22703  
11877.78763  
11845.83843  
11850.09831  
11782.66417  
11694.72327  
11672.3984  
11901.71618  
11794.77029  
11784.07142  
11838.40719  
11848.63236  
11923.28823  
11965.39151  
11983.75888  
11949.97012  
11852.39996  
11908.43119  
11936.72289  
11911.24593  
11908.37241  
11979.56132  
11913.91041  
11882.58344  
11996.98929  
11987.18432  
12032.1571  
11961.06905  
12088.12111  
11868.89786  
11910.60456  
11778.31838  
11827.63717  
11876.83939  
11954.70795  
11904.29834  
11838.07505  
12096.02499  
11771.76271  
11848.69929  
11950.72027  
11853.00013  
11953.49712  
11907.55413  
11803.65441  
11838.57796  
11870.8267  
11826.72146  
12035.99072  
11731.02452  
11860.70009  
11896.33335  
11826.28749  
