11108.2789  
11013.82358  
11055.92435  
11113.33766  
11049.48257  
11030.74938  
11069.11317  
11084.74746  
11090.80378  
11069.66596  
11036.72793  
11060.59679  
11068.78848  
11061.95018  
11152.47496  
11170.30536  
11047.11003  
11099.83788  
11120.80727  
11119.0035  
11151.009  
11071.96711  
11088.52666  
11099.61143  
11076.08568  
11106.3621  
11083.39955  
11048.71037  
11059.18593  
11016.36684  
11001.20428  
11007.33967  
10987.82114  
10965.0633  
10980.91423  
11014.68068  
11058.86893  
11055.97874  
11022.21  
11068.77384  
11071.65159  
11068.34642  
11067.3327  
11067.3926  
11031.29865  
11089.63208  
11041.61621  
11049.32288  
11044.82566  
11009.85693  
11030.83532  
11094.2534  
11099.56425  
11105.21236  
11059.71812  
11040.21454  
11063.28777  
11027.27074  
11057.43607  
11050.61337  
11103.29457  
11079.91888  
11026.43472  
11062.10917  
11103.15578  
11068.15365  
11103.40547  
11161.99839  
11131.51616  
11095.87619  
11102.8269  
11111.06877  
11134.15035  
11152.77209  
11099.45534  
11152.38833  
11101.0087  
11102.84941  
11104.94012  
11096.27137  
11067.5891  
11120.73579  
11102.29123  
11075.04808  
11130.48971  
11084.58911  
10994.14053  
11066.27068  
11025.67872  
10996.81251  
11007.9625  
11032.60078  
11027.14884  
11018.61474  
11063.38447  
11074.00132  
11088.95811  
11083.87993  
11032.75745  
11047.04385  
11054.67588  
11095.57766  
11030.69166  
11038.42881  
11069.15935  
11107.44133  
11131.10406  
11214.17194  
11098.13498  
11026.24496  
11050.29515  
11000.05843  
10974.2254  
10955.87315  
11113.10947  
11011.97958  
11017.90159  
11049.80545  
11057.98028  
11089.31727  
11145.57485  
11077.55392  
11107.32339  
11037.58722  
11056.52915  
11079.67186  
11080.48273  
11064.94821  
11096.35011  
11071.82871  
11099.56935  
11121.25136  
11113.22362  
11091.01232  
11093.49972  
11220.83457  
11249.71869  
11149.75385  
11094.4689  
11050.00167  
11029.91622  
11185.38429  
11047.047  
11072.12067  
11229.0875  
10986.34597  
11062.70146  
11093.86939  
11021.0875  
11039.77561  
11076.80541  
10995.34684  
11007.03186  
11019.63803  
11057.60186  
11204.70809  
10977.90484  
11081.6926  
11057.33503  
11042.57973  
