12697.59163  
12662.18288  
12713.20114  
12784.64995  
12708.6711  
12740.34762  
12737.04056  
12809.55851  
12597.88876  
12650.4438  
12719.20918  
12623.08252  
12543.27942  
12618.66799  
12761.21061  
12777.50481  
12669.51306  
12663.87753  
12758.15807  
12781.84353  
12705.67747  
12543.73481  
12552.80667  
12602.17985  
12653.35458  
12696.98983  
12619.89614  
12549.66373  
12581.21584  
12661.41409  
12631.50127  
12469.21408  
12453.81012  
12534.57291  
12578.47166  
12586.85387  
12556.17744  
12623.15213  
12713.77512  
12758.25409  
12770.60663  
12740.84197  
12660.14364  
12572.87082  
12658.57469  
12748.0585  
12777.32418  
12733.452  
12602.99785  
12561.58733  
12594.27777  
12728.31551  
12764.17709  
12700.94501  
12657.95257  
12658.83928  
12664.70315  
12662.68001  
12704.87485  
12811.10566  
12766.93512  
12681.2305  
12616.79234  
12643.58765  
12686.49452  
12764.22759  
12834.59811  
12813.21905  
12746.05192  
12603.66013  
12633.22944  
12703.05219  
12755.86116  
12805.5522  
12706.04069  
12562.64971  
12580.98293  
12639.77029  
12640.89308  
12596.62567  
12619.80111  
12625.04843  
12604.61986  
12632.68902  
12740.76162  
12706.31986  
12706.24794  
12738.80579  
12720.84139  
12607.94399  
12556.33513  
12616.66381  
12625.39659  
12649.39827  
12693.10049  
12720.12794  
12680.70189  
12698.09001  
12740.47147  
12779.93608  
12811.587  
12746.48902  
12530.35459  
12503.06337  
12570.81845  
12691.4873  
12751.43052  
12893.21638  
12752.57626  
12657.91294  
12668.58427  
12550.52971  
12378.84514  
12353.45231  
12609.74088  
12521.89192  
12582.31133  
12698.39861  
12759.08542  
12754.30175  
12764.44314  
12760.40518  
12757.30698  
12708.91391  
12630.93509  
12599.87935  
12616.08803  
12655.39521  
12689.94276  
12761.34068  
12741.26885  
12740.09105  
12660.76255  
12664.68315  
12645.21433  
12878.96419  
12830.13056  
12800.19318  
12672.42355  
12733.64274  
12696.8329  
12834.04699  
12814.01705  
12875.32156  
12637.21528  
12640.564  
12680.57722  
12737.29632  
12752.61505  
12759.71095  
12656.53608  
12511.10953  
12459.80747  
12605.53091  
12571.08545  
12711.03266  
12490.05548  
12689.1341  
12615.77925  
12737.70132  
