12079.94991  
11868.71437  
11938.49052  
11980.3211  
11968.08313  
11908.07529  
11990.98257  
11982.20415  
12000.19907  
11984.93441  
11941.12937  
11945.17614  
11957.37637  
11950.76282  
12087.23545  
12101.2256  
11885.30953  
12014.57963  
12135.21595  
12060.74772  
12095.59002  
11944.73851  
12029.14598  
11972.72536  
11928.08226  
12000.93403  
11938.45228  
11880.64856  
11939.9129  
11897.10255  
11874.92999  
11926.9839  
11794.14291  
11764.62661  
11775.09785  
11842.22733  
11956.64301  
11930.22135  
11906.14347  
11975.5683  
12001.45044  
11948.16743  
11970.16572  
11950.90608  
11927.59673  
12016.90146  
11944.94363  
11923.95355  
11982.07934  
11879.77728  
11954.84673  
12057.15037  
11997.40923  
11997.25806  
11947.298  
11907.6975  
11975.54117  
11912.91172  
11954.90149  
11948.85242  
12054.95018  
11990.2458  
11878.82597  
11931.79984  
12034.9837  
12015.46921  
12027.82184  
12115.94108  
12102.08387  
12032.98995  
12011.7307  
12013.73769  
12060.10886  
12101.38366  
11978.18435  
12060.666  
11991.7005  
12023.88066  
11993.85144  
11997.44795  
11956.89906  
12003.96348  
11965.20656  
11947.32213  
12005.23194  
11979.13209  
11798.76808  
12004.24043  
11914.39658  
11863.03128  
11847.38569  
11927.75217  
11917.11405  
11898.98575  
11934.16221  
12017.62921  
11971.02129  
11985.38208  
11956.08636  
11956.31911  
11995.29282  
12058.25663  
11931.61657  
11958.62617  
11951.01497  
12013.20646  
12001.72445  
12174.19873  
11995.5092  
11930.67893  
11955.40985  
11885.68592  
11808.33133  
11789.94035  
11951.22715  
11896.30686  
11893.72024  
11937.85624  
11950.29251  
12009.1355  
12069.01165  
12069.58311  
12044.55948  
11952.13457  
11975.02765  
11990.40787  
11981.61556  
11961.39515  
12047.65463  
11999.73147  
12004.11112  
12047.51947  
12048.41405  
12086.15275  
12005.5402  
12166.25995  
12056.67569  
12030.40349  
11880.66268  
11922.34533  
12011.78577  
12093.5631  
11988.882  
11934.48988  
12147.92019  
11868.83813  
11957.60802  
12019.14553  
11916.99894  
11978.83067  
11953.76507  
11844.86883  
11881.78768  
11929.14978  
11885.433  
12140.80662  
11850.11971  
11949.38463  
11973.36377  
11986.91854  
