11429.70597  
11434.69575  
11425.23497  
11453.66576  
11425.80019  
11423.69182  
11460.82451  
11415.63225  
11454.79354  
11411.34022  
11440.93562  
11459.34771  
11467.07857  
11494.49542  
11463.07247  
11470.80516  
11497.63081  
11457.10618  
11455.99119  
11426.04211  
11427.05167  
11470.71768  
11449.27268  
11462.9326  
11432.80173  
11437.64617  
11461.68979  
11439.21667  
11427.67085  
11493.17882  
11469.00662  
11431.39847  
11491.2806  
11478.12864  
11454.65083  
11456.58662  
11454.27831  
11441.96515  
11434.39881  
11449.51826  
11451.46807  
11459.75711  
11466.31635  
11439.59811  
11466.46806  
11460.00328  
11411.62659  
11428.27562  
11452.59478  
11445.87118  
11447.06983  
11455.2178  
11455.84261  
11422.38977  
11474.80701  
11454.16278  
11430.00448  
11435.38377  
11445.33865  
11419.57935  
11431.39794  
11448.87162  
11473.11017  
11456.94446  
11407.68347  
11474.88714  
11434.49741  
11434.70799  
11415.02686  
11419.90101  
11430.6054  
11444.89444  
11437.32171  
11428.4002  
11447.55595  
11460.30264  
11460.86799  
11456.6173  
11449.67932  
11481.10876  
11466.13856  
11467.72092  
11433.84367  
11465.06583  
11469.22597  
11462.22092  
11450.37834  
11464.48843  
11468.12612  
11472.74393  
11465.05115  
11472.23488  
11444.23821  
11423.18702  
11426.12533  
11415.40703  
11416.4756  
11431.12066  
11442.28069  
11431.98923  
11414.08465  
11450.06904  
11458.79921  
11482.06336  
11462.78009  
11462.89886  
11411.06228  
11432.57642  
11466.92772  
11459.75475  
11434.69695  
11407.85563  
11461.36374  
11443.40462  
11448.62174  
11421.79795  
11416.14058  
11458.78859  
11422.61201  
11414.63194  
11446.74038  
11453.03713  
11433.93917  
11419.98733  
11443.48889  
11438.02539  
11464.01744  
11448.47718  
11458.07331  
11469.57112  
11437.72125  
11443.41693  
11446.12991  
11472.79749  
11418.46438  
11399.61976  
11448.65589  
11453.42384  
11425.43167  
11435.64861  
11477.10088  
11449.37831  
11464.61464  
11448.43561  
11427.47229  
11480.39047  
11462.65621  
11435.81775  
11420.88787  
11460.17539  
11440.25771  
11435.50418  
11442.98924  
11478.48409  
11452.20969  
11423.95192  
11462.04648  
11461.96229  
11453.23587  
11437.0704  
