11721.75688  
11766.68054  
11761.59399  
11763.26496  
11765.98194  
11773.81433  
11775.45523  
11748.04128  
11790.31378  
11728.35542  
11773.21391  
11827.89803  
11833.08229  
11823.03298  
11845.24402  
11809.06888  
11792.59817  
11750.21355  
11806.39948  
11815.26291  
11779.08108  
11810.93379  
11821.31436  
11769.56049  
11772.11255  
11766.01817  
11769.89102  
11804.68776  
11812.58998  
11821.17028  
11839.1324  
11806.25197  
11815.69659  
11782.13609  
11777.07071  
11775.33194  
11735.12229  
11754.05152  
11784.56533  
11806.2808  
11823.85489  
11814.63414  
11798.98024  
11757.50868  
11770.31834  
11736.98739  
11732.07328  
11750.74085  
11831.4248  
11880.80552  
11789.40494  
11780.5228  
11771.47793  
11759.22496  
11800.24377  
11787.49547  
11757.50306  
11772.84578  
11775.24726  
11733.72163  
11760.93813  
11779.57253  
11843.65662  
11817.55924  
11812.52409  
11775.43728  
11799.58573  
11763.71576  
11756.98215  
11773.61092  
11742.02329  
11791.07726  
11804.11975  
11777.49901  
11769.37482  
11795.77323  
11799.41619  
11738.3823  
11756.77582  
11793.3795  
11738.67966  
11724.44821  
11770.72589  
11761.53924  
11730.61154  
11774.3913  
11788.99806  
11853.31242  
11824.39525  
11862.76837  
11786.81388  
11875.09375  
11787.89323  
11777.61041  
11740.82644  
11691.02134  
11711.1178  
11774.43347  
11781.71522  
11795.18364  
11801.16424  
11761.73143  
11790.40192  
11840.81137  
11791.13402  
11800.98724  
11788.41906  
11751.00092  
11812.58949  
11811.42644  
11782.37483  
11795.44549  
11792.67947  
11823.77383  
11837.64806  
11799.99674  
11735.40719  
11770.58557  
11753.3887  
11746.69386  
11762.00806  
11825.42101  
11767.90083  
11765.57837  
11766.25039  
11769.82125  
11773.2449  
11785.61653  
11764.23018  
11745.30472  
11719.80407  
11746.82793  
11791.39103  
11800.04447  
11792.27001  
11785.48063  
11737.72058  
11764.90486  
11781.0682  
11761.27328  
11776.50322  
11812.69726  
11787.85843  
11744.09971  
11735.29408  
11816.84656  
11783.9052  
11777.19011  
11793.8511  
11789.78006  
11794.25329  
11789.63854  
11820.68197  
11804.06466  
11790.61415  
11749.20809  
11750.27846  
11765.68658  
11827.55333  
11821.84704  
