12396.19491  
12354.6152  
12410.02391  
12437.14984  
12385.07767  
12423.0951  
12434.80042  
12494.59921  
12469.58334  
12490.31749  
12512.81788  
12497.95029  
12560.50863  
12536.72711  
12446.09299  
12460.31616  
12374.90304  
12410.56975  
12420.35039  
12421.81112  
12403.40208  
12440.94213  
12408.80495  
12368.63484  
12378.45542  
12419.77032  
12426.87902  
12390.58067  
12461.19413  
12481.18534  
12477.10909  
12423.59602  
12435.50121  
12453.33168  
12444.80466  
12467.36002  
12437.73602  
12409.7979  
12401.25937  
12431.44832  
12427.04966  
12415.53272  
12428.0952  
12469.70898  
12503.68906  
12450.38467  
12449.13006  
12490.53985  
12511.01529  
12431.54897  
12410.55581  
12470.54186  
12479.95916  
12523.69266  
12523.27805  
12499.14728  
12502.72473  
12465.66956  
12439.64989  
12447.36357  
12483.69674  
12484.86203  
12502.67483  
12416.86714  
12352.37955  
12345.11892  
12295.27849  
12333.94343  
12345.04776  
12368.5334  
12390.06824  
12383.96312  
12366.05111  
12395.08042  
12458.21713  
12487.8101  
12464.73651  
12428.00942  
12425.0627  
12411.23851  
12347.45011  
12371.37623  
12425.66556  
12447.6026  
12475.34682  
12522.42522  
12557.20696  
12576.05259  
12457.23681  
12398.30424  
12429.2207  
12452.01618  
12396.40449  
12356.91378  
12379.15003  
12417.18386  
12439.98877  
12449.48632  
12433.87824  
12455.3553  
12492.10765  
12515.03437  
12544.59732  
12534.28137  
12503.14196  
12528.32831  
12494.81281  
12426.83256  
12458.17471  
12434.5436  
12438.3628  
12443.85653  
12515.61987  
12462.84094  
12332.16813  
12346.65953  
12427.17561  
12426.39122  
12436.46948  
12474.17532  
12490.26446  
12422.04131  
12366.01499  
12387.26646  
12438.96126  
12416.56156  
12410.38447  
12458.00966  
12512.51459  
12465.48304  
12424.87164  
12446.42462  
12476.77197  
12396.12388  
12349.09243  
12409.78748  
12403.58808  
12369.59356  
12352.17594  
12398.91019  
12410.82872  
12414.24426  
12382.45367  
12389.68262  
12441.12821  
12477.68635  
12483.58564  
12458.76575  
12482.08622  
12496.71118  
12475.70694  
12444.3859  
12424.86156  
12431.07395  
12395.68056  
12444.90325  
12465.34829  
12454.22935  
12450.52367  
12512.36588  
