11292.14004  
11288.98943  
11287.82656  
11311.42614  
11267.18503  
11284.93246  
11304.2994  
11263.49328  
11294.20018  
11263.60843  
11296.50017  
11296.42768  
11324.5003  
11366.52356  
11332.68827  
11336.85084  
11360.55577  
11304.67424  
11328.24468  
11296.53398  
11289.8294  
11327.89588  
11302.65664  
11334.34992  
11281.25597  
11299.95794  
11314.84349  
11284.79827  
11290.72145  
11352.59523  
11318.76272  
11287.14307  
11346.93627  
11339.35908  
11301.0552  
11322.21737  
11313.39344  
11294.50857  
11289.73715  
11303.19839  
11310.96782  
11330.99677  
11321.82154  
11290.8573  
11328.05626  
11311.7692  
11253.7358  
11271.87515  
11302.29383  
11307.39385  
11291.69627  
11305.92364  
11323.63093  
11287.85234  
11340.63038  
11307.80766  
11285.60608  
11304.86103  
11292.03639  
11255.1938  
11272.34202  
11304.86893  
11340.06811  
11326.90244  
11280.88925  
11337.81813  
11284.44943  
11303.28193  
11287.11501  
11273.29086  
11277.49605  
11310.69072  
11283.14203  
11281.76457  
11303.92903  
11319.33036  
11296.22367  
11299.71631  
11302.98678  
11347.21951  
11319.53365  
11310.23225  
11294.23633  
11324.05727  
11301.57827  
11310.26231  
11309.27021  
11329.77946  
11314.47312  
11318.19623  
11327.45686  
11324.51676  
11313.82798  
11275.46134  
11275.75576  
11263.62567  
11267.68586  
11290.98022  
11304.45726  
11286.84141  
11271.06982  
11311.76887  
11322.0144  
11360.68673  
11332.68904  
11315.85081  
11282.50211  
11296.74246  
11320.67189  
11327.98361  
11292.3506  
11266.20935  
11314.65178  
11308.70171  
11308.55433  
11273.08354  
11269.4978  
11326.44921  
11281.43804  
11271.6813  
11317.13836  
11303.8349  
11287.61079  
11280.05312  
11294.35206  
11286.44011  
11310.09157  
11299.48548  
11312.60124  
11311.62567  
11277.23408  
11285.41697  
11298.9874  
11335.79495  
11263.67021  
11264.48072  
11315.70079  
11301.99118  
11288.37549  
11295.69385  
11327.36042  
11306.24894  
11328.28585  
11295.33525  
11269.72276  
11339.29652  
11314.95975  
11282.29826  
11279.01338  
11321.81509  
11301.987  
11294.49645  
11302.68532  
11356.08555  
11302.49247  
11281.80423  
11332.66899  
11311.5505  
11296.63994  
11295.97977  
