12014.3301  
12010.8914  
12016.67974  
12040.41572  
11985.29627  
12006.11801  
12023.82662  
11952.06202  
12005.11356  
11975.32853  
12009.8296  
11991.87014  
12030.52146  
12056.05183  
12038.47356  
12029.2016  
12063.2787  
12021.28163  
12057.0477  
12014.59533  
11996.15515  
12042.62888  
12001.34495  
12065.76708  
11983.55276  
12003.95615  
12028.88066  
12013.96815  
11983.94469  
12089.18602  
12041.9352  
11984.24189  
12026.72158  
12055.4059  
11987.26162  
12024.79432  
12040.99502  
12012.78423  
12007.10529  
12019.8912  
12005.41952  
12045.83484  
12016.27374  
11976.53383  
11984.22574  
12052.49634  
12002.43099  
12012.98515  
12041.84728  
12055.57587  
11996.56002  
11976.60832  
12052.93106  
12009.05859  
12029.62648  
12037.14956  
11991.58218  
12002.17816  
12016.84465  
11985.02264  
11983.966  
12021.91464  
12056.97669  
11989.99957  
11981.66349  
12103.53821  
11997.78305  
12004.94604  
12030.08734  
11981.41747  
11971.2966  
12007.62477  
12036.1246  
12003.20863  
12005.74947  
12005.59908  
11990.71004  
12026.14611  
11982.01342  
12102.82635  
12047.40442  
12012.77837  
12003.92318  
12042.52469  
12047.3449  
12026.27336  
12034.8119  
12023.98079  
12021.24116  
12038.0964  
12012.33824  
12035.26783  
12059.84463  
12010.81886  
12004.48996  
11984.25458  
11965.28839  
12054.72589  
12028.22912  
11991.01928  
11968.81258  
12013.57525  
12016.48252  
12087.66572  
12069.16216  
12007.29242  
11989.50433  
11991.32272  
12020.23104  
12022.08536  
12001.18672  
11976.64929  
12046.07422  
11990.31488  
11980.75649  
11989.47125  
11977.12748  
12021.88897  
11975.61616  
11964.6878  
12000.06896  
12030.28315  
11992.12447  
11957.09788  
11991.41689  
11991.30098  
12012.71252  
11984.07965  
12010.17778  
12047.54785  
12006.48207  
12014.22038  
11988.42035  
12025.80136  
11974.21064  
11959.55261  
12077.65988  
12013.43482  
11995.98708  
12023.9223  
12038.30078  
12008.90132  
12058.33376  
12001.69624  
12003.35672  
12054.55526  
12047.98645  
12015.74547  
11993.16001  
12042.38995  
11999.05271  
11977.69574  
12032.19924  
12092.31553  
12003.06586  
11975.44681  
12050.18147  
12020.82645  
12020.05689  
11972.49219  
