11141.62672  
11129.56958  
11137.48558  
11155.79926  
11093.64137  
11133.11341  
11133.04251  
11097.03535  
11118.49215  
11101.97247  
11138.4708  
11118.174  
11168.5029  
11226.5073  
11190.03262  
11190.28905  
11210.57955  
11137.89576  
11188.47498  
11154.83686  
11139.6921  
11171.63203  
11142.24144  
11193.66535  
11115.44708  
11149.31081  
11154.17637  
11115.84637  
11140.88271  
11198.78025  
11154.37822  
11129.3107  
11189.00658  
11187.52886  
11133.00352  
11175.2016  
11159.24883  
11133.17372  
11131.46027  
11143.10724  
11157.24403  
11190.11781  
11163.72722  
11128.11736  
11176.61746  
11149.58369  
11080.98471  
11100.75463  
11137.84691  
11155.88336  
11121.69931  
11142.57826  
11178.9758  
11140.65256  
11193.82537  
11147.67793  
11127.61723  
11162.0538  
11124.30568  
11075.33667  
11098.31612  
11147.31305  
11194.50443  
11184.62117  
11142.16145  
11187.84852  
11120.2793  
11159.48636  
11147.1644  
11112.8821  
11109.97641  
11163.85607  
11114.45133  
11121.32794  
11146.78429  
11165.0901  
11116.08342  
11128.04816  
11142.48789  
11200.72892  
11159.13064  
11137.92112  
11141.48949  
11169.77732  
11118.15195  
11144.0017  
11154.88131  
11182.39199  
11146.35865  
11149.10287  
11176.91252  
11162.89575  
11171.14385  
11113.83208  
11111.23377  
11097.55901  
11104.89238  
11137.65009  
11153.6622  
11128.03262  
11114.59478  
11160.45221  
11172.35572  
11227.88642  
11190.35412  
11154.96295  
11141.84215  
11148.12412  
11160.6508  
11183.81048  
11136.60694  
11111.23166  
11154.13163  
11161.32088  
11155.30409  
11110.37248  
11109.05334  
11181.65437  
11126.9771  
11115.27648  
11175.33851  
11140.5901  
11127.51033  
11126.94864  
11131.17883  
11120.58797  
11141.67855  
11136.47102  
11153.4377  
11138.81477  
11101.64224  
11112.54643  
11137.99619  
11185.89805  
11094.30717  
11116.62271  
11170.23227  
11136.30604  
11138.41991  
11142.56688  
11163.52673  
11149.64858  
11179.12613  
11127.82544  
11097.12621  
11184.92314  
11153.36244  
11114.32988  
11123.78599  
11170.43264  
11150.70259  
11140.21741  
11149.17632  
11222.16715  
11138.68421  
11126.27794  
11191.1148  
11146.98231  
11125.30558  
11141.61002  
