11505.34563  
11485.72543  
11468.81892  
11545.56097  
11454.93074  
11500.41424  
11504.45581  
11446.05257  
11528.21634  
11425.76466  
11481.0398  
11514.50368  
11501.58655  
11556.78304  
11528.11272  
11553.75845  
11544.83649  
11492.22746  
11576.07997  
11500.35345  
11481.4445  
11557.02524  
11485.28071  
11534.8233  
11470.33296  
11490.75428  
11524.43733  
11450.34662  
11473.29963  
11535.83491  
11515.02331  
11516.81732  
11529.88257  
11560.19973  
11486.53608  
11505.39364  
11515.89913  
11488.5568  
11480.84258  
11491.46491  
11535.06622  
11559.98607  
11529.43602  
11521.83335  
11550.5034  
11531.3713  
11463.29744  
11481.20466  
11506.92215  
11519.40362  
11500.64526  
11492.14301  
11524.33094  
11466.77363  
11572.49038  
11480.22692  
11467.94598  
11541.65258  
11498.35914  
11415.20181  
11477.71952  
11536.85543  
11523.75301  
11524.79495  
11497.68699  
11514.89616  
11466.14523  
11501.68208  
11501.42199  
11469.85599  
11450.35288  
11492.34713  
11493.62882  
11432.67218  
11457.86064  
11542.7039  
11451.07998  
11423.10774  
11462.26755  
11533.34431  
11464.24283  
11458.37089  
11477.10887  
11487.63955  
11504.47631  
11484.6688  
11527.87373  
11521.59742  
11527.87873  
11541.04586  
11525.84609  
11572.5393  
11534.72969  
11498.60352  
11476.95612  
11442.48052  
11457.22802  
11518.25043  
11503.5559  
11468.13985  
11498.16789  
11507.43961  
11524.32232  
11605.52258  
11525.12527  
11529.13265  
11490.81536  
11463.4593  
11555.34769  
11497.5827  
11551.8203  
11528.67979  
11495.63519  
11520.5369  
11568.8516  
11461.40587  
11484.7431  
11579.17887  
11476.61042  
11459.64786  
11543.74442  
11503.08051  
11461.7515  
11480.7473  
11541.47882  
11452.44225  
11478.12348  
11514.80044  
11494.81474  
11541.76724  
11427.89321  
11452.26675  
11458.48438  
11560.29353  
11448.35676  
11458.00269  
11506.07142  
11511.68666  
11495.21055  
11471.44647  
11524.94781  
11504.65574  
11548.39552  
11493.93792  
11463.02088  
11535.56192  
11512.94692  
11472.67012  
11487.01231  
11518.02529  
11549.03584  
11505.98065  
11475.24266  
11581.71784  
11472.30548  
11470.30645  
11539.98761  
11534.66167  
11504.9878  
11481.42022  
