11795.52919  
11802.85437  
11821.78254  
11873.26386  
11822.49554  
11809.5457  
11826.12093  
11809.40276  
11798.6033  
11800.28918  
11846.76294  
11786.31065  
11840.97992  
11911.54468  
11856.04372  
11824.88534  
11815.83382  
11847.23291  
11855.19037  
11851.81686  
11852.0632  
11846.98953  
11800.34042  
11875.81012  
11820.38282  
11797.52697  
11786.30962  
11844.71093  
11849.5192  
11870.19735  
11868.22776  
11851.25383  
11841.11283  
11886.11582  
11826.31557  
11777.08941  
11844.42898  
11827.44665  
11812.24931  
11882.67775  
11859.49131  
11863.26101  
11815.91208  
11786.54539  
11803.73687  
11845.93524  
11796.68758  
11808.24952  
11842.51295  
11862.1416  
11852.54918  
11797.31202  
11802.80561  
11829.39682  
11816.38549  
11815.22352  
11813.92643  
11813.66463  
11795.10638  
11805.23457  
11777.57717  
11807.44926  
11858.63355  
11901.37079  
11867.6452  
11905.93082  
11841.60059  
11844.91449  
11890.3565  
11854.95504  
11836.19412  
11872.56458  
11820.86509  
11777.02142  
11837.20889  
11833.4642  
11810.1561  
11794.93725  
11777.09852  
11792.52079  
11805.33564  
11799.5758  
11825.09952  
11815.42559  
11841.46572  
11803.51984  
11806.46602  
11837.42288  
11884.80958  
11871.8923  
11846.14027  
11876.13792  
11879.10481  
11854.84845  
11820.02046  
11791.81382  
11770.20393  
11797.37931  
11841.00495  
11822.3003  
11822.44052  
11810.52145  
11816.09458  
11831.44489  
11840.58272  
11821.3939  
11798.63184  
11803.19653  
11815.224  
11809.54884  
11847.5213  
11846.37732  
11885.20251  
11891.63473  
11832.84164  
11804.37121  
11820.28859  
11811.58161  
11787.47837  
11794.51663  
11823.33254  
11819.93372  
11817.11463  
11821.65378  
11845.17722  
11866.99444  
11879.20779  
11831.60082  
11803.69068  
11820.46106  
11817.54614  
11795.08179  
11856.40803  
11871.12587  
11809.94996  
11793.41345  
11841.54242  
11847.42532  
11822.49744  
11864.21422  
11820.27615  
11804.17956  
11809.67483  
11831.72838  
11811.57266  
11821.85471  
11837.94671  
11831.14503  
11821.88159  
11820.56479  
11866.3643  
11831.24066  
11807.70548  
11858.80075  
11810.02519  
11802.3565  
11851.7711  
11846.1128  
11845.79926  
11820.51507  
