11126.70805  
11134.13763  
11174.14324  
11135.25733  
11136.67109  
11105.3673  
11149.53311  
11126.60417  
11133.60194  
11115.25839  
11143.42979  
11128.29194  
11170.4208  
11177.04056  
11169.58163  
11177.3055  
11146.10668  
11188.299  
11141.89456  
11144.01778  
11173.01294  
11155.10996  
11182.84167  
11158.48059  
11159.6317  
11115.05472  
11150.85392  
11133.08683  
11130.92451  
11123.56654  
11121.64048  
11142.54007  
11160.86032  
11154.30511  
11129.73929  
11184.34113  
11128.60251  
11159.01249  
11157.9273  
11116.28185  
11091.41027  
11090.10921  
11058.99558  
11082.08719  
11109.08803  
11102.35053  
11133.08771  
11136.47801  
11127.80289  
11147.89914  
11149.26917  
11160.4537  
11145.02354  
11121.10491  
11137.50639  
11156.40567  
11121.39773  
11116.05985  
11163.76321  
11166.19614  
11161.93867  
11139.45364  
11147.65241  
11143.44108  
11139.15809  
11098.60435  
11136.96652  
11156.2365  
11190.51941  
11163.38233  
11168.40506  
11171.35214  
11131.35997  
11168.65159  
11132.00088  
11137.12554  
11092.44406  
11140.89643  
11155.16831  
11183.50122  
11140.85091  
11163.91182  
11156.88881  
11103.31488  
11114.09293  
11127.72  
11163.20959  
11137.85006  
11167.08615  
11157.20391  
11148.15789  
11158.32257  
11121.72213  
11123.75988  
11111.87677  
11145.39694  
11122.23158  
11164.68373  
11136.98964  
11142.77132  
11168.01924  
11156.35394  
11172.00477  
11098.47885  
11151.76873  
11128.1354  
11129.82539  
11148.47631  
11137.43995  
11142.85148  
11178.40149  
11141.78126  
11185.95778  
11164.09768  
11149.50687  
11130.7364  
11147.48349  
11155.83151  
11123.50554  
11113.88124  
11166.16045  
11150.45613  
11190.78844  
11168.70191  
11184.06307  
11141.99229  
11185.95474  
11146.16567  
11176.47683  
11143.34429  
11169.14803  
11132.91827  
11145.96329  
11161.04272  
11186.61349  
11125.64703  
11098.16104  
11129.29681  
11110.01997  
11155.81796  
11186.71862  
11174.00912  
11184.3369  
11169.55147  
11180.06174  
11156.57628  
11145.0094  
11145.43669  
11141.60022  
11099.70084  
11100.49912  
11103.21603  
11088.90656  
11115.91174  
11116.19327  
11194.93541  
11193.51548  
11184.68912  
11138.62234  
11117.13398  
