11233.89615  
11221.86636  
11259.96979  
11266.91477  
11281.04983  
11151.59739  
11270.80812  
11195.80043  
11264.00974  
11192.02647  
11241.77086  
11198.71455  
11239.46887  
11228.14613  
11251.62199  
11273.05886  
11227.68017  
11333.267  
11242.32621  
11255.13819  
11250.01631  
11264.58128  
11297.99339  
11247.54239  
11302.90573  
11223.40475  
11274.05932  
11225.64428  
11221.10027  
11212.00073  
11171.47918  
11293.21651  
11205.36538  
11295.77377  
11184.406  
11289.0482  
11262.23556  
11308.17418  
11256.42067  
11158.38094  
11163.82254  
11155.74819  
11160.94022  
11204.59797  
11161.78894  
11190.28493  
11183.08311  
11200.8167  
11230.25517  
11209.32497  
11317.00559  
11213.05265  
11264.95352  
11236.49967  
11269.57688  
11239.15056  
11228.13391  
11170.13088  
11265.42616  
11232.69143  
11261.08984  
11201.75204  
11241.73724  
11221.58654  
11272.40255  
11194.31011  
11246.61442  
11259.53692  
11272.63624  
11301.53304  
11239.82761  
11286.04276  
11270.36185  
11317.58182  
11232.75991  
11263.69498  
11168.69766  
11273.97428  
11248.10389  
11324.88755  
11213.47409  
11304.13294  
11260.05795  
11195.61108  
11261.61696  
11214.12026  
11277.33685  
11209.21823  
11268.68671  
11223.16994  
11240.33511  
11242.45693  
11241.55103  
11227.273  
11232.60387  
11276.51633  
11195.56645  
11192.70556  
11252.8852  
11236.94253  
11297.06186  
11244.19278  
11277.2334  
11181.7018  
11238.18866  
11179.71721  
11245.05271  
11226.56437  
11233.30726  
11219.21079  
11261.34323  
11223.86451  
11315.26671  
11233.70624  
11278.86324  
11187.66554  
11322.73475  
11185.83251  
11271.53416  
11169.56774  
11293.56377  
11205.68285  
11310.10169  
11191.76118  
11279.56381  
11228.87342  
11325.05298  
11236.14547  
11286.75283  
11263.79889  
11274.70059  
11212.29997  
11211.88516  
11289.82073  
11251.51091  
11177.30076  
11190.53545  
11273.06283  
11162.57671  
11259.14235  
11229.28547  
11303.63273  
11292.24715  
11274.39877  
11331.24618  
11344.0704  
11281.61405  
11280.10322  
11277.08282  
11183.51687  
11171.61459  
11205.44082  
11157.12795  
11215.32191  
11183.98994  
11232.43742  
11295.7848  
11267.14927  
11245.00015  
11182.88034  
