12088.91119  
12094.31799  
12169.5971  
12058.41636  
12072.90021  
12049.89709  
12101.10109  
12075.36172  
12071.42552  
12055.10283  
12092.47073  
12081.61352  
12145.12196  
12145.89677  
12140.6595  
12185.1473  
12110.05268  
12157.64886  
12108.96978  
12088.00544  
12122.5251  
12097.58676  
12165.62458  
12115.05537  
12137.04922  
12050.87429  
12124.00657  
12129.4243  
12060.63353  
12111.2234  
12016.53838  
12111.72801  
12073.09679  
12085.64395  
12037.83517  
12077.27262  
12074.09087  
12096.56498  
12117.92417  
12049.12051  
12004.15208  
12024.19803  
12034.19922  
12080.6047  
12078.56957  
12131.97939  
12063.57184  
12107.20885  
12074.96149  
12080.18336  
12062.43959  
12122.01214  
12071.05358  
12105.97728  
12120.83776  
12122.00845  
12120.03848  
12097.5274  
12123.08018  
12079.20191  
12105.53231  
12075.71437  
12131.82319  
12115.14593  
12136.69919  
12043.10536  
12128.73733  
12122.98657  
12134.8869  
12105.84262  
12085.4356  
12113.22962  
12098.86539  
12220.95941  
12101.38136  
12118.18198  
12040.98226  
12110.10523  
12133.71144  
12129.38062  
12070.97722  
12112.17966  
12131.4565  
12042.45312  
12070.67401  
12052.18774  
12139.78402  
12041.9649  
12071.25166  
12059.89131  
12072.08647  
12064.68402  
12068.75042  
12085.8007  
12051.25441  
12165.36793  
12078.92042  
12162.207  
12073.43262  
12085.57633  
12143.19911  
12083.53846  
12153.74462  
12070.22334  
12119.27119  
12060.58507  
12122.67739  
12113.19529  
12090.22704  
12117.32604  
12139.81171  
12077.21643  
12148.56556  
12130.90519  
12110.39611  
12098.41409  
12101.51006  
12111.91583  
12118.19948  
12079.42977  
12147.57311  
12097.29701  
12139.39342  
12099.01375  
12151.36962  
12127.29819  
12152.48131  
12065.52732  
12139.46693  
12113.64245  
12151.33628  
12042.49821  
12134.43539  
12127.83227  
12145.99031  
12036.61339  
12088.83652  
12143.19222  
12082.60621  
12106.25628  
12120.0009  
12146.40929  
12184.66245  
12152.9957  
12161.93415  
12084.38326  
12053.75673  
12088.25071  
12078.96263  
12017.8703  
11997.12291  
12014.30218  
12000.96326  
12078.26969  
12099.29347  
12182.10618  
12188.76299  
12179.16536  
12102.0061  
12063.05332  
