11424.85031  
11415.9435  
11434.61132  
11429.56968  
11434.30865  
11356.76394  
11431.26497  
11400.22032  
11432.99765  
11392.12331  
11422.94201  
11403.15982  
11426.90928  
11425.42013  
11413.17019  
11420.78407  
11406.84418  
11491.18128  
11420.93862  
11435.28913  
11428.43587  
11440.41705  
11437.97439  
11431.53346  
11471.53572  
11411.23157  
11433.88044  
11420.99081  
11406.42407  
11392.28752  
11373.33001  
11467.7057  
11413.16228  
11452.79804  
11387.89371  
11455.20616  
11458.46275  
11460.65073  
11420.62567  
11372.0025  
11359.64436  
11332.04398  
11341.28737  
11375.1201  
11379.32995  
11393.70345  
11380.93614  
11361.68535  
11413.44889  
11397.04449  
11454.73715  
11390.41969  
11436.35156  
11412.01351  
11431.14271  
11415.01949  
11408.69056  
11367.41645  
11429.49492  
11432.42986  
11429.03979  
11407.09068  
11421.94164  
11432.8851  
11429.62982  
11376.62795  
11409.83269  
11447.45118  
11447.57508  
11468.75369  
11429.89094  
11450.18292  
11449.22433  
11475.59945  
11423.34867  
11426.40452  
11366.28749  
11438.65832  
11431.89209  
11473.13739  
11410.50459  
11470.94452  
11428.24393  
11403.82582  
11428.23607  
11398.58376  
11432.16868  
11409.28576  
11437.10001  
11389.47126  
11411.13637  
11415.5161  
11419.98517  
11403.12598  
11427.19839  
11429.52348  
11389.28487  
11394.24464  
11432.52002  
11425.84108  
11459.28544  
11438.00778  
11451.56027  
11373.52567  
11409.89632  
11382.21936  
11420.3512  
11402.34446  
11416.30928  
11417.57233  
11437.40987  
11421.76172  
11463.57781  
11412.08878  
11449.28159  
11390.59092  
11492.60557  
11400.86045  
11439.7901  
11383.46046  
11462.29044  
11401.02075  
11479.26232  
11402.82602  
11453.43243  
11421.87331  
11472.5194  
11423.65853  
11443.28195  
11437.32311  
11433.62885  
11413.88517  
11399.88585  
11458.26473  
11426.71773  
11387.87822  
11384.75076  
11436.57794  
11364.06069  
11439.75443  
11419.61998  
11458.64858  
11455.33468  
11457.13153  
11474.03949  
11486.6651  
11451.63512  
11424.10555  
11426.68287  
11374.61436  
11348.1846  
11386.63951  
11357.28342  
11392.23482  
11413.09136  
11428.60553  
11459.1125  
11433.26829  
11445.60925  
11388.80033  
