11430.08965  
11415.60695  
11399.28728  
11417.37803  
11440.24626  
11406.59335  
11401.43185  
11423.9479  
11481.31309  
11446.7357  
11404.2601  
11412.94985  
11407.87102  
11440.14322  
11378.84176  
11456.64808  
11460.35029  
11446.01181  
11425.81682  
11448.84089  
11436.07119  
11422.36798  
11379.48116  
11338.14246  
11423.0752  
11381.75086  
11426.30086  
11436.00336  
11459.24944  
11438.19847  
11417.04682  
11377.4423  
11372.34576  
11346.19196  
11351.8207  
11424.28743  
11425.44488  
11451.38113  
11427.84757  
11493.648  
11438.07034  
11457.79623  
11495.28894  
11473.362  
11446.33526  
11451.80465  
11407.8684  
11428.52827  
11464.54863  
11431.37838  
11429.46779  
11442.94552  
11390.57311  
11399.13021  
11443.22106  
11444.63777  
11384.36115  
11338.89575  
11420.63014  
11409.4931  
11398.99389  
11395.2033  
11445.59326  
11455.07586  
11431.65996  
11419.14573  
11423.88326  
11419.78349  
11381.59405  
11384.45209  
11414.57676  
11449.04181  
11430.40005  
11437.29392  
11371.19195  
11402.90161  
11452.20778  
11470.1404  
11412.41404  
11422.02288  
11402.89003  
11412.5123  
11431.38535  
11394.15003  
11427.75532  
11364.34457  
11396.84178  
11470.98016  
11480.403  
11483.81669  
11447.91822  
11465.67249  
11466.45051  
11442.05359  
11441.33748  
11434.19967  
11405.23871  
11394.35217  
11396.39817  
11435.04695  
11403.24505  
11420.09916  
11419.34147  
11393.65466  
11416.98855  
11418.02957  
11398.07268  
11418.52638  
11417.21117  
11446.34475  
11421.32147  
11421.14526  
11420.00429  
11442.96071  
11468.35102  
11410.70741  
11375.3927  
11355.48153  
11403.62019  
11421.7107  
11426.79631  
11368.75002  
11410.44233  
11444.75622  
11445.83048  
11412.63319  
11442.08261  
11409.62662  
11409.85344  
11413.13813  
11425.44673  
11443.56112  
11427.52653  
11388.47808  
11423.4056  
11453.13419  
11492.58966  
11449.63821  
11420.80297  
11456.02832  
11408.36071  
11424.39608  
11367.86085  
11479.33457  
11462.89636  
11455.59249  
11410.62166  
11407.92169  
11425.26221  
11422.26655  
11424.73245  
11466.37083  
11395.38859  
11399.32508  
11415.86584  
11404.04587  
11410.75565  
11401.08835  
11423.04943  
11391.80101  
