11936.90161  
11943.93137  
11902.25619  
11882.03388  
11910.25365  
11888.15539  
11844.94843  
11887.69401  
11931.57858  
11871.77232  
11932.33835  
11989.93354  
11867.27917  
11836.33741  
11808.2197  
11872.37942  
11821.62127  
11870.36806  
11850.41155  
11959.62399  
11912.49217  
11862.65695  
11843.17414  
11915.99362  
11939.74136  
11843.56474  
11825.09104  
11932.73932  
11983.44149  
12024.99555  
12035.38836  
11907.3739  
11831.56657  
11799.67806  
11859.88099  
11912.01451  
11849.40371  
11825.64067  
11864.6198  
11949.65976  
11945.45466  
11943.16987  
11933.13725  
11963.84772  
11981.15951  
11864.81616  
11827.0153  
11894.14097  
11956.98368  
11936.23981  
11858.91971  
11832.64928  
11844.15919  
11893.85826  
11938.57249  
11854.56751  
11871.30981  
11864.96553  
11851.84598  
11894.04662  
11884.50922  
11870.8726  
11904.7775  
11839.37243  
11897.44385  
11864.28064  
11821.47425  
11820.87817  
11885.5421  
11777.24265  
11816.86534  
11868.03741  
11967.70123  
11965.49358  
11927.78485  
12015.85366  
12021.64524  
11945.12945  
11919.17294  
11866.53969  
11818.51316  
11865.01518  
11827.08343  
11846.48808  
11768.2159  
11719.67505  
11824.15441  
11941.99193  
11951.22839  
11883.19326  
11896.6001  
11921.05236  
11966.13656  
12006.17903  
12005.75325  
11931.77768  
11945.57292  
11974.72931  
11946.79575  
11936.26707  
11958.15319  
11946.02639  
11857.70709  
11833.76999  
11823.38638  
11904.625  
11948.03656  
12002.03289  
12057.60692  
11982.28478  
11867.35366  
11916.41309  
11893.3048  
11880.39367  
11915.5687  
11801.19111  
11767.19823  
11786.88436  
11824.30948  
11815.36394  
11845.42942  
11837.75387  
11847.22237  
11886.65533  
11891.5706  
11881.59598  
11896.70671  
11933.62351  
11927.71765  
12034.79493  
12089.81799  
12059.15188  
11883.09755  
11769.4317  
11877.972  
11966.84831  
11897.70289  
11928.4795  
11948.16941  
11960.17041  
12001.03233  
12002.41404  
11938.91407  
11891.67407  
11848.95606  
11927.65649  
11856.02737  
11861.33062  
11840.70396  
11892.01657  
11874.77318  
11904.62719  
11859.79485  
11794.58078  
11876.96747  
11926.90527  
11956.9857  
11900.72128  
11867.03261  
11799.83366  
