11907.68411  
11943.38022  
11953.2592  
11952.73482  
11952.06846  
11957.243  
11917.03331  
11967.78028  
12049.83173  
11938.02916  
11942.65167  
11934.24746  
11936.12493  
11965.51652  
11925.4869  
11965.96527  
11915.05849  
11910.81168  
11924.86038  
11950.59219  
11904.46215  
11868.45818  
11901.3514  
11881.17683  
11924.02603  
11904.65591  
11974.79451  
11942.8181  
11997.77055  
11968.44174  
11918.8129  
11901.11265  
11854.82291  
11829.42115  
11905.95513  
11948.42183  
11940.90771  
12005.69325  
12011.71833  
12046.91877  
12017.2216  
12062.38638  
12092.78052  
11948.0602  
11918.00744  
11916.03157  
11914.60078  
12004.86187  
12031.77562  
11991.90708  
11920.84135  
11927.65953  
11936.36504  
11940.08687  
11998.16478  
11910.27922  
11923.94144  
11861.27818  
11854.64093  
11872.94659  
11878.8603  
11879.13463  
11972.91961  
11989.60797  
11985.85301  
11910.27013  
11925.73319  
11894.88292  
11850.19109  
11871.30064  
11904.20345  
11945.00532  
11964.72908  
11959.36034  
11897.37214  
11917.28628  
11971.42046  
11921.99321  
11916.17551  
11884.69057  
11920.60985  
11994.59397  
12026.41702  
11926.30486  
11981.29827  
12004.2423  
11991.83908  
12070.25078  
12059.65286  
12049.70478  
11969.32062  
11918.57173  
11934.13402  
11877.43475  
11926.44098  
11862.07897  
11852.66337  
11904.42509  
11899.49941  
11943.78787  
11912.94169  
11936.6866  
11960.75333  
11913.05259  
11964.1111  
11945.97855  
11957.00135  
11893.2838  
11933.78741  
11989.69469  
11937.91835  
11943.54617  
11944.22059  
11940.39155  
11986.78799  
11944.0177  
11959.33968  
11979.0295  
11954.87933  
11954.80727  
11986.09981  
11951.93567  
11990.54651  
11938.51367  
11922.00377  
11912.39107  
11941.95806  
11918.50513  
11932.74033  
11897.15873  
11900.67965  
11906.51501  
11984.32865  
11895.14136  
11953.59257  
12038.30373  
12047.06043  
11950.09691  
11954.45986  
11913.52671  
11899.6616  
11811.95243  
11902.64039  
12052.13212  
12033.97624  
11972.38875  
11901.05983  
11954.10966  
11950.45411  
11928.27525  
11938.06839  
11910.08329  
11887.1074  
11909.25862  
11924.30286  
11886.58938  
11904.67667  
11951.11444  
12006.35345  
12008.1456  
