10439.22355  
10423.84505  
10468.0638  
10450.9506  
10478.31986  
10432.90715  
10430.66667  
10443.24468  
10476.91075  
10462.21895  
10441.02362  
10478.72338  
10443.86717  
10425.34948  
10423.20669  
10462.53265  
10490.78872  
10469.01084  
10430.80793  
10470.80655  
10445.91698  
10443.99495  
10397.73872  
10388.15943  
10458.97491  
10456.33491  
10433.07856  
10469.51038  
10470.53672  
10460.82927  
10454.44614  
10469.46328  
10399.64564  
10367.56834  
10377.18721  
10423.46168  
10411.52226  
10455.11752  
10412.17247  
10438.25157  
10444.5313  
10479.77519  
10485.85292  
10492.36028  
10480.71476  
10443.77448  
10416.99426  
10444.04238  
10482.59057  
10460.80672  
10497.92407  
10461.90442  
10432.81908  
10466.80508  
10494.28516  
10491.31069  
10431.53704  
10409.10688  
10444.58091  
10432.89889  
10446.78996  
10427.45309  
10486.24003  
10476.58071  
10452.58781  
10428.29056  
10444.84946  
10467.40198  
10448.91645  
10401.12707  
10464.21225  
10451.2958  
10449.00458  
10453.95604  
10417.2068  
10433.32716  
10470.0328  
10468.45942  
10424.66843  
10432.12387  
10422.68732  
10453.66482  
10447.72678  
10415.97017  
10405.59427  
10367.48503  
10399.12952  
10444.86673  
10505.58887  
10451.8539  
10469.71204  
10473.82208  
10462.04764  
10470.16704  
10446.59079  
10464.512  
10461.51258  
10446.31248  
10469.4982  
10472.63897  
10474.5633  
10508.48596  
10483.19156  
10454.16282  
10443.74095  
10491.42592  
10468.18888  
10476.48023  
10440.3545  
10495.36286  
10452.6342  
10440.31261  
10460.86569  
10444.25573  
10475.99753  
10424.69469  
10393.31052  
10410.1521  
10438.237  
10419.85233  
10430.6628  
10415.50489  
10438.81289  
10467.24026  
10435.47172  
10442.97153  
10393.47975  
10424.45786  
10428.05095  
10444.01699  
10460.49934  
10474.44672  
10432.74011  
10417.99482  
10413.24643  
10489.58998  
10467.30121  
10445.12738  
10421.58703  
10455.40722  
10445.257  
10472.8337  
10427.78842  
10479.57751  
10471.7462  
10452.69847  
10445.5985  
10417.8156  
10432.10753  
10439.06586  
10470.91015  
10457.60358  
10456.45017  
10459.72872  
10441.3029  
10473.53639  
10445.23742  
10452.38446  
10441.63692  
10420.49154  
