10583.95519  
10576.09176  
10657.30624  
10613.09034  
10648.86589  
10597.15915  
10588.41943  
10593.69639  
10626.65777  
10614.28222  
10594.48385  
10648.49566  
10591.41589  
10584.74933  
10570.07842  
10631.29457  
10655.27173  
10636.21551  
10581.42119  
10633.73063  
10608.26379  
10604.84022  
10558.5647  
10552.95633  
10622.72182  
10626.75186  
10602.19244  
10626.1449  
10625.0004  
10612.57142  
10632.74601  
10636.20167  
10556.41229  
10532.10649  
10517.51836  
10591.69393  
10571.01877  
10607.91965  
10553.6817  
10598.94834  
10597.24118  
10644.75363  
10636.0104  
10657.85886  
10647.31913  
10609.10038  
10583.07074  
10612.68718  
10632.99289  
10614.84325  
10676.07648  
10624.86295  
10598.2106  
10654.66246  
10667.55363  
10641.48922  
10584.11056  
10574.68804  
10599.45972  
10580.43456  
10594.17324  
10585.61056  
10652.76448  
10624.63584  
10594.8216  
10588.26256  
10598.32529  
10611.51082  
10596.38735  
10552.13532  
10626.76616  
10600.40132  
10600.37675  
10600.13135  
10564.77012  
10609.8319  
10628.70662  
10626.72155  
10602.26346  
10597.13222  
10583.97129  
10619.04832  
10601.17495  
10572.17286  
10563.08508  
10523.89646  
10561.32164  
10608.97733  
10665.77147  
10597.78178  
10654.12484  
10640.7489  
10620.40482  
10638.3692  
10623.33108  
10638.26856  
10611.47225  
10617.39241  
10637.34524  
10646.16542  
10620.19967  
10672.03616  
10634.1864  
10622.49573  
10625.70128  
10659.82205  
10643.92378  
10640.08976  
10609.47197  
10660.60346  
10609.69479  
10620.61592  
10632.5949  
10609.82248  
10650.288  
10580.65359  
10548.10865  
10557.84981  
10584.95867  
10588.84825  
10586.31826  
10574.55809  
10597.92008  
10627.41919  
10584.38506  
10585.65594  
10538.64481  
10569.59379  
10594.99417  
10611.13282  
10611.97416  
10622.30745  
10597.90306  
10568.83187  
10562.41937  
10660.48423  
10613.2772  
10615.52886  
10598.55848  
10610.94453  
10596.03056  
10642.28792  
10593.84953  
10633.23361  
10617.0424  
10631.01142  
10603.16341  
10590.91669  
10594.78794  
10596.41647  
10634.39333  
10622.52243  
10633.62649  
10635.77646  
10604.31314  
10616.67824  
10598.234  
10628.16103  
10588.24492  
10558.58666  
