10409.29389  
10399.99307  
10497.9088  
10489.4999  
10500.12898  
10428.49613  
10406.22622  
10406.57211  
10468.23271  
10392.48365  
10409.18149  
10525.05436  
10455.90104  
10500.35283  
10415.02041  
10466.81897  
10484.13521  
10518.85124  
10379.72913  
10475.56087  
10458.55141  
10427.06803  
10362.83069  
10405.33079  
10520.02618  
10505.19683  
10466.73415  
10397.58695  
10451.41728  
10445.35173  
10528.22785  
10475.80304  
10378.38641  
10367.71132  
10388.67057  
10499.80331  
10381.33465  
10450.07047  
10396.40284  
10481.94093  
10426.50056  
10508.9785  
10472.31271  
10460.74123  
10465.66378  
10442.22626  
10406.69215  
10468.96414  
10443.16213  
10419.49347  
10506.41345  
10413.58266  
10400.30149  
10551.81943  
10541.43114  
10472.61931  
10390.44769  
10425.91584  
10397.95638  
10459.84459  
10448.82525  
10413.02529  
10531.4083  
10450.64679  
10467.12446  
10412.09136  
10515.84689  
10447.24481  
10402.4505  
10383.75067  
10520.66125  
10412.22095  
10445.54624  
10500.05915  
10398.04553  
10437.8246  
10484.03502  
10429.82657  
10420.64861  
10394.73039  
10410.93654  
10501.39375  
10456.59455  
10394.53531  
10455.54427  
10404.08203  
10464.1317  
10448.38163  
10466.90975  
10458.43742  
10443.04996  
10450.39874  
10404.9716  
10442.75967  
10401.05339  
10481.52202  
10451.69028  
10445.38109  
10519.66477  
10503.14078  
10476.58818  
10566.71404  
10457.05053  
10456.34095  
10512.40945  
10502.47111  
10448.44219  
10451.52196  
10417.25059  
10526.17042  
10499.60719  
10456.9181  
10435.54701  
10400.59854  
10499.84442  
10413.75207  
10380.46932  
10427.60164  
10438.20753  
10445.17369  
10440.54134  
10406.14911  
10518.07495  
10514.86828  
10411.83534  
10420.15064  
10348.97547  
10379.66326  
10403.19146  
10408.23889  
10427.24351  
10429.29008  
10397.98857  
10451.92768  
10389.93555  
10524.60256  
10479.79582  
10379.9744  
10461.01836  
10438.97394  
10462.15437  
10520.74133  
10383.49154  
10552.34325  
10491.6984  
10522.20912  
10395.33368  
10425.42218  
10469.6973  
10446.44112  
10477.33261  
10393.68786  
10440.6875  
10527.17749  
10451.44407  
10417.41293  
10415.6663  
10464.42787  
10473.08776  
10390.85765  
