10307.64934  
10285.43896  
10296.02521  
10303.55084  
10323.27802  
10283.58715  
10287.25507  
10306.4704  
10340.7771  
10323.97961  
10301.51432  
10324.38494  
10309.73197  
10280.44053  
10289.68695  
10309.11271  
10341.25872  
10317.00659  
10293.88679  
10322.69375  
10298.32898  
10297.77198  
10251.53328  
10238.34407  
10310.11408  
10301.4104  
10279.33867  
10327.11536  
10330.11519  
10322.88187  
10292.35535  
10317.88293  
10257.13052  
10217.9882  
10249.61344  
10270.52327  
10266.52544  
10316.2065  
10283.52771  
10292.1636  
10305.70413  
10329.79478  
10349.34612  
10341.90702  
10329.25625  
10293.47821  
10266.01563  
10290.72893  
10345.86119  
10320.7735  
10335.96733  
10313.7603  
10282.46315  
10296.02564  
10336.76836  
10354.78476  
10292.83384  
10258.57855  
10303.78199  
10298.77555  
10312.80517  
10283.67358  
10334.85417  
10341.98513  
10323.28436  
10282.86147  
10305.32597  
10336.39395  
10314.85198  
10263.84685  
10316.43596  
10315.74533  
10311.39352  
10321.0694  
10283.05833  
10272.86829  
10325.78388  
10324.58475  
10263.2184  
10282.11628  
10276.06554  
10303.31618  
10308.22845  
10273.96772  
10262.42081  
10225.29283  
10251.68213  
10295.67527  
10359.96831  
10319.1922  
10302.06403  
10322.07043  
10318.08657  
10317.25598  
10285.9178  
10306.55148  
10325.18561  
10290.78527  
10316.90997  
10314.88765  
10342.16661  
10359.80395  
10345.92353  
10301.13291  
10278.32247  
10338.33853  
10308.42988  
10327.7443  
10286.61135  
10345.14414  
10309.85186  
10276.40051  
10304.74823  
10293.7405  
10317.55165  
10282.91386  
10252.58495  
10275.88145  
10304.85366  
10266.21966  
10289.15783  
10270.91108  
10294.16999  
10321.62305  
10300.09595  
10313.25844  
10261.5115  
10292.51611  
10276.28439  
10292.0935  
10322.79495  
10340.02788  
10282.59198  
10280.87022  
10277.63467  
10334.23157  
10334.59577  
10290.21694  
10260.7039  
10314.00967  
10308.19012  
10318.7844  
10276.82377  
10339.89014  
10339.65875  
10290.5958  
10302.35767  
10260.45097  
10284.21625  
10296.01984  
10322.28907  
10307.67735  
10295.38079  
10299.68532  
10293.11177  
10343.40744  
10306.14962  
10292.58758  
10308.35692  
10294.95052  
