11333.44874  
11319.36083  
11407.50848  
11364.45749  
11376.37736  
11381.78845  
11302.55229  
11350.82943  
11401.68352  
11366.49327  
11312.0035  
11429.96448  
11335.93586  
11379.90608  
11302.43614  
11357.41485  
11397.08737  
11441.87076  
11289.03857  
11411.893  
11386.01253  
11321.08839  
11265.37463  
11258.56307  
11357.15701  
11358.41237  
11310.18057  
11371.46339  
11378.10484  
11390.09309  
11384.24783  
11369.91008  
11268.30657  
11220.33726  
11258.44373  
11322.67423  
11232.24947  
11331.84788  
11304.41629  
11366.47934  
11340.76203  
11462.58076  
11385.40951  
11425.08669  
11450.98065  
11361.32715  
11304.52873  
11337.44723  
11425.12069  
11373.39748  
11460.15802  
11363.0023  
11346.40115  
11381.99869  
11404.92202  
11400.6227  
11308.92239  
11369.28685  
11315.47979  
11331.81987  
11308.69854  
11309.67318  
11407.32586  
11386.49571  
11351.94986  
11334.80447  
11418.08192  
11345.97161  
11358.82988  
11284.2458  
11383.60567  
11329.0372  
11420.61623  
11398.44485  
11280.18592  
11363.38784  
11380.18175  
11383.7572  
11296.95491  
11319.9537  
11282.88731  
11322.96982  
11324.55353  
11349.64656  
11262.62189  
11236.58187  
11331.72901  
11343.04818  
11450.50628  
11373.69421  
11424.84191  
11389.32225  
11383.56307  
11394.16377  
11352.07719  
11390.21499  
11301.82315  
11344.29713  
11408.21191  
11321.30756  
11402.09511  
11464.09213  
11382.709  
11389.02729  
11327.76817  
11413.02862  
11343.67904  
11406.41089  
11307.12104  
11433.95231  
11317.90146  
11364.71873  
11362.38128  
11338.31359  
11406.32004  
11350.51349  
11310.61986  
11314.56169  
11350.98629  
11332.43324  
11311.24543  
11306.71647  
11330.33192  
11381.34419  
11322.74842  
11331.83467  
11254.44343  
11345.66898  
11328.99971  
11324.90387  
11424.49092  
11415.59126  
11360.85455  
11308.94616  
11260.30364  
11492.0213  
11371.00835  
11400.28287  
11344.09819  
11385.34963  
11374.80235  
11513.03554  
11263.25192  
11397.29922  
11363.52237  
11375.6287  
11303.03716  
11324.92657  
11343.23152  
11320.03003  
11364.1006  
11369.99867  
11358.60571  
11423.19596  
11330.76577  
11360.11068  
11349.77123  
11345.84677  
11323.5777  
11301.73498  
