11334.9328  
11319.34978  
11277.83059  
11360.66987  
11252.31648  
11292.86599  
11306.54718  
11230.19826  
11300.81731  
11283.80628  
11404.23477  
11187.32166  
11191.32642  
11301.50573  
11243.54045  
11246.32982  
11288.84508  
11436.25269  
11277.25135  
11293.76549  
11267.31723  
11433.39771  
11235.66665  
11276.61167  
11361.99519  
11289.00757  
11271.9476  
11271.77612  
11371.69851  
11317.24211  
11218.93936  
11210.57095  
11340.61514  
11437.50434  
11381.33571  
11279.83776  
11348.01007  
11281.35032  
11335.27569  
11195.27289  
11251.13717  
11261.30542  
11258.3996  
11297.09803  
11260.43063  
11406.72025  
11307.46488  
11360.87598  
11258.57351  
11293.86655  
11364.76202  
11224.26035  
11289.78057  
11283.045  
11168.72153  
11245.33459  
11285.4194  
11177.54513  
11303.33924  
11344.06517  
11274.56541  
11219.12211  
11385.69235  
11231.89556  
11247.14938  
11287.80067  
11285.90092  
11407.87308  
11315.02582  
11239.28589  
11302.10637  
11354.25907  
11306.45821  
11205.24816  
11264.22254  
11183.70975  
11243.02049  
11324.32168  
11206.85667  
11224.42364  
11308.78039  
11420.03893  
11379.17574  
11441.66645  
11271.90912  
11368.61332  
11331.62442  
11208.17116  
11239.07816  
11303.30623  
11391.70115  
11203.98212  
11258.23464  
11248.07168  
11336.78606  
11360.24301  
11367.73719  
11159.10175  
11190.93511  
11329.27579  
11300.01705  
11329.30273  
11353.44497  
11350.60802  
11386.33675  
11425.96302  
11381.80662  
11361.99361  
11280.29028  
11234.62571  
11353.36572  
11237.44161  
11372.23308  
11350.40171  
11196.37919  
11326.326  
11228.85806  
11271.97791  
11296.84882  
11338.75244  
11235.49763  
11247.41138  
11348.06735  
11365.12876  
11333.74504  
11276.62138  
11285.70057  
11341.29656  
11238.14252  
11323.3423  
11290.96404  
11317.20157  
11137.16964  
11218.43694  
11350.07557  
11298.27389  
11218.56396  
11263.45425  
11273.02969  
11296.38037  
11287.5772  
11214.04766  
11317.50738  
11242.83295  
11308.38903  
11277.41155  
11305.19826  
11285.8337  
11350.903  
11372.15591  
11212.36232  
11293.94537  
11261.36287  
11401.79644  
11435.9055  
11310.43395  
11224.53718  
11250.69984  
11287.10748  
11341.63229  
