10840.56775  
10865.74052  
10773.72602  
10802.90724  
10844.1001  
10824.01842  
10786.79058  
10725.19368  
10742.84188  
10741.53591  
10794.84649  
10666.50759  
10679.74581  
10822.46494  
10791.056  
10776.46562  
10835.39578  
10934.35003  
10818.29863  
10742.56726  
10734.65593  
10874.78373  
10783.52714  
10777.23298  
10906.29098  
10820.81427  
10799.90652  
10769.65465  
10855.23082  
10807.29608  
10723.73473  
10712.42162  
10834.46784  
10888.69334  
10903.27364  
10788.01401  
10877.21934  
10713.9589  
10821.42219  
10756.99045  
10835.94383  
10797.0034  
10788.86217  
10742.29538  
10761.29731  
10865.23365  
10855.36997  
10862.91443  
10795.72518  
10768.18275  
10837.72897  
10731.68667  
10786.01182  
10794.39258  
10733.89155  
10770.8285  
10771.68364  
10705.94743  
10790.80939  
10845.8096  
10771.63079  
10707.91209  
10813.13379  
10795.75643  
10754.94423  
10783.35778  
10813.39068  
10832.45848  
10793.63236  
10720.77654  
10775.51982  
10836.664  
10814.48406  
10704.21459  
10734.32917  
10776.10321  
10793.72924  
10863.02605  
10764.60757  
10817.1417  
10889.0589  
10898.68518  
10860.25424  
10802.15271  
10768.59565  
10761.6756  
10782.67753  
10729.59294  
10780.19565  
10768.4672  
10771.98729  
10736.3079  
10704.41603  
10711.02935  
10766.53048  
10828.43445  
10807.48323  
10682.17467  
10713.90351  
10823.60057  
10902.81073  
10831.14813  
10849.1954  
10889.81083  
10868.10932  
10871.6432  
10892.85424  
10841.70988  
10777.07888  
10726.9591  
10822.42777  
10836.55671  
10860.60655  
10823.93221  
10702.47357  
10761.69104  
10789.27394  
10784.75926  
10808.83323  
10807.67275  
10715.64155  
10793.86163  
10864.25855  
10818.36759  
10823.73862  
10774.79019  
10727.6518  
10853.17688  
10780.23419  
10866.09941  
10761.56072  
10800.53048  
10660.23571  
10773.20291  
10849.80573  
10828.09355  
10747.70392  
10747.8039  
10834.31657  
10827.82698  
10819.52155  
10762.56718  
10841.80339  
10769.17054  
10860.19213  
10743.57858  
10793.9093  
10802.34466  
10832.60757  
10818.14483  
10715.48389  
10720.32602  
10758.46013  
10877.90669  
10799.45272  
10786.03182  
10770.0988  
10737.69715  
10895.09641  
10813.38606  
