11003.34862  
10987.9758  
10936.44393  
10939.08316  
10961.60778  
10957.21427  
10955.92999  
10916.79103  
10919.64333  
10924.51446  
10967.55275  
10883.32987  
10857.11343  
10936.36317  
10946.49985  
10958.91024  
10976.0717  
10990.45494  
10959.49949  
10940.54688  
10915.55534  
10991.45625  
10939.36159  
10920.24121  
10997.83376  
10944.44733  
10951.12847  
10951.32138  
10995.37013  
10972.24729  
10904.01884  
10894.73814  
10996.12778  
11000.66007  
10994.91003  
10933.75271  
10969.44351  
10894.27938  
10949.45048  
10910.96149  
10937.81838  
10950.04008  
10956.44281  
10933.11404  
10929.96422  
10997.75999  
10975.94695  
10984.02765  
10945.58545  
10929.19612  
10954.95555  
10897.38006  
10939.01087  
10965.15861  
10906.86846  
10933.198  
10954.43631  
10888.55147  
10920.02344  
10955.14751  
10910.65318  
10875.28314  
10920.60586  
10919.39109  
10931.89788  
10952.02241  
10963.16613  
10981.16651  
10960.78893  
10901.1811  
10934.33824  
10989.85034  
10957.49806  
10863.26084  
10873.30065  
10901.91541  
10906.6726  
10965.51561  
10936.38927  
10957.64613  
11008.36454  
11030.69501  
11022.98656  
10989.84  
10923.96331  
10934.66369  
10939.51981  
10907.67207  
10920.09434  
10935.46591  
10964.02326  
10916.47978  
10891.64876  
10873.68018  
10931.67297  
10972.92922  
10946.03271  
10872.94565  
10898.78351  
10964.64786  
11016.42648  
10984.42238  
10989.64845  
11012.79732  
11001.25392  
11026.14364  
11029.79683  
10991.36993  
10930.70619  
10917.68645  
10958.13633  
10955.10535  
11000.47352  
10992.91285  
10911.46663  
10914.11818  
10919.09821  
10929.26494  
10924.53497  
10930.29049  
10878.8284  
10922.75395  
10989.53883  
10974.43486  
10977.66487  
10944.94287  
10897.11576  
10952.18264  
10906.22175  
10955.05487  
10924.46579  
10953.95601  
10864.49298  
10908.85992  
10968.25585  
10962.0243  
10948.96521  
10944.18322  
10972.97987  
10970.43451  
10974.05067  
10945.31507  
10974.63128  
10942.56467  
10984.06232  
10952.63194  
10964.78282  
10989.13629  
10994.26345  
10973.40142  
10922.95854  
10928.50102  
10939.90545  
11002.16569  
10990.52153  
10922.73887  
10857.65163  
10872.97382  
10949.94675  
10962.98097  
