11367.4165  
11360.77498  
11310.37374  
11314.05004  
11321.77019  
11322.68856  
11317.48033  
11281.22921  
11281.10132  
11285.09362  
11330.15726  
11245.29692  
11222.71815  
11301.16008  
11308.8992  
11315.70821  
11336.63832  
11355.62228  
11325.33007  
11296.26154  
11277.30193  
11359.35915  
11301.96692  
11279.20143  
11356.828  
11315.81138  
11317.32709  
11311.62955  
11346.43518  
11331.28325  
11267.64881  
11254.42012  
11344.37272  
11368.70077  
11360.30808  
11297.76019  
11337.82763  
11261.92504  
11323.23806  
11286.65474  
11313.19044  
11316.41454  
11325.85659  
11298.26186  
11293.87538  
11357.48406  
11344.26879  
11350.7152  
11311.83117  
11301.64093  
11327.25112  
11273.22792  
11306.54602  
11325.67258  
11272.54611  
11298.88712  
11316.10733  
11256.5519  
11277.36478  
11310.14021  
11271.61951  
11238.21235  
11293.39793  
11292.02726  
11295.10005  
11316.59808  
11322.00301  
11352.77304  
11325.49251  
11262.34045  
11309.21345  
11356.61346  
11328.13507  
11238.36179  
11252.62293  
11266.35426  
11266.10975  
11327.35524  
11311.77062  
11312.687  
11368.97571  
11395.6072  
11390.6343  
11356.18314  
11274.73597  
11288.2744  
11306.60497  
11269.35251  
11293.90391  
11291.25806  
11327.93903  
11276.7805  
11240.12041  
11240.18127  
11289.20795  
11331.1071  
11300.12755  
11240.03061  
11245.65901  
11341.2009  
11385.95897  
11351.29346  
11353.80415  
11383.04164  
11361.67173  
11400.88823  
11395.8438  
11370.74342  
11309.65097  
11287.43415  
11332.13542  
11329.83387  
11355.27545  
11349.40871  
11271.95403  
11281.87362  
11292.04557  
11292.57912  
11276.51091  
11286.24425  
11243.20329  
11287.90887  
11355.08079  
11340.02238  
11331.11067  
11307.96771  
11263.49907  
11317.30179  
11268.69391  
11321.60937  
11288.96789  
11326.07626  
11241.3481  
11261.55976  
11323.32801  
11328.27026  
11315.00782  
11302.52382  
11350.13152  
11339.96403  
11340.35207  
11309.96199  
11337.39067  
11309.61213  
11351.92039  
11305.78577  
11314.2543  
11341.57526  
11356.33581  
11341.15929  
11286.59357  
11287.29655  
11313.11125  
11361.21618  
11351.33206  
11300.50122  
11228.17559  
11232.46534  
11307.37313  
11338.80472  
