11681.77007  
11709.87879  
11609.67237  
11609.86627  
11665.24661  
11675.59873  
11653.31332  
11593.02997  
11597.89987  
11617.98555  
11602.54779  
11546.10886  
11517.76309  
11666.22172  
11662.67759  
11647.29458  
11655.71468  
11695.52132  
11674.79733  
11584.95139  
11599.22642  
11690.31457  
11656.04662  
11609.53314  
11741.67437  
11685.25628  
11634.18288  
11630.23732  
11675.74418  
11648.44467  
11564.10973  
11568.51367  
11704.56888  
11752.09798  
11753.55871  
11664.34335  
11731.03701  
11581.06174  
11681.08217  
11636.32274  
11686.07561  
11616.35722  
11634.14874  
11561.63128  
11604.93335  
11684.7833  
11694.10985  
11688.88692  
11661.25169  
11605.01961  
11648.49364  
11605.85836  
11643.39467  
11652.53769  
11598.33747  
11653.95785  
11636.32836  
11586.17734  
11613.84323  
11652.61077  
11622.9493  
11566.79319  
11652.68423  
11665.86324  
11607.21712  
11649.91344  
11654.37594  
11632.62233  
11653.38449  
11594.25981  
11663.09012  
11680.7044  
11647.23611  
11546.18957  
11584.75819  
11649.19822  
11630.86484  
11669.59249  
11637.65378  
11621.36511  
11711.53255  
11750.64298  
11711.53888  
11630.91157  
11613.23902  
11577.44173  
11650.14585  
11560.12532  
11649.37245  
11595.20364  
11593.0733  
11587.66845  
11544.95085  
11562.32147  
11634.02228  
11673.81126  
11602.88805  
11551.12227  
11562.85922  
11700.37946  
11761.19007  
11678.91647  
11691.93222  
11739.63184  
11664.46118  
11707.99051  
11707.17504  
11724.08807  
11648.96112  
11562.22999  
11624.67728  
11691.84792  
11729.49181  
11654.77932  
11561.08681  
11598.3688  
11657.93844  
11631.00261  
11630.64332  
11629.541  
11583.26198  
11647.88706  
11682.83616  
11671.05574  
11638.37885  
11670.24141  
11593.08558  
11654.44748  
11623.55441  
11679.71042  
11624.24344  
11686.1426  
11569.93128  
11604.11581  
11630.48824  
11647.34267  
11614.71456  
11573.03089  
11685.43794  
11682.05808  
11669.56501  
11618.21245  
11666.75088  
11632.72744  
11714.36974  
11593.53603  
11619.42696  
11632.83941  
11648.45119  
11666.76285  
11563.82045  
11551.51313  
11641.72596  
11685.79506  
11663.7327  
11633.69131  
11628.32701  
11593.97146  
11718.85459  
11664.99591  
