11822.35288  
11813.76715  
11784.39964  
11742.10961  
11808.82683  
11859.59019  
11850.65357  
11817.17051  
11814.64072  
11824.54442  
11784.57102  
11765.32906  
11765.70069  
11802.83788  
11858.3003  
11844.72911  
11836.51485  
11811.23787  
11831.77795  
11792.4743  
11793.31311  
11803.04381  
11810.99368  
11793.5316  
11816.44294  
11831.41278  
11866.75248  
11888.45567  
11820.16906  
11790.71593  
11811.37504  
11835.84153  
11936.69896  
11909.75039  
11851.49248  
11808.30818  
11809.80632  
11728.96746  
11746.54851  
11831.33125  
11881.52035  
11859.87862  
11834.71823  
11746.17925  
11818.64328  
11841.39263  
11839.39199  
11808.89493  
11755.2867  
11752.13534  
11810.75939  
11823.1654  
11805.40372  
11827.89999  
11812.94779  
11824.55706  
11797.49533  
11796.22018  
11818.97989  
11809.77087  
11781.96553  
11774.03477  
11774.70542  
11814.5101  
11821.34103  
11887.98257  
11903.39502  
11789.08331  
11770.9171  
11789.2493  
11880.18588  
11916.05619  
11816.47966  
11726.59988  
11741.41758  
11759.52416  
11760.72697  
11806.85961  
11827.41965  
11848.80361  
11915.38957  
11926.77964  
11873.88631  
11805.72436  
11798.32383  
11756.56699  
11778.82861  
11777.44797  
11872.07461  
11895.13292  
11809.03686  
11819.58635  
11804.36399  
11815.00329  
11872.96777  
11883.71183  
11808.71956  
11766.56553  
11785.02692  
11812.00525  
11852.60271  
11839.27867  
11788.09846  
11843.1825  
11848.5437  
11818.86063  
11843.90494  
11828.61679  
11789.19987  
11772.06058  
11729.87553  
11835.23492  
11880.17773  
11808.72755  
11754.55748  
11755.09271  
11847.48501  
11855.32607  
11860.17769  
11822.50783  
11830.8835  
11854.96961  
11903.60737  
11863.12304  
11821.62612  
11773.65069  
11762.96802  
11708.13158  
11808.8135  
11880.49692  
11811.41923  
11726.32866  
11708.15774  
11738.07019  
11787.13335  
11817.6431  
11782.91994  
11717.37426  
11774.16486  
11817.14235  
11857.51576  
11853.20506  
11825.65906  
11839.23246  
11864.62244  
11883.62828  
11901.69004  
11863.90796  
11842.8971  
11776.28381  
11764.26793  
11754.53365  
11807.98399  
11933.15907  
11776.59678  
11777.67033  
11810.93907  
11745.05852  
11880.22718  
11799.32  
