10751.61041  
10713.58585  
10885.74491  
10673.22618  
10751.25807  
10771.52425  
10650.26791  
10756.9821  
10815.69897  
10718.56617  
10787.02113  
10745.71402  
11019.54727  
11088.87047  
10765.37698  
10692.70457  
10777.60676  
10659.30397  
10544.8201  
10650.04934  
10672.95359  
10639.45726  
10752.3776  
10684.99183  
10773.65912  
10726.5984  
10829.84485  
10757.75733  
10707.93877  
10819.05256  
10758.35729  
10705.13798  
10810.01977  
10831.2368  
11192.76774  
10932.79413  
10747.6505  
10758.50954  
10818.72452  
10653.26242  
10617.69668  
10627.3695  
10781.52188  
10989.30194  
10821.04736  
10790.98534  
10762.83211  
10788.59674  
10774.03172  
10690.83096  
10633.44965  
10666.49916  
10762.77256  
10711.75284  
10661.8928  
10799.30395  
10667.93141  
10715.34257  
10777.98542  
10703.5062  
10772.63131  
10796.14611  
10639.99761  
10756.41718  
10663.54451  
10720.01131  
10718.85057  
10585.30104  
10724.77666  
10725.21796  
11155.51725  
10857.92957  
10579.1384  
10716.01488  
10657.56016  
10617.43885  
10689.1235  
10687.07017  
10958.09519  
10727.0803  
10813.25045  
10837.92059  
10751.943  
10817.57058  
10755.97916  
10845.83985  
10753.97659  
10881.35032  
10739.12961  
10795.55136  
10765.50405  
10774.51492  
10773.69035  
10738.99189  
10814.11725  
10697.41795  
10761.6007  
10784.42024  
10669.34036  
10807.03708  
10726.05645  
10703.28364  
10865.01447  
10817.60621  
10868.28131  
10780.29349  
11100.54911  
11034.16206  
10731.82808  
10785.80442  
10645.97646  
10626.99072  
10775.1035  
10618.79267  
10763.60844  
10727.99809  
10756.39572  
10804.74954  
10670.65362  
10692.03468  
10702.77375  
10844.5912  
10689.18334  
10651.54339  
10765.76447  
10769.09593  
10589.274  
10713.0482  
10822.95917  
10610.69858  
10697.61456  
10724.80854  
10694.01506  
11072.14611  
10925.63606  
10721.57939  
10677.85563  
10722.66071  
10573.8221  
10775.85121  
10668.27934  
11119.78969  
11090.12145  
10712.73408  
10704.4595  
10776.41122  
10647.27165  
10742.52734  
10775.18364  
10639.75462  
10749.67928  
10659.33578  
10685.02401  
10907.24011  
11079.2359  
10740.5196  
10796.24135  
10718.60034  
10740.15513  
10587.31488  
