10979.31286  
10812.46103  
11193.75993  
10669.2801  
10890.9898  
10983.37671  
10628.91262  
10936.48019  
11016.87725  
10714.75158  
10927.58222  
10868.09752  
11208.17649  
11328.49003  
10739.14215  
10668.02306  
10901.61777  
10779.04453  
10409.8944  
10650.24876  
10770.68527  
10720.069  
11038.88503  
10771.29813  
11009.5321  
10772.49807  
10992.7177  
10843.16192  
10736.16609  
11055.76497  
10776.47544  
10792.66896  
11119.12292  
10899.4317  
11371.42939  
10977.07617  
10764.13099  
10753.47431  
11000.46667  
10645.12784  
10564.18604  
10656.93575  
11084.9208  
11128.80991  
10941.90969  
10946.12864  
10963.52331  
10840.46191  
10749.7007  
10828.43583  
10895.05309  
10602.32878  
10833.55769  
10946.7192  
10661.31832  
11033.29312  
10665.65251  
10810.28422  
11017.49176  
10726.08528  
10845.56843  
11067.70806  
10682.43773  
10966.98537  
10774.6084  
10894.45821  
11011.38785  
10628.21105  
10812.44443  
10884.76187  
11369.13431  
10721.42492  
10609.54453  
10717.16741  
10679.19512  
10609.98428  
10894.36985  
10713.81436  
11124.75338  
10763.06819  
10888.81823  
11199.15753  
10843.00244  
11189.57459  
10849.60474  
11145.20604  
10807.10085  
11211.99938  
10743.33996  
10894.43513  
10923.68031  
10945.98918  
10882.99172  
10774.26196  
11006.39414  
10713.54287  
10837.26959  
10983.77699  
10664.45542  
10930.77766  
10851.66102  
10740.08812  
11097.12198  
10859.90131  
10963.22591  
10734.00424  
11173.50761  
11280.86358  
10772.79992  
10820.85429  
10781.30797  
10600.09625  
11007.97741  
10593.2284  
11075.07473  
10837.41829  
10894.07349  
11010.15432  
10761.22478  
10922.92075  
10806.24848  
10891.19914  
10928.74645  
10693.30441  
10916.12361  
10923.60883  
10582.93733  
10936.67003  
11096.27006  
10682.30093  
10936.29727  
10921.46338  
10713.69924  
11164.96242  
11159.77017  
10713.52028  
10876.73039  
10901.22951  
10482.87519  
10921.27481  
10645.98032  
11162.03775  
11167.04939  
10791.08562  
10891.30995  
10890.74647  
10612.18742  
10712.20726  
10901.13946  
10652.61486  
11005.3944  
10697.78208  
10803.60245  
11144.29977  
11249.20262  
10855.89459  
11129.00655  
10898.43399  
10937.25494  
10518.23212  
