10827.12327  
10751.88827  
10711.16496  
10773.40143  
10737.73815  
10711.60406  
10764.62794  
10693.41732  
10791.31999  
10759.56544  
10715.71504  
10745.81998  
10766.27125  
10848.41938  
10648.66757  
10796.98119  
10676.65924  
10701.40365  
10664.16311  
10629.12517  
10708.43551  
10745.90628  
10721.04826  
10755.91399  
10771.0924  
10812.59917  
10758.0453  
10806.1951  
10695.37928  
10757.35509  
10771.9482  
10719.92985  
10730.53458  
10833.47086  
10949.06821  
10781.32197  
10688.38854  
10770.42131  
10698.07383  
10736.05722  
10760.17819  
10704.47021  
10759.05739  
10918.07046  
10834.52043  
10759.07006  
10747.01968  
10771.15259  
10641.20597  
10625.37038  
10672.4581  
10653.15509  
10658.8633  
10758.77277  
10752.3523  
10719.30538  
10796.22844  
10699.97384  
10741.08608  
10796.27301  
10699.43741  
10715.77454  
10682.91397  
10680.09774  
10739.56343  
10623.45557  
10674.57461  
10702.12915  
10624.61281  
10716.39651  
10973.41519  
10734.03633  
10649.57286  
10728.29253  
10614.24945  
10686.47164  
10731.20758  
10841.19634  
10777.36201  
10727.70625  
10813.28527  
10810.77285  
10752.95155  
10721.43526  
10699.02657  
10772.76727  
10754.00796  
10775.49586  
10766.05901  
10709.93795  
10813.48991  
10742.3105  
10765.0705  
10718.59407  
10717.14352  
10807.40989  
10702.62258  
10720.23289  
10740.07934  
10750.90389  
10816.73795  
10735.53065  
10890.08359  
10816.13761  
10801.52271  
10735.9322  
10890.05294  
10917.74763  
10670.2944  
10702.58711  
10734.28707  
10704.15096  
10749.4303  
10693.9211  
10737.22427  
10739.56159  
10783.03583  
10804.94143  
10791.95981  
10816.92499  
10865.28688  
10726.24769  
10754.33652  
10735.98733  
10609.18414  
10692.51561  
10603.34622  
10563.068  
10672.7315  
10617.05079  
10549.8108  
10652.97892  
10609.1469  
10907.93511  
10750.57953  
10765.41574  
10753.63262  
10704.64645  
10690.52038  
10696.98213  
10739.60249  
10907.82206  
10963.91209  
10719.53964  
10700.69996  
10707.99175  
10731.85016  
10790.43843  
10807.78715  
10753.24222  
10717.26301  
10699.78064  
10810.97839  
10816.65383  
10881.32879  
10784.10329  
10758.21793  
10671.30135  
10631.64532  
10698.3271  
