10709.53866  
10664.71592  
10928.95036  
10578.99487  
10671.45554  
10731.0815  
10563.68859  
10693.04306  
10785.14847  
10620.09938  
10738.77474  
10681.27923  
10945.37416  
11034.12273  
10683.53368  
10640.25907  
10714.17547  
10619.28184  
10425.22906  
10569.78535  
10666.7901  
10546.37225  
10736.18056  
10588.94925  
10749.24502  
10643.50282  
10791.36031  
10720.95894  
10633.45843  
10823.10109  
10669.75882  
10639.84836  
10825.60241  
10804.15837  
11170.16739  
10837.67525  
10654.58935  
10690.59663  
10804.15824  
10576.95095  
10547.2962  
10529.37355  
10777.25032  
10893.53993  
10788.24346  
10713.05209  
10686.25608  
10723.61288  
10705.37797  
10648.73867  
10631.25898  
10619.66885  
10728.80621  
10716.45096  
10556.20757  
10787.58774  
10559.1265  
10635.01536  
10749.04425  
10603.42385  
10691.29675  
10810.58651  
10572.87853  
10723.96663  
10600.8778  
10661.10871  
10744.18257  
10478.51585  
10642.74393  
10666.261  
11124.59999  
10752.72181  
10503.72298  
10634.32265  
10592.55487  
10551.07371  
10631.06522  
10585.65456  
10904.28911  
10674.47657  
10741.04684  
10803.15717  
10688.5299  
10819.1539  
10679.13611  
10825.88173  
10697.14027  
10887.09294  
10644.32486  
10712.66373  
10688.1286  
10727.51454  
10732.75104  
10664.25299  
10734.97186  
10645.46202  
10684.3483  
10764.75058  
10570.82068  
10753.73329  
10677.10171  
10632.61937  
10816.71653  
10769.6224  
10855.28434  
10715.29923  
11062.00975  
10992.01658  
10657.7605  
10736.02912  
10592.95821  
10541.32344  
10781.23981  
10512.10704  
10746.38173  
10683.97441  
10724.84192  
10783.46123  
10575.72086  
10652.46894  
10618.02978  
10756.39287  
10670.79665  
10550.35262  
10667.92495  
10750.53562  
10503.41164  
10682.00904  
10826.38448  
10543.6827  
10693.08667  
10701.9967  
10598.40782  
11008.63846  
10857.61486  
10647.96815  
10607.23991  
10665.26536  
10458.79567  
10714.02594  
10577.43805  
11111.65773  
11011.55682  
10659.88838  
10639.88226  
10732.74767  
10570.73483  
10689.06387  
10755.87183  
10557.63265  
10714.44245  
10579.01326  
10609.8997  
10914.11623  
11044.83319  
10668.23831  
10757.32834  
10659.97101  
10694.31898  
10495.17448  
