10799.6317  
10769.36667  
10836.4296  
10780.78313  
10842.34581  
10817.68618  
10749.09076  
10829.96303  
10850.56973  
10830.95756  
10842.09024  
10819.26081  
11104.2095  
11151.36032  
10858.79408  
10752.5666  
10850.00813  
10704.98581  
10681.32301  
10741.6638  
10679.98868  
10745.70581  
10770.86514  
10794.61619  
10801.52572  
10821.44488  
10873.77165  
10799.75953  
10792.95168  
10814.43151  
10859.48484  
10779.66047  
10792.23353  
10862.14451  
11218.56411  
11041.36418  
10853.87181  
10836.02631  
10835.35067  
10740.36541  
10698.05277  
10739.22346  
10786.3975  
11098.60606  
10858.4902  
10879.93946  
10850.23709  
10862.77024  
10852.39409  
10738.8757  
10635.95011  
10719.95193  
10801.54224  
10706.39034  
10782.52343  
10812.67699  
10792.12288  
10807.02918  
10811.01927  
10817.74162  
10865.46773  
10779.66363  
10716.60829  
10793.45669  
10735.07317  
10787.24357  
10689.93626  
10707.18717  
10818.40998  
10792.51226  
11190.80665  
10978.01519  
10665.21864  
10809.25954  
10731.75811  
10693.18895  
10755.39204  
10802.82739  
11019.5102  
10787.12295  
10895.66466  
10877.60003  
10824.3236  
10815.76336  
10843.68891  
10868.62033  
10818.85038  
10874.79562  
10847.3411  
10890.16048  
10853.8215  
10828.16182  
10820.41906  
10824.29992  
10904.45492  
10756.7212  
10849.77768  
10806.87147  
10781.79212  
10867.87878  
10781.93408  
10783.94083  
10920.14243  
10872.3756  
10883.11624  
10854.47887  
11144.53849  
11082.2675  
10816.36987  
10842.61865  
10706.49225  
10724.77256  
10768.09943  
10740.56515  
10783.27126  
10778.24734  
10792.41168  
10829.04833  
10779.01122  
10737.19558  
10799.50171  
10945.26201  
10710.17017  
10767.04397  
10877.43989  
10790.28092  
10687.27852  
10748.47674  
10819.04948  
10687.19145  
10702.78276  
10750.8463  
10803.14251  
11144.63465  
11003.27643  
10805.6003  
10758.45741  
10788.17259  
10705.11488  
10846.41946  
10771.96687  
11129.07163  
11179.79623  
10773.05291  
10778.16889  
10826.24941  
10734.63185  
10803.55129  
10797.2264  
10733.4898  
10789.8991  
10751.01704  
10770.77197  
10899.39162  
11118.50364  
10823.0225  
10840.65722  
10785.5207  
10792.47316  
10692.48523  
