11264.25389  
11524.3122  
11297.52624  
11252.17754  
11358.3458  
11333.99819  
11301.71374  
11375.53058  
11325.79932  
11273.16227  
11578.84215  
11236.68643  
11152.15049  
11343.5393  
11294.68989  
11321.13909  
11440.65623  
11362.77714  
11294.56151  
11269.72479  
11300.59048  
11434.73021  
11454.7227  
11405.9359  
11376.86459  
11193.12141  
11169.9311  
11083.49501  
11174.65101  
11232.29457  
11217.14493  
11316.17271  
11327.91712  
11349.71552  
11258.10872  
11286.82758  
11399.56628  
11335.49819  
11316.04668  
11570.92067  
11397.49542  
11414.23393  
11349.82923  
11366.34441  
11305.53296  
11281.78154  
11296.98396  
11320.7528  
11375.89122  
11300.0194  
11265.39509  
11359.24798  
11261.28618  
11252.33871  
11257.38773  
11294.72206  
11253.26753  
11215.32423  
11311.95934  
11145.23053  
11248.63649  
11428.24963  
11211.17343  
11235.68217  
11410.82715  
11335.66822  
11265.519  
11341.84415  
11357.60725  
11368.80706  
11411.9731  
11593.23516  
11281.85749  
11272.59551  
11332.07504  
11458.61639  
11335.98478  
11322.24214  
11225.26199  
11273.63001  
11170.70796  
11182.89258  
11308.41741  
11482.00978  
11233.20634  
11248.93062  
11439.75906  
11162.75469  
11151.94816  
11226.53765  
11414.81767  
11290.2768  
11217.76133  
11287.18659  
11375.73322  
11193.98047  
11247.75591  
11382.02467  
11305.61914  
11356.2593  
11335.34276  
11338.306  
11419.91232  
11318.89226  
11266.01385  
11255.01659  
11377.30715  
11254.59306  
11413.14834  
11388.27558  
11382.05602  
11488.7276  
11392.6465  
11293.46332  
11299.75901  
11349.15239  
11356.91225  
11439.50038  
11328.47567  
11326.0703  
11275.29476  
11256.86408  
11322.0369  
11372.45471  
11290.13384  
11378.55939  
11357.91952  
11353.07054  
11319.7503  
11258.00631  
11268.25695  
11361.93214  
11345.1505  
11307.45726  
11231.14331  
11454.92549  
11298.97515  
11431.52124  
11310.96813  
11315.07507  
11343.4849  
11223.33634  
11283.86122  
11252.9431  
11256.7195  
11471.11786  
11348.49123  
11341.23012  
11226.74321  
11263.51763  
11343.66837  
11300.90126  
11409.70902  
11322.26318  
11323.67583  
11287.1235  
11409.99288  
11392.52216  
11308.59261  
11305.8463  
