11460.22647  
11623.96047  
11407.81292  
11411.13046  
11470.82233  
11429.6618  
11378.63972  
11385.59999  
11531.16741  
11402.67596  
11554.7846  
11330.99345  
11328.40527  
11447.3892  
11424.78369  
11442.98351  
11500.6305  
11446.95805  
11406.3095  
11409.75637  
11401.31667  
11491.68843  
11576.94314  
11515.45787  
11506.26809  
11315.91784  
11281.98171  
11292.08292  
11405.65807  
11431.75894  
11406.39677  
11478.0263  
11477.00699  
11520.91941  
11427.50384  
11444.55957  
11526.46897  
11457.00646  
11400.79814  
11526.07546  
11434.76878  
11515.38625  
11464.79874  
11430.53538  
11431.76174  
11432.53072  
11483.70497  
11381.22197  
11513.37959  
11458.43259  
11366.86131  
11434.0297  
11427.64662  
11446.89431  
11413.80935  
11536.33339  
11522.93211  
11411.21442  
11436.31168  
11412.21662  
11438.26498  
11552.6944  
11402.86388  
11400.57262  
11478.25095  
11446.84519  
11417.04801  
11455.99159  
11444.19767  
11464.9132  
11449.0906  
11554.36115  
11354.60052  
11373.16071  
11333.33125  
11417.07098  
11410.48828  
11439.47323  
11365.34413  
11436.4921  
11371.8716  
11333.81756  
11441.69434  
11599.52952  
11400.40565  
11452.79781  
11452.7698  
11372.73384  
11406.51591  
11392.27253  
11503.77721  
11445.2136  
11461.58651  
11472.97991  
11460.45423  
11383.54921  
11364.50018  
11477.31183  
11446.01498  
11484.6084  
11462.42907  
11457.12023  
11511.63863  
11464.09151  
11469.04572  
11429.48857  
11475.20206  
11406.18781  
11475.84153  
11470.85665  
11470.54545  
11580.49572  
11496.42538  
11397.44085  
11428.01156  
11485.19103  
11458.66934  
11501.13608  
11438.84308  
11452.38321  
11440.85578  
11422.30828  
11427.57358  
11517.32429  
11393.81756  
11436.58922  
11483.72816  
11510.68879  
11458.11321  
11410.03309  
11365.02415  
11494.94214  
11471.44471  
11441.61086  
11460.03125  
11495.49731  
11408.71533  
11426.58137  
11464.28343  
11455.04992  
11430.99947  
11392.27464  
11355.25486  
11380.37478  
11384.41462  
11519.63667  
11439.06208  
11405.42176  
11388.57446  
11368.27586  
11489.95115  
11429.247  
11495.04075  
11469.06942  
11428.61847  
11468.41244  
11510.69429  
11584.85773  
11382.94942  
11374.70557  
