11120.08979  
11292.81912  
10997.49432  
10968.83133  
11056.97316  
11053.28428  
10995.81625  
11037.73893  
11165.75354  
10959.15381  
11085.76773  
10873.26307  
10919.04018  
10988.02057  
11033.75736  
11109.67119  
11134.34996  
11032.96256  
11024.77102  
11024.0173  
11024.20502  
11106.9852  
11175.86076  
11064.85684  
11051.7609  
10859.16867  
10835.20736  
10863.63215  
10954.82006  
11044.99457  
10976.75973  
11031.60611  
11057.11314  
11085.22789  
11071.57359  
11118.61021  
11126.53076  
11045.16873  
11015.3483  
11143.86791  
11092.24596  
11104.29576  
11080.8224  
11083.48309  
11035.39943  
11040.9552  
11094.92781  
11028.45406  
11131.23875  
11024.04627  
10928.11459  
11005.8658  
10958.59943  
11042.20197  
11074.19031  
11120.70338  
11028.9052  
10960.08699  
11000.85301  
10943.30543  
11029.11482  
11044.5915  
10962.0332  
10985.12813  
11021.8508  
11006.16469  
11006.99051  
11034.47443  
11060.13461  
11056.57883  
11097.16512  
11170.06334  
10986.20799  
10977.0792  
10986.95627  
11069.98797  
11040.23174  
11055.25215  
10919.27412  
10984.71957  
10968.93826  
10953.72904  
11085.38006  
11130.33344  
10982.14121  
11019.90076  
11034.37215  
10965.08508  
10953.3468  
11023.05379  
11094.4433  
11042.40469  
11042.26295  
11061.38326  
10999.96209  
10942.52424  
11030.46045  
11057.54652  
11037.15652  
11088.67064  
11032.20654  
11035.0042  
11084.69244  
11062.88848  
11036.87197  
11039.76814  
11059.02561  
10972.24393  
11077.98014  
11128.61152  
11107.36955  
11179.36047  
11075.29615  
11030.86469  
11038.18559  
11089.31574  
11089.90418  
11071.78625  
11026.80059  
11067.00154  
11028.34813  
11009.8159  
11022.00533  
11079.87975  
11008.59574  
10994.97279  
11047.13658  
11060.08787  
11033.5977  
11002.18268  
10963.01762  
11090.13889  
11033.69635  
11014.51273  
11014.14719  
11084.48922  
10998.22141  
11040.73127  
11056.39297  
11076.7951  
11064.35227  
11011.67639  
11008.02814  
10976.13924  
10987.85592  
11092.27873  
11025.34986  
10987.31688  
11016.17045  
10973.23197  
11037.74275  
11037.89168  
11046.15922  
11010.63184  
11096.06627  
11142.88934  
11161.82887  
11175.92115  
10954.4368  
10981.14369  
