12016.6318  
12036.97566  
11827.53868  
11760.71301  
11779.73359  
11811.5109  
11826.90042  
11858.2986  
11988.70088  
11798.339  
11968.44499  
11656.08007  
11714.63101  
11810.0718  
11807.72772  
11898.0526  
11889.65499  
11861.7913  
11845.84587  
11822.34957  
11836.52748  
11876.21511  
11933.00445  
11889.44528  
11847.76153  
11751.17384  
11697.21095  
11714.01271  
11764.99581  
11842.57205  
11833.39767  
11861.74882  
11896.06453  
11898.46816  
11882.50021  
11891.25223  
11870.73476  
11826.70056  
11868.04449  
11783.78981  
11837.47826  
11838.77755  
11875.84053  
11866.85295  
11824.0077  
11793.70054  
12003.90775  
11678.17568  
11865.56624  
11880.40003  
11835.05305  
11864.02412  
11860.37333  
11863.42698  
11841.83833  
11886.00113  
11881.63246  
11840.52008  
11810.70315  
11804.84272  
11832.62624  
11864.88708  
11847.30375  
11824.41309  
11833.74914  
11842.26227  
11878.95337  
11884.43659  
11903.8341  
11900.2895  
11885.11952  
11854.06189  
11809.2593  
11825.78127  
11833.34346  
11803.43041  
11838.21025  
11866.58948  
11843.41327  
11857.60586  
11843.07064  
11812.7887  
11855.17293  
11903.90597  
11875.62804  
11882.39536  
11835.06825  
11824.82883  
11850.93614  
11864.18427  
11852.50117  
11864.09607  
11886.91838  
11898.16381  
11857.31093  
11834.27739  
11770.6042  
11795.74971  
11825.81775  
11860.70468  
11850.04125  
11826.21562  
11822.85539  
11824.58233  
11859.48171  
11893.32972  
11895.24907  
11873.14811  
11859.2741  
11844.90209  
11860.34622  
11890.25736  
11882.32235  
11861.53864  
11856.4256  
11867.54164  
11862.37467  
11870.14502  
11864.68269  
11858.78149  
11860.15954  
11847.39289  
11809.21999  
11834.09653  
11870.60455  
11839.20848  
11854.99762  
11888.65869  
11902.14417  
11875.66879  
11804.99284  
11777.97152  
11795.6923  
11805.2317  
11838.86687  
11813.50174  
11854.00537  
11846.9422  
11851.82546  
11890.83621  
11869.27552  
11866.54092  
11832.29715  
11817.6469  
11806.51321  
11812.29763  
11810.92869  
11789.97844  
11844.68632  
11839.47733  
11888.94548  
11862.8999  
11841.51484  
11868.51052  
11879.39313  
11930.11212  
11858.62932  
11984.97475  
11790.89816  
11763.54776  
