11368.56818  
11617.38465  
11286.4818  
11200.55408  
11310.43309  
11292.98735  
11290.66801  
11340.39048  
11450.74116  
11304.69997  
11503.89942  
11177.87985  
11180.71345  
11296.64625  
11295.084  
11364.42062  
11458.4546  
11338.70505  
11296.74432  
11317.64136  
11336.3832  
11443.64209  
11454.46027  
11361.31141  
11312.15186  
11231.5305  
11171.95016  
11139.09637  
11230.61407  
11324.90127  
11285.80381  
11325.00219  
11357.57955  
11356.63857  
11318.62905  
11376.67858  
11413.49683  
11328.82929  
11318.73604  
11457.70016  
11347.3496  
11425.28976  
11357.90211  
11333.52765  
11280.45718  
11283.80574  
11288.01353  
11280.08146  
11398.86553  
11357.96385  
11234.4118  
11293.04068  
11271.81538  
11304.02651  
11311.93668  
11358.79362  
11310.96698  
11286.69671  
11285.08204  
11273.71165  
11305.82002  
11370.51221  
11311.27522  
11273.0106  
11328.49801  
11363.33199  
11337.1286  
11337.42516  
11363.24992  
11357.07255  
11376.76406  
11436.06202  
11327.14667  
11320.52571  
11323.51825  
11422.75392  
11377.08166  
11373.79534  
11259.62725  
11294.8616  
11261.90161  
11228.38164  
11322.30961  
11403.74001  
11306.35972  
11298.01052  
11302.33057  
11273.04653  
11264.09096  
11321.89922  
11397.07059  
11341.80697  
11320.72878  
11361.24934  
11354.82465  
11289.75797  
11298.52376  
11308.28074  
11299.34842  
11342.81897  
11343.20943  
11331.71073  
11380.30843  
11350.92766  
11332.32368  
11306.55265  
11361.07619  
11308.42332  
11359.28947  
11406.51891  
11372.4859  
11413.77505  
11351.54887  
11307.60251  
11301.98424  
11346.36556  
11338.41248  
11345.4935  
11320.03326  
11348.773  
11342.88784  
11315.03393  
11287.56535  
11353.60141  
11329.87503  
11314.43135  
11365.14521  
11372.04714  
11325.05882  
11308.50082  
11277.826  
11333.38158  
11343.4714  
11323.777  
11339.86365  
11401.31167  
11353.05918  
11343.21145  
11335.56494  
11333.8091  
11344.00549  
11304.21739  
11313.46932  
11307.95898  
11296.60852  
11369.0108  
11364.60076  
11298.69863  
11301.01705  
11295.84287  
11360.43949  
11322.86862  
11342.19078  
11324.19754  
11404.50255  
11337.33745  
11401.99166  
11397.6089  
11280.45763  
11250.2339  
