11597.42109  
11604.55129  
11695.10651  
11602.91023  
11606.69762  
11604.4767  
11609.41505  
11646.87491  
11645.90103  
11626.68428  
11606.12178  
11630.61797  
11599.46904  
11525.86655  
11579.326  
11650.54264  
11687.99893  
11636.29401  
11616.40889  
11663.72341  
11554.67034  
11555.12585  
11576.23142  
11623.29574  
11770.11598  
11640.2373  
11613.31188  
11719.75464  
11609.57232  
11527.11951  
11511.32007  
11555.96075  
11617.9436  
11602.99032  
11618.45712  
11652.81622  
11618.97096  
11626.37021  
11545.1503  
11547.52017  
11607.14347  
11605.41567  
11575.07304  
11578.3048  
11612.81731  
11583.64595  
11653.50263  
11661.17466  
11589.53402  
11622.45215  
11711.1793  
11696.69841  
11704.93826  
11784.83426  
11534.40225  
11568.87816  
11564.49586  
11643.698  
11688.98002  
11699.83779  
11688.39747  
11579.5427  
11514.86655  
11573.4723  
11632.85269  
11568.30557  
11549.25637  
11587.96512  
11605.80234  
11660.67411  
11665.26018  
11623.99446  
11622.70565  
11569.42644  
11557.02795  
11592.40546  
11585.53782  
11678.00428  
11658.74126  
11714.64268  
11739.36085  
11361.17498  
11799.12655  
11621.19854  
11639.35391  
11566.90808  
11548.13636  
11575.65978  
11598.1945  
11624.62879  
11597.24904  
11557.80962  
11629.43745  
11775.19817  
11602.18492  
11669.74119  
11583.58618  
11562.02825  
11533.06314  
11583.71959  
11589.48482  
11569.14856  
11522.12902  
11551.73515  
11600.48193  
11675.24586  
11656.31414  
11606.74461  
11647.87476  
11676.32679  
11651.53671  
11633.17676  
11684.29056  
11637.01575  
11631.93455  
11782.47451  
11586.41763  
11697.33326  
11615.2673  
11686.35698  
11627.59841  
11529.83952  
11618.33805  
11731.43958  
11591.59887  
11569.28757  
11874.35968  
11594.03562  
11520.32658  
11506.08223  
11550.05592  
11529.68783  
11468.66306  
11457.89186  
11545.34756  
11586.84382  
11591.1049  
11525.45095  
11618.80784  
11594.21421  
11663.53118  
11868.27525  
11669.35197  
11772.60029  
11774.76727  
11637.78036  
11548.15559  
11837.16185  
11480.44367  
11564.09924  
11655.61921  
11583.40319  
11660.17061  
11573.95777  
11646.5577  
11817.43506  
11545.73453  
11458.13384  
11562.42134  
11537.89168  
