12468.46847  
12529.15786  
12500.58759  
12417.56525  
12315.28628  
12341.65177  
12407.03272  
12452.76663  
12452.7046  
12405.35883  
12405.37254  
12416.26853  
12390.38275  
12409.92704  
12454.39451  
12497.56623  
12532.70095  
12515.89067  
12440.78345  
12434.6441  
12401.87004  
12366.55277  
12335.52403  
12318.69057  
12469.70866  
12342.33009  
12412.48029  
12460.55633  
12392.35466  
12340.40499  
12372.90012  
12376.6357  
12371.20684  
12442.12149  
12454.10124  
12457.96743  
12465.17112  
12462.41546  
12401.28477  
12393.59696  
12421.55767  
12451.65613  
12429.3591  
12446.54054  
12384.9528  
12398.84871  
12426.88679  
12477.08887  
12456.38714  
12400.14882  
12459.16199  
12424.81547  
12436.4636  
12578.7672  
12347.10045  
12351.87762  
12372.53561  
12431.97914  
12434.48862  
12465.39614  
12508.56377  
12473.58256  
12401.29475  
12406.32821  
12403.90189  
12446.51788  
12446.37207  
12438.09914  
12456.04642  
12669.53929  
12489.68216  
12387.63387  
12297.31675  
12260.70379  
12292.81396  
12320.96014  
12362.1265  
12429.55412  
12434.13952  
12443.2501  
12470.77437  
12516.62194  
12419.18651  
12315.84626  
12300.03287  
12286.65072  
12334.47249  
12354.14741  
12385.63917  
12408.72445  
12426.4324  
12452.37152  
12566.47492  
12521.51464  
12474.92513  
12430.79886  
12435.99721  
12444.70988  
12474.37337  
12453.96675  
12455.62781  
12529.52273  
12543.35554  
12515.87062  
12443.47757  
12413.08076  
12372.44628  
12391.41505  
12426.86081  
12468.81678  
12372.72999  
12397.85823  
12443.22177  
12523.45506  
12464.29662  
12467.40863  
12333.51246  
12353.95085  
12367.88222  
12368.31599  
12325.69545  
12326.87485  
12315.56164  
12538.44838  
12420.40913  
12254.47907  
12563.32805  
12132.89977  
12102.68511  
12366.77896  
12230.10456  
12495.20875  
12360.84587  
12543.11067  
12422.6736  
12423.46498  
12451.08451  
12425.45794  
12516.35307  
12704.64714  
12479.20077  
12755.84094  
12638.94313  
12632.67711  
12613.22168  
12495.27876  
12349.31748  
12641.57228  
12319.13628  
12298.31117  
12413.5402  
12445.04191  
12422.99597  
12423.52835  
12328.66175  
12602.8996  
12293.45248  
12228.3653  
12283.459  
12250.27172  
