11646.22075  
11673.36005  
11698.55843  
11689.84591  
11686.48204  
11651.19444  
11655.23545  
11655.4127  
11655.31316  
11620.69727  
11623.80446  
11626.10221  
11684.84529  
11672.65391  
11680.71586  
11719.8059  
11737.06292  
11709.69375  
11689.10181  
11671.08691  
11666.34478  
11665.37072  
11661.39185  
11649.22879  
11776.34987  
11623.9707  
11687.31951  
11731.87401  
11679.66257  
11646.77028  
11631.01283  
11650.10592  
11646.68311  
11676.51053  
11679.85476  
11683.81599  
11664.78607  
11658.4302  
11660.63141  
11652.2024  
11668.11161  
11634.21191  
11614.86764  
11621.48656  
11645.98083  
11631.93734  
11652.00053  
11670.98554  
11686.51411  
11715.24083  
11742.82032  
11655.49235  
11713.66496  
11826.00858  
11635.45099  
11607.14855  
11615.40564  
11674.41635  
11682.34959  
11705.96956  
11693.29955  
11675.63732  
11693.36137  
11697.81615  
11696.85509  
11651.18375  
11646.65006  
11639.4314  
11681.9098  
11743.91403  
11728.65451  
11652.29452  
11640.68157  
11682.3982  
11676.73356  
11700.56151  
11658.19579  
11739.84796  
11654.09404  
11686.55853  
11731.83678  
11713.0175  
11650.1606  
11671.63827  
11675.08058  
11635.12287  
11617.18433  
11632.69088  
11648.64812  
11651.9862  
11657.24904  
11671.23216  
11776.13735  
11698.26969  
11673.35275  
11659.466  
11668.78353  
11651.186  
11627.12845  
11630.07332  
11660.17023  
11605.33364  
11637.59334  
11653.65135  
11645.4661  
11623.75761  
11627.83544  
11631.42185  
11592.40819  
11601.80788  
11686.98941  
11703.35399  
11724.53349  
11699.86167  
11744.58298  
11779.78631  
11717.25739  
11748.82317  
11655.00711  
11697.83697  
11678.38379  
11660.52721  
11652.27494  
11794.1739  
11739.10789  
11660.42994  
11931.04038  
11599.25552  
11520.82334  
11682.63693  
11572.58691  
11689.72332  
11547.36696  
11517.69341  
11574.9777  
11627.722  
11662.31131  
11626.25999  
11586.35611  
11722.9944  
11693.49622  
11807.59353  
11660.10809  
11770.51256  
11612.80205  
11661.54408  
11540.86915  
11839.64105  
11619.0798  
11670.59707  
11709.54446  
11641.0473  
11705.33387  
11684.11899  
11702.37671  
11728.11154  
11603.13771  
11654.6312  
11675.00739  
11665.21217  
