11460.75314  
11482.03303  
11478.35686  
11489.76572  
11500.83196  
11498.91086  
11487.6082  
11500.30908  
11487.1256  
11445.88201  
11482.25346  
11472.45743  
11484.6765  
11516.61688  
11505.80646  
11525.71246  
11490.33925  
11488.98454  
11508.16973  
11501.52683  
11472.65384  
11481.78517  
11459.48549  
11503.49078  
11608.02901  
11406.73525  
11492.01441  
11522.89295  
11458.31889  
11432.25013  
11417.34667  
11456.54562  
11466.14852  
11481.75767  
11477.50708  
11493.9363  
11506.28559  
11492.90767  
11459.25969  
11472.68026  
11492.60019  
11421.92923  
11413.32683  
11399.83059  
11472.27832  
11474.61661  
11495.80801  
11485.05903  
11490.07786  
11515.32181  
11543.45848  
11466.63885  
11520.79301  
11730.00427  
11438.50713  
11450.73319  
11465.94392  
11484.73722  
11508.42935  
11528.7921  
11538.79747  
11542.37929  
11518.15178  
11525.60449  
11525.17947  
11497.35582  
11506.61234  
11502.37992  
11537.53251  
11754.53243  
11448.58318  
11530.37808  
11464.50631  
11477.59566  
11497.85154  
11547.13824  
11449.0901  
11497.11607  
11456.31124  
11466.49761  
11597.70003  
11477.7439  
11478.22911  
11489.64483  
11495.71034  
11505.73183  
11490.77813  
11537.02409  
11549.01307  
11558.97323  
11576.28908  
11573.9096  
11715.79851  
11513.17894  
11412.64521  
11425.1369  
11444.83125  
11443.64798  
11447.94738  
11466.91768  
11484.00936  
11349.81966  
11368.24025  
11379.58982  
11333.37945  
11375.55017  
11392.59283  
11348.49336  
11326.70147  
11364.27754  
11538.56358  
11541.48246  
11579.31669  
11513.13248  
11584.61428  
11643.09111  
11691.91547  
11658.90402  
11586.34613  
11569.27185  
11578.10709  
11580.78745  
11585.66438  
11732.23515  
11435.53081  
11362.36142  
11856.06085  
11457.14096  
11435.91428  
11589.58017  
11490.88612  
11566.42104  
11230.94196  
11261.8215  
11253.58744  
11326.09437  
11385.87935  
11416.99089  
11340.3429  
11482.64103  
11538.80893  
11597.83482  
11318.55172  
11475.29382  
11421.25708  
11422.67407  
11300.51568  
11715.75446  
11474.5363  
11520.51371  
11529.8702  
11507.80233  
11504.05601  
11453.95606  
11713.1224  
11510.69426  
11425.73595  
11494.13513  
11524.14785  
11531.74374  
