11456.64718  
11437.97979  
11427.72138  
11367.90723  
11334.41669  
11337.42321  
11347.39343  
11367.58624  
11370.33007  
11337.33901  
11349.71004  
11361.00203  
11411.96561  
11501.23905  
11465.22813  
11534.33695  
11583.98348  
11535.51742  
11459.71738  
11437.63933  
11423.9746  
11424.02243  
11472.60667  
11369.39704  
11604.20119  
11460.28395  
11510.0946  
11500.38068  
11374.83836  
11325.2434  
11342.30692  
11351.24612  
11363.55678  
11403.9152  
11403.96935  
11356.69935  
11322.29211  
11312.67167  
11296.99754  
11323.73811  
11396.95566  
11406.99991  
11438.61531  
11438.91685  
11417.02409  
11374.30936  
11395.46207  
11428.00933  
11417.62035  
11415.85368  
11533.6754  
11501.82304  
11435.11935  
11550.19821  
11399.03127  
11377.29557  
11405.46265  
11413.8306  
11455.80686  
11439.26449  
11387.6885  
11388.8546  
11404.76252  
11395.37394  
11384.36083  
11359.38457  
11304.45069  
11291.15917  
11379.34269  
11580.09919  
11570.60696  
11444.01395  
11376.31705  
11387.17191  
11405.57391  
11391.68562  
11449.54325  
11476.08247  
11485.36026  
11418.35181  
11464.31211  
11511.48851  
11585.59867  
11563.57436  
11423.2891  
11318.85321  
11289.74949  
11323.03416  
11372.3307  
11356.4939  
11350.29522  
11397.19076  
11544.09824  
11463.56735  
11402.09763  
11370.26482  
11334.86471  
11241.59115  
11268.07855  
11296.26102  
11271.60084  
11356.51267  
11392.35495  
11402.73073  
11420.50647  
11376.2524  
11343.95805  
11453.17245  
11419.8646  
11446.73496  
11446.7963  
11370.13627  
11373.31287  
11398.35136  
11396.58362  
11627.54926  
11661.29424  
11519.20859  
11516.36708  
11488.62395  
11387.33887  
11310.50616  
11313.97865  
11546.10003  
11313.83442  
11373.26556  
11618.98386  
11229.36465  
11052.6674  
11173.84782  
11352.39147  
11454.69414  
11414.77636  
11480.02142  
11415.90701  
11469.60255  
11440.19979  
11495.87524  
11422.84126  
11597.84933  
11492.43968  
11627.58066  
11535.46929  
11584.00545  
11337.42479  
11323.25562  
11243.35418  
11441.67123  
11355.01997  
11339.15696  
11416.91627  
11402.18938  
11483.94631  
11469.2731  
11455.58186  
11558.17147  
11344.72898  
11263.78468  
11343.5118  
11363.54906  
