11344.48469  
11343.01986  
11372.23067  
11285.78975  
11246.99004  
11285.78636  
11266.64035  
11233.63896  
11251.87425  
11274.32382  
11350.42847  
11284.88556  
11246.00384  
11282.89187  
11294.21257  
11316.27237  
11288.77586  
11292.15599  
11432.50739  
11303.73969  
11309.01714  
11384.09683  
11383.29672  
11331.69558  
11219.97321  
11339.6839  
11291.19098  
11386.17584  
11325.33925  
11387.72198  
11352.3084  
11272.61365  
11290.40443  
11308.08799  
11214.98304  
11288.60059  
11326.19383  
11284.11381  
11365.87184  
11333.19593  
11337.75587  
11235.31927  
11270.25072  
11313.35128  
11253.90487  
11319.13375  
11317.49429  
11258.4294  
11365.09983  
11283.62942  
11319.86969  
11287.88648  
11252.84946  
11228.63346  
11278.5131  
11244.52153  
11317.27687  
11242.16077  
11218.13654  
11250.14316  
11320.96456  
11226.17787  
11234.566  
11269.22823  
11262.11922  
11302.26685  
11298.42852  
11252.721  
11366.00281  
11315.98343  
11408.21413  
11351.99719  
11224.76467  
11345.21326  
11408.68596  
11271.39505  
11297.74985  
11292.85736  
11309.0559  
11272.52133  
11319.99123  
11321.52913  
11268.47295  
11345.93361  
11296.12899  
11290.60449  
11301.34759  
11405.87346  
11330.73961  
11301.63883  
11358.02078  
11279.60676  
11330.14865  
11239.47479  
11364.54511  
11273.31955  
11312.48776  
11333.69323  
11336.42237  
11270.17236  
11327.62999  
11331.21671  
11319.85543  
11400.68971  
11338.60157  
11336.6224  
11411.96618  
11364.95719  
11322.66691  
11343.25383  
11345.43777  
11249.29377  
11217.13968  
11266.85558  
11324.43271  
11236.2731  
11225.13293  
11265.7347  
11301.52838  
11321.41738  
11380.5959  
11262.39191  
11289.28663  
11367.73134  
11325.88671  
11213.65002  
11300.63583  
11294.16087  
11346.44889  
11237.44506  
11313.67019  
11310.23961  
11391.44828  
11242.37955  
11326.07561  
11296.81663  
11308.58778  
11257.9864  
11306.64831  
11274.14672  
11366.16387  
11236.1354  
11337.74331  
11320.21111  
11354.01037  
11237.7268  
11280.55502  
11321.64561  
11328.94924  
11247.76427  
11316.1164  
11272.11389  
11294.72977  
11277.71406  
11313.86562  
11329.5095  
11230.76236  
11341.71539  
11373.35536  
11361.56885  
