11414.82968  
11389.1189  
11371.57548  
11333.54582  
11360.31055  
11311.13161  
11303.94712  
11331.54096  
11316.06246  
11365.62127  
11394.16864  
11359.8005  
11299.06931  
11298.33852  
11301.17975  
11352.64696  
11427.50103  
11404.13772  
11472.2303  
11388.12059  
11345.31903  
11381.48858  
11368.57848  
11382.76246  
11364.36568  
11401.36577  
11433.0471  
11457.7642  
11441.33395  
11393.3777  
11353.50248  
11346.76774  
11379.77198  
11407.3981  
11377.46445  
11335.27644  
11335.1542  
11368.23643  
11351.95656  
11348.38794  
11370.76078  
11350.69898  
11337.15324  
11381.98533  
11394.70839  
11356.39319  
11365.34951  
11340.53399  
11343.92403  
11362.81432  
11330.63451  
11333.84641  
11303.48736  
11264.05852  
11348.75859  
11383.41727  
11364.16241  
11326.29472  
11270.17774  
11299.91209  
11327.50292  
11339.88345  
11314.03906  
11322.41557  
11328.18831  
11334.79498  
11340.05133  
11326.61064  
11353.59903  
11405.34419  
11405.67742  
11367.77287  
11343.55497  
11409.9072  
11461.41121  
11430.49731  
11394.91106  
11341.03008  
11340.21164  
11391.53998  
11400.26267  
11381.5741  
11335.75432  
11347.19877  
11377.03779  
11368.09993  
11427.40126  
11446.57617  
11371.54255  
11341.2403  
11323.4729  
11341.42473  
11381.5545  
11345.89583  
11349.82611  
11397.37868  
11371.51226  
11393.54244  
11378.65602  
11330.62878  
11337.65954  
11387.89567  
11441.91519  
11427.6652  
11393.4166  
11379.08861  
11379.56187  
11399.54717  
11406.28355  
11416.56961  
11422.27594  
11345.658  
11322.58273  
11341.01067  
11356.10559  
11362.36533  
11342.55275  
11351.8839  
11350.22981  
11348.03598  
11338.9474  
11326.66914  
11369.19903  
11408.01733  
11357.93542  
11319.68069  
11326.59995  
11339.90032  
11325.13724  
11346.6122  
11382.51131  
11408.91318  
11420.5025  
11362.6282  
11345.57921  
11343.02338  
11359.50571  
11359.04651  
11389.69686  
11385.31961  
11373.89483  
11358.27489  
11354.0002  
11364.05591  
11360.90816  
11339.36171  
11371.66064  
11365.22291  
11337.25408  
11344.93015  
11374.9664  
11357.47734  
11366.52431  
11351.78829  
11344.67996  
11321.67006  
11311.32306  
11363.91546  
11423.35565  
11459.45622  
