10910.34514  
10918.06226  
10909.13035  
10869.73958  
10861.1649  
10890.41338  
10856.13083  
10867.45637  
10900.61255  
10899.66164  
10934.98921  
10892.26999  
10861.47383  
10895.81979  
10884.57194  
10878.61077  
10918.21002  
10922.56983  
10981.44746  
10933.41251  
10906.01143  
10921.87093  
10914.46455  
10886.29365  
10857.05212  
10904.63844  
10922.64364  
10981.57985  
10952.35602  
10936.35331  
10894.48699  
10889.4559  
10882.14323  
10909.42762  
10883.25873  
10881.48332  
10899.71691  
10896.09123  
10905.54041  
10883.09358  
10892.61072  
10869.85241  
10881.11409  
10894.47453  
10899.32299  
10917.28393  
10893.75496  
10897.45215  
10916.67362  
10896.45333  
10892.75005  
10874.59065  
10862.2477  
10842.69772  
10861.89527  
10879.60914  
10911.63145  
10907.66526  
10857.51625  
10859.69994  
10873.24372  
10869.58094  
10879.04292  
10860.66888  
10888.81155  
10874.82128  
10896.38837  
10885.50338  
10935.21244  
10919.48386  
10942.10105  
10915.24826  
10882.77243  
10919.30284  
10954.04208  
10911.84963  
10897.42352  
10878.499  
10889.16163  
10906.85074  
10912.72583  
10908.86145  
10878.80964  
10895.76658  
10906.24944  
10916.74588  
10927.83041  
10956.75531  
10913.0153  
10894.00749  
10905.59722  
10887.02987  
10904.38899  
10858.73199  
10904.79116  
10893.65029  
10894.02885  
10909.58309  
10918.99641  
10884.70233  
10900.37616  
10919.34344  
10931.86868  
10919.14024  
10904.83265  
10924.77723  
10927.54881  
10953.46384  
10923.09391  
10933.55859  
10911.83433  
10857.3137  
10867.90836  
10900.40661  
10898.91624  
10877.83001  
10872.83979  
10899.35262  
10919.42251  
10915.09753  
10920.5993  
10895.20295  
10904.9097  
10929.01102  
10894.34689  
10846.19559  
10879.4943  
10904.52465  
10916.58268  
10868.33251  
10915.3842  
10912.27588  
10933.43674  
10876.91481  
10895.34929  
10910.87919  
10899.92461  
10860.786  
10904.53001  
10911.31831  
10928.75115  
10850.8665  
10888.77617  
10904.60267  
10922.52746  
10867.09637  
10886.47587  
10909.31238  
10903.7271  
10884.95445  
10917.11935  
10892.42309  
10897.08349  
10907.985  
10877.55408  
10864.31168  
10874.17753  
10910.97652  
10947.83497  
10942.01235  
