9968.23178  
9968.989918  
9965.814731  
9960.529804  
9940.620012  
9961.155197  
9886.012877  
9927.002499  
9947.472465  
9922.327589  
10004.61027  
9946.941483  
9939.783098  
9954.098001  
9939.157543  
9946.777401  
10016.73013  
9981.009881  
10037.76877  
9986.475203  
9934.532322  
9981.674508  
9950.728248  
9945.384373  
9978.178816  
10022.02794  
9982.858954  
10066.4837  
10057.78408  
10073.97199  
10013.67577  
10014.79037  
10012.73438  
9974.485955  
9922.034448  
9939.16502  
9955.130831  
9960.964279  
9970.568666  
9927.458678  
9952.355603  
9962.050772  
9961.825492  
9974.440219  
9993.876561  
9990.448261  
9965.18772  
9983.795104  
9945.806669  
9911.474562  
9957.103631  
9942.427284  
9912.322936  
9916.434139  
9934.437759  
9942.662511  
9925.875967  
9954.626848  
9927.958889  
9946.333046  
9944.425523  
9949.704724  
9943.732403  
9956.890089  
9952.624253  
9936.43076  
9954.325751  
9958.507841  
10034.93108  
10000.10702  
10019.4626  
9979.707883  
9983.352865  
10025.95775  
10042.72036  
9961.267961  
9955.492848  
9927.336531  
9938.657217  
9971.341634  
9975.544864  
9950.24078  
9941.735342  
9957.121486  
9967.507219  
10001.40904  
10000.80834  
9963.119591  
9938.531413  
9940.538163  
9941.592496  
9939.053577  
9940.17895  
9941.298809  
9965.864363  
9970.802457  
9995.402631  
9992.005036  
9991.612994  
9996.132334  
9972.39433  
9987.478563  
10001.13752  
9959.818714  
9958.780886  
9937.079638  
9971.97751  
10012.55862  
9996.971976  
10027.96347  
10005.23268  
9908.902181  
9931.693465  
9948.883262  
9987.977108  
9942.481666  
9937.698213  
9982.901568  
9996.8678  
9958.639112  
9966.557359  
9947.494361  
9981.87456  
9998.873219  
9926.162483  
9905.695533  
9947.695648  
9934.743537  
9969.154125  
9952.443551  
9998.541523  
9979.172019  
9974.987276  
9924.377623  
9952.993451  
9955.249866  
9950.842362  
9942.371142  
10029.46247  
9993.519876  
9980.835468  
9905.048924  
9942.557684  
9987.139993  
9976.844813  
9939.150506  
9955.808661  
9989.97144  
9935.063285  
9951.482537  
9985.262896  
9949.380438  
9975.554305  
9958.41029  
9925.81901  
9900.507927  
9925.705289  
10003.31609  
10033.75359  
10028.82341  
