11009.67082  
11027.01629  
10971.76739  
10972.30017  
10963.89031  
10976.21203  
10965.51997  
10972.62216  
10972.12062  
10980.43066  
11013.25607  
10950.68157  
10919.59219  
10908.67653  
10940.26517  
10927.14129  
10987.71476  
11012.20028  
11015.7371  
10989.96888  
10963.39544  
10958.97616  
10928.89053  
10949.45184  
10962.368  
10996.05611  
11067.01093  
11051.3787  
11005.68275  
10973.1094  
10920.89729  
10942.4327  
10968.71673  
10971.98521  
11006.01218  
10966.3092  
10963.11807  
10981.98654  
10953.77395  
10984.56086  
10971.16254  
10978.95939  
10982.39983  
10984.7141  
10979.12919  
11007.76021  
10976.385  
10970.47221  
10998.20279  
10974.37624  
10975.68881  
10943.26348  
10934.50882  
10942.04017  
10923.30341  
10996.58755  
10977.67973  
10963.02847  
10926.68914  
10941.05135  
10908.88622  
10940.27694  
10924.42409  
10933.04846  
10971.66818  
10959.51475  
10972.98066  
10961.75485  
10999.45276  
11006.80998  
10944.96534  
10969.14914  
10977.02437  
10973.43625  
11002.23887  
11029.25169  
11033.22136  
10983.5257  
10941.47872  
10991.82264  
11011.26735  
10992.20199  
10981.7036  
10963.63384  
10982.87743  
11006.7718  
11008.41313  
11023.42785  
10994.92211  
10973.65881  
10945.38652  
10966.72042  
10949.64792  
10965.66301  
10947.60319  
10978.11539  
10977.05634  
10998.40887  
10981.95281  
10974.82906  
10944.39999  
10972.243  
11021.26612  
11020.8326  
11014.17972  
10994.62289  
10975.65743  
11012.29366  
10996.6758  
11008.443  
10983.98329  
10965.8203  
10938.50422  
10966.30145  
10979.65773  
10989.11177  
10983.96426  
10936.44167  
10976.7536  
10975.96812  
10943.72266  
10948.03122  
10952.84043  
10986.30347  
10973.44535  
10970.09161  
10926.91853  
10971.83004  
10955.39182  
10948.91989  
10956.91082  
11034.00755  
10991.4384  
10983.3489  
10953.58631  
10954.32735  
10955.00822  
10927.54158  
10971.47924  
11004.50431  
10964.99211  
10965.40198  
10958.07774  
10964.62572  
10975.51746  
10975.36783  
10971.30659  
11003.63386  
10944.67411  
10958.66579  
10954.93408  
10964.64845  
10975.97188  
10972.45389  
10991.53019  
10955.27588  
10946.08057  
10972.54355  
11042.97746  
11047.35114  
