12365.60602  
12343.84191  
12313.52109  
12305.09953  
12324.67087  
12261.64365  
12307.92171  
12329.86059  
12269.44534  
12320.40622  
12394.70106  
12333.84574  
12325.67008  
12329.28897  
12306.81576  
12293.80119  
12364.64119  
12351.59916  
12364.7592  
12339.87875  
12295.3287  
12277.3742  
12285.87134  
12287.62837  
12325.29062  
12390.13681  
12385.69121  
12404.27889  
12359.03446  
12329.63716  
12320.64989  
12379.1018  
12393.89207  
12286.43431  
12303.50952  
12326.34312  
12361.28059  
12357.62426  
12350.1782  
12342.92455  
12349.61545  
12311.18823  
12292.45302  
12315.82078  
12353.96697  
12332.83356  
12329.93657  
12306.19314  
12291.79283  
12284.41055  
12264.89143  
12233.52843  
12237.52517  
12233.89273  
12285.23054  
12312.23973  
12261.42969  
12266.02685  
12307.70781  
12318.15607  
12336.94768  
12340.65725  
12336.70509  
12336.84063  
12330.12089  
12322.80642  
12349.73694  
12369.58593  
12401.21931  
12431.70828  
12409.21212  
12397.58899  
12372.53396  
12436.51644  
12428.19002  
12384.93879  
12323.0269  
12299.10124  
12319.14043  
12357.2394  
12319.82337  
12274.60123  
12277.70144  
12311.47542  
12276.56266  
12282.5757  
12334.61044  
12319.12351  
12319.91054  
12299.80616  
12301.42349  
12282.59366  
12269.4892  
12304.26547  
12301.80287  
12329.47665  
12347.02787  
12318.65934  
12334.93015  
12317.07418  
12330.91982  
12362.47806  
12378.90352  
12364.97131  
12332.65082  
12352.85105  
12312.03658  
12275.65431  
12324.96068  
12371.63851  
12374.17314  
12318.42088  
12307.02922  
12339.36423  
12361.17794  
12326.18668  
12306.85266  
12342.70134  
12332.3926  
12281.93671  
12307.55628  
12335.0542  
12388.6048  
12346.57499  
12329.2417  
12281.78  
12333.68928  
12307.37662  
12288.06317  
12318.15498  
12370.24038  
12366.30143  
12307.04299  
12293.78883  
12284.43016  
12279.83699  
12291.28966  
12320.64918  
12350.15017  
12346.26529  
12351.11176  
12357.18197  
12356.69389  
12332.12952  
12341.61776  
12326.55038  
12374.56269  
12354.66813  
12310.03817  
12329.35189  
12353.76462  
12340.91819  
12318.25945  
12322.86185  
12276.96374  
12291.65273  
12293.38647  
12333.11524  
12329.00028  
12341.87063  
