11390.69866  
11358.15139  
11442.61934  
11288.0643  
11286.95257  
11310.87325  
11250.0129  
11236.14551  
11259.32455  
11303.00719  
11428.38401  
11338.47359  
11252.2718  
11292.97869  
11301.99962  
11334.50588  
11335.34475  
11315.44465  
11499.84493  
11368.62123  
11346.18987  
11425.72865  
11430.39407  
11377.52856  
11219.72929  
11366.24534  
11313.13667  
11462.71396  
11376.58174  
11455.22634  
11414.06594  
11318.93883  
11320.28285  
11329.35494  
11227.4076  
11298.40858  
11320.94247  
11304.94427  
11400.17105  
11355.31152  
11396.15441  
11253.59022  
11291.42851  
11357.08878  
11279.64504  
11334.65487  
11408.78334  
11286.46913  
11392.54838  
11325.35895  
11352.42545  
11347.00391  
11278.11306  
11225.60449  
11295.81823  
11254.94651  
11376.17454  
11283.35536  
11211.09175  
11257.25584  
11338.23753  
11256.39034  
11238.74847  
11279.80684  
11298.2387  
11323.77157  
11310.26769  
11297.04142  
11404.33205  
11363.38503  
11486.95055  
11416.13417  
11231.81552  
11382.4017  
11476.18928  
11334.42512  
11319.27015  
11283.1802  
11322.99092  
11309.95175  
11346.56192  
11358.93885  
11252.83825  
11387.37911  
11344.69209  
11322.63153  
11322.55045  
11450.83154  
11373.11091  
11310.93049  
11383.66639  
11288.81099  
11343.35281  
11248.65259  
11370.62955  
11301.22794  
11357.8234  
11349.84854  
11378.89367  
11285.6713  
11381.33676  
11361.33707  
11345.73233  
11436.10671  
11374.39369  
11386.37653  
11457.54889  
11398.343  
11344.4189  
11396.26438  
11391.38563  
11262.92809  
11224.51014  
11294.68275  
11355.23491  
11233.7919  
11258.52632  
11299.59952  
11328.60478  
11341.765  
11431.55471  
11288.05589  
11334.91788  
11416.04696  
11413.0247  
11222.54883  
11351.49352  
11291.35467  
11393.16515  
11240.93044  
11359.96893  
11354.91231  
11451.47303  
11230.12127  
11374.57251  
11324.88758  
11327.37211  
11286.67798  
11304.88232  
11309.26398  
11414.32056  
11263.7079  
11356.31476  
11359.02213  
11431.7965  
11230.04432  
11307.56314  
11326.21558  
11349.35895  
11292.49425  
11326.07613  
11312.52836  
11324.61712  
11339.54767  
11336.36333  
11355.76787  
11240.91855  
11377.04949  
11418.5362  
11407.29277  
