10999.24861  
10935.33998  
10990.08718  
11099.05444  
10967.02052  
10925.18969  
11017.10837  
10994.6087  
10914.2837  
10979.11754  
10987.29533  
11029.39434  
11006.9913  
10959.2357  
10974.5914  
11008.47926  
10915.17588  
10937.6155  
11037.041  
10901.36796  
10883.66316  
10940.23277  
10881.609  
11013.14345  
10973.21444  
11006.0349  
10915.74141  
10924.51498  
10966.77578  
10902.89478  
10958.28685  
11069.32039  
11095.02124  
10958.60977  
11083.0458  
11005.069  
11001.99952  
10961.38941  
10953.92318  
11007.35065  
11058.46258  
10995.45147  
11053.70062  
10943.10221  
10981.65546  
10992.49002  
10999.14666  
10923.82668  
10923.19828  
10948.81579  
10928.24235  
11064.36615  
11055.46855  
10949.61024  
10945.87643  
10926.53076  
10999.18923  
10940.46023  
11001.57599  
11050.98601  
10965.45721  
10990.83492  
10951.30166  
10963.17995  
11060.10421  
10959.51195  
10898.95568  
11057.54237  
10961.46227  
10901.956  
11056.46354  
10965.76989  
10909.81464  
11008.6693  
10994.76344  
10975.78907  
10990.36111  
10901.79982  
10952.47942  
11043.89977  
10991.66929  
10990.64442  
10908.0199  
11009.06193  
10954.66229  
10962.28293  
10974.02792  
10964.68752  
10908.09657  
10994.73862  
10946.03233  
10906.37193  
11053.18171  
10959.33027  
10938.29278  
10913.21326  
10948.01025  
11049.67908  
10982.13916  
10975.29618  
10995.5419  
10960.74799  
11108.15194  
10977.36626  
11000.93816  
10932.88569  
10983.92899  
10953.55792  
10959.31867  
10917.06453  
11003.77619  
10997.70769  
10998.26529  
11071.91519  
10960.14663  
10936.57954  
10919.24376  
10918.05939  
11036.17701  
11020.06292  
10971.8007  
10945.22145  
10901.30449  
10961.40324  
10973.91866  
10956.88813  
11046.25312  
11082.74184  
10929.53651  
11013.5983  
10945.20704  
11001.93534  
10962.28638  
11023.61685  
11020.64829  
10886.7513  
10928.11268  
11080.38817  
10963.70925  
10920.08792  
10957.23645  
10926.35605  
11029.43928  
11050.35922  
10932.51888  
10966.92175  
11005.41086  
10983.53708  
11047.86434  
10994.37649  
10909.76716  
10963.25669  
10937.52607  
10910.32226  
10983.18717  
10910.98097  
10992.96735  
10971.20431  
11084.05427  
10976.01344  
