10797.82695  
10857.71732  
10834.77909  
10866.85937  
10739.099  
10789.84426  
10793.95511  
10800.78848  
10721.08495  
10908.73675  
10774.37003  
10788.81733  
10776.94614  
10701.98091  
10745.05812  
10883.481  
10829.57772  
10819.67096  
10893.95044  
10755.08779  
10808.13034  
10772.26574  
10754.22517  
10774.35362  
10757.11633  
10888.2977  
10852.43898  
10819.85  
10815.08725  
10743.0871  
10762.99287  
10794.3584  
10828.94702  
10741.24162  
10869.96724  
10777.10745  
10839.02556  
10864.72244  
10850.15787  
10880.10246  
10823.66692  
10880.45247  
10790.43074  
10721.82304  
10763.5338  
10726.64181  
10894.11712  
10794.61539  
10783.90288  
10854.98687  
10789.38584  
10850.23664  
10862.75666  
10855.11117  
10801.07128  
10751.60189  
10789.59681  
10807.71212  
10897.51311  
10788.47322  
10808.08423  
10858.8009  
10705.57399  
10798.84206  
10869.71188  
10741.15948  
10702.69937  
10819.50604  
10856.1586  
10762.69297  
10816.46565  
10725.16936  
10754.27528  
10773.5055  
10749.46188  
10866.0125  
10786.57694  
10717.45527  
10783.40999  
10808.42471  
10871.75266  
10767.64275  
10713.4863  
10736.29704  
10707.29617  
10802.987  
10846.53877  
10833.47993  
10775.66724  
10897.6087  
10780.9204  
10731.36845  
10784.51069  
10774.96892  
10779.00146  
10728.10169  
10730.69743  
10807.10355  
10854.97363  
10855.19545  
10918.73786  
10919.07063  
10853.16223  
10839.42611  
10800.73425  
10720.31736  
10850.74588  
10772.74156  
10796.24585  
10755.49836  
10829.31294  
10755.49085  
10807.07643  
10885.47161  
10878.42896  
10788.81679  
10749.86275  
10736.28196  
10808.85468  
10812.71337  
10824.97163  
10814.23027  
10766.69431  
10810.97183  
10775.43199  
10845.47673  
10952.88874  
10908.1821  
10807.0486  
10863.81773  
10822.85038  
10794.37134  
10753.36824  
10869.88836  
10792.5424  
10761.96667  
10734.94552  
10806.94259  
10794.05663  
10738.43154  
10756.43494  
10714.76391  
10866.16028  
10822.54819  
10738.97708  
10753.37999  
10805.1285  
10806.77542  
10857.29436  
10758.1006  
10840.06504  
10753.40913  
10758.12769  
10827.64067  
10801.83318  
10763.44055  
10835.28837  
10782.9449  
10993.99299  
10776.85971  
