11872.52362  
11788.15255  
11820.42257  
11944.0587  
11835.51747  
11907.98837  
11870.62062  
11959.08504  
11833.96992  
11844.21208  
11856.18194  
11747.2955  
11814.9935  
11764.45245  
11722.63084  
11768.40245  
11762.6427  
11884.13866  
11840.12946  
11760.42018  
11789.13292  
11865.36575  
11834.0854  
11877.72332  
11808.66029  
11750.41747  
11743.88228  
11834.85256  
11906.21349  
11889.43825  
11871.61281  
11849.15111  
11886.88447  
11796.79312  
11925.95501  
11868.43639  
11834.74004  
11861.41874  
11861.60509  
11881.69379  
11979.39715  
11890.77358  
11749.09554  
11783.04583  
11814.41407  
11739.94743  
11789.67395  
11826.25803  
11861.21965  
11969.38753  
11928.62615  
11929.09018  
11906.15469  
11837.62685  
11859.54923  
11825.54857  
11765.14736  
11803.95046  
11847.02932  
11856.72841  
11855.71648  
11808.83933  
11840.76865  
11806.31882  
11858.31037  
11806.89268  
11811.10538  
11857.00562  
11866.4105  
11866.27456  
11875.27345  
11779.97078  
11817.37863  
11845.16721  
11807.98123  
11823.30824  
11872.3498  
11832.13507  
11852.65826  
11864.00548  
11826.15763  
11814.73915  
11833.3109  
11811.06989  
11763.08105  
11807.47685  
11842.80175  
11897.55154  
11814.59622  
11943.35373  
11908.94681  
11803.04123  
11826.44019  
11790.54976  
11813.36222  
11857.51164  
11887.69089  
11856.1855  
11761.37462  
11800.53071  
11827.63075  
11793.6743  
11925.37582  
11895.39366  
11970.55858  
11771.33969  
11790.96393  
11775.84236  
11838.81311  
11914.11298  
11896.61666  
11803.47408  
11796.23811  
11846.44401  
11705.38522  
11697.48004  
11787.44706  
11746.43166  
11756.66405  
11764.77507  
11744.28834  
11779.39717  
11791.93701  
11777.56813  
11796.63805  
11841.70103  
11921.24535  
11957.96329  
11835.29449  
11810.5729  
11840.76133  
11887.82917  
11813.38748  
11843.70969  
11839.49775  
11875.19489  
11837.11085  
11919.55209  
11864.89569  
11891.7649  
11943.77678  
11843.32711  
11898.45608  
11882.01096  
11774.71203  
11795.18444  
11944.98609  
11753.22852  
11820.34915  
11799.57449  
11712.28223  
11761.95798  
11755.67365  
11755.65844  
11834.64983  
11825.45423  
11925.98822  
11836.98263  
11922.90611  
11872.01498  
