11383.15506  
11321.08721  
11446.67942  
11578.1354  
11374.31762  
11351.1442  
11462.9879  
11411.16204  
11307.76221  
11413.96344  
11502.51821  
11468.82826  
11463.87091  
11384.17658  
11419.58314  
11448.52247  
11336.66371  
11382.04575  
11456.57696  
11296.11668  
11297.06893  
11324.41312  
11273.30527  
11436.50547  
11420.0683  
11432.99011  
11342.66647  
11327.8382  
11402.23192  
11325.36575  
11443.21422  
11538.97626  
11517.23381  
11386.49778  
11513.13279  
11447.24169  
11430.15249  
11408.90835  
11375.86456  
11452.31031  
11515.91994  
11434.6138  
11504.23857  
11294.46395  
11453.42485  
11417.35547  
11369.25417  
11321.87435  
11359.3647  
11328.71198  
11322.40151  
11554.07159  
11548.85086  
11413.94923  
11362.67914  
11337.002  
11489.79767  
11360.82899  
11433.81246  
11496.66385  
11351.35247  
11412.92501  
11395.82313  
11362.16894  
11482.84396  
11366.64505  
11220.50719  
11565.91817  
11380.80525  
11291.61798  
11538.84196  
11431.6809  
11317.43481  
11444.88195  
11454.77322  
11421.00351  
11382.30084  
11281.79366  
11400.49296  
11536.01236  
11409.99185  
11412.74486  
11284.36695  
11487.14017  
11363.69531  
11356.5806  
11376.78246  
11332.74652  
11285.62477  
11414.47502  
11408.15997  
11309.89544  
11507.33299  
11372.92826  
11334.80095  
11273.33166  
11363.3557  
11514.91957  
11440.66958  
11388.2103  
11385.7221  
11428.87918  
11595.08223  
11375.25079  
11457.1805  
11411.15661  
11424.7136  
11313.43922  
11347.81515  
11308.42792  
11493.99297  
11438.95518  
11482.34447  
11542.21433  
11395.77463  
11362.52602  
11303.301  
11339.353  
11510.98124  
11489.2015  
11414.88662  
11346.51811  
11296.03834  
11393.45501  
11399.55631  
11409.4519  
11498.88473  
11511.24428  
11335.36994  
11498.65909  
11394.16415  
11522.96622  
11393.27805  
11478.68238  
11439.28671  
11227.28073  
11358.95859  
11560.82514  
11322.70902  
11348.44594  
11369.75118  
11324.22408  
11486.14475  
11509.87387  
11351.79587  
11486.55507  
11434.33079  
11452.63723  
11497.91042  
11371.17032  
11313.93942  
11391.89026  
11364.21318  
11289.64804  
11367.80088  
11298.56992  
11429.60092  
11424.67261  
11540.86159  
11428.34169  
