11237.61208  
11189.87354  
11325.84219  
11409.38326  
11266.87121  
11222.6415  
11356.25863  
11297.73881  
11167.73085  
11284.84685  
11388.75694  
11367.46534  
11340.3346  
11255.03442  
11297.33703  
11319.46561  
11186.7673  
11269.92395  
11297.44994  
11162.86842  
11191.89984  
11190.62863  
11182.7862  
11306.62466  
11230.80709  
11300.09014  
11208.14674  
11207.5118  
11307.73107  
11209.96753  
11360.03262  
11357.66243  
11340.5728  
11264.63716  
11341.31351  
11289.14909  
11293.44081  
11306.12694  
11265.45441  
11339.19345  
11380.84221  
11317.85566  
11362.27363  
11164.62521  
11366.01556  
11277.29165  
11243.73638  
11225.0698  
11248.66271  
11186.4453  
11207.42871  
11350.24335  
11434.9099  
11278.47987  
11250.05959  
11213.17585  
11380.84671  
11260.26797  
11291.73501  
11374.96945  
11235.55553  
11309.97586  
11282.36474  
11240.71478  
11324.33577  
11263.15546  
11098.26838  
11382.24395  
11247.99229  
11150.78313  
11353.75101  
11315.52911  
11189.60946  
11310.13468  
11286.34766  
11261.35482  
11224.83465  
11161.46805  
11286.48931  
11392.93144  
11301.52889  
11310.25732  
11190.95688  
11343.01955  
11218.13838  
11214.33954  
11232.98544  
11201.77005  
11143.908  
11256.00559  
11310.33222  
11191.66826  
11364.21956  
11294.25432  
11243.84462  
11163.42304  
11245.67943  
11366.01206  
11354.93041  
11288.89326  
11280.10396  
11326.70636  
11429.48131  
11295.77037  
11308.47694  
11282.98777  
11311.59498  
11184.42095  
11222.16202  
11185.82833  
11343.45119  
11283.73026  
11327.61081  
11376.05133  
11266.38259  
11250.59385  
11217.37471  
11237.97379  
11359.45222  
11343.19286  
11302.78056  
11249.61948  
11194.59245  
11268.5737  
11280.04057  
11252.11244  
11368.14441  
11390.16243  
11202.09701  
11319.75584  
11251.15812  
11384.44811  
11272.33191  
11301.49457  
11324.71179  
11106.77877  
11238.60492  
11384.48018  
11181.81826  
11239.30736  
11266.57533  
11213.49652  
11325.4564  
11367.61222  
11234.39642  
11355.93358  
11323.45186  
11322.8437  
11349.98511  
11246.81344  
11220.56802  
11286.11395  
11248.99289  
11148.24304  
11200.7211  
11192.02219  
11321.29098  
11300.39349  
11385.57778  
11311.13113  
