10882.5492  
10822.01386  
10865.97777  
10953.55892  
10853.45739  
10826.55149  
10898.24948  
10887.95645  
10790.94488  
10859.33214  
10898.15198  
10943.87962  
10896.80682  
10838.32717  
10864.34622  
10879.54048  
10820.34534  
10839.23975  
10872.97824  
10782.77571  
10797.52331  
10816.61883  
10794.3788  
10883.60255  
10845.98224  
10865.75744  
10804.93494  
10819.39713  
10869.93387  
10815.60911  
10858.90597  
10917.84755  
10933.06188  
10822.68802  
10947.26587  
10886.02858  
10866.50337  
10845.83972  
10846.40407  
10885.53669  
10938.95317  
10884.43676  
10911.35078  
10819.87453  
10894.62727  
10863.4843  
10877.53675  
10826.16519  
10833.37343  
10840.61144  
10821.38825  
10922.23184  
10927.64299  
10824.99885  
10850.75369  
10815.00871  
10880.61436  
10843.57741  
10869.26083  
10938.16903  
10866.09353  
10886.90493  
10850.11662  
10824.66828  
10912.19958  
10867.75768  
10785.86174  
10929.46826  
10838.1041  
10813.16459  
10924.55878  
10852.33976  
10796.95997  
10887.57753  
10863.18537  
10843.87875  
10856.91776  
10796.90183  
10858.54256  
10922.43742  
10865.35995  
10881.08281  
10806.4712  
10875.4683  
10822.05141  
10842.17584  
10866.97106  
10856.29646  
10807.21166  
10849.64916  
10858.18442  
10793.91556  
10919.90716  
10849.86205  
10831.26231  
10815.93544  
10840.43541  
10929.897  
10864.984  
10870.45661  
10865.31774  
10851.69941  
10992.5346  
10895.22104  
10911.1033  
10823.99984  
10879.69747  
10842.83277  
10847.9735  
10813.34799  
10866.75868  
10855.74526  
10871.12104  
10918.09583  
10841.28712  
10832.72201  
10833.63476  
10829.57638  
10912.7018  
10888.1926  
10850.06169  
10842.76886  
10800.70379  
10844.4596  
10860.72091  
10827.40412  
10907.02983  
10939.54476  
10800.62747  
10889.97781  
10843.36891  
10875.11163  
10826.75282  
10885.62471  
10908.89205  
10790.19228  
10824.81786  
10944.77821  
10841.62317  
10830.19118  
10859.1845  
10837.11562  
10914.33109  
10923.0102  
10825.8564  
10854.3494  
10913.75722  
10859.53721  
10926.40856  
10883.8779  
10812.22043  
10857.43345  
10839.04285  
10783.95034  
10847.67699  
10803.28467  
10874.74019  
10853.81848  
10940.72968  
10861.92667  
