11179.40857  
11168.91037  
11246.65055  
11201.03137  
11212.42144  
11254.41361  
11220.56099  
11263.02767  
11205.22189  
11211.08768  
11211.22801  
11236.0583  
11250.51717  
11185.45048  
11228.40344  
11148.27079  
11198.07326  
11289.49968  
11159.99678  
11201.95392  
11160.61625  
11202.25581  
11206.89722  
11189.51953  
11224.35605  
11158.95222  
11161.52636  
11213.58581  
11203.46116  
11240.37468  
11271.50661  
11223.70362  
11182.26149  
11159.82197  
11187.05672  
11217.23259  
11179.14168  
11151.03565  
11193.81022  
11258.24928  
11259.99319  
11292.49212  
11208.07917  
11158.44365  
11194.16738  
11216.1103  
11197.71994  
11209.9909  
11217.24456  
11229.97746  
11257.36136  
11251.71229  
11193.67349  
11203.73784  
11190.45778  
11241.71631  
11245.40669  
11233.71782  
11264.2145  
11244.95093  
11200.05014  
11186.75087  
11207.06079  
11195.32843  
11237.64242  
11200.2993  
11181.81411  
11179.65311  
11178.90281  
11233.91229  
11228.49943  
11193.95059  
11220.62179  
11216.48836  
11230.15663  
11194.55294  
11229.27232  
11242.19636  
11232.9047  
11227.73052  
11222.82479  
11202.24002  
11236.32479  
11203.09115  
11151.56571  
11153.32291  
11154.25304  
11192.21139  
11187.02824  
11223.39185  
11218.56684  
11225.9965  
11171.87798  
11157.66888  
11176.68205  
11173.31143  
11243.22612  
11227.97326  
11230.65749  
11200.4403  
11183.83032  
11252.74766  
11235.81124  
11253.38054  
11251.27127  
11211.29234  
11143.59564  
11152.4785  
11205.93099  
11239.57634  
11231.04072  
11175.49025  
11257.16331  
11197.15377  
11185.13757  
11186.28096  
11191.85632  
11227.16131  
11229.60679  
11228.41085  
11202.16995  
11175.95204  
11227.73441  
11207.99461  
11212.36032  
11202.35275  
11212.11954  
11232.03166  
11200.08605  
11184.35938  
11239.42261  
11261.41382  
11223.57121  
11249.3065  
11204.48365  
11242.5566  
11236.23655  
11181.92215  
11175.82  
11210.8918  
11204.86328  
11199.84536  
11240.76607  
11242.09054  
11265.95896  
11239.53198  
11215.08041  
11198.08188  
11274.57977  
11203.17019  
11184.39468  
11153.01145  
11175.07299  
11154.18178  
11190.57255  
11211.97919  
11197.13586  
11208.37739  
11208.36524  
11246.16463  
