10574.98526  
10477.49584  
10504.02282  
10592.38638  
10488.05612  
10476.35947  
10543.2379  
10503.11296  
10391.97098  
10492.67751  
10470.33771  
10575.55739  
10533.98208  
10508.19256  
10534.32549  
10555.2255  
10457.04458  
10482.10097  
10553.35402  
10487.4487  
10436.81936  
10495.18307  
10453.36705  
10531.97945  
10552.0422  
10518.34984  
10435.24051  
10464.45551  
10527.17035  
10447.59772  
10480.33033  
10590.76238  
10579.09098  
10506.76283  
10579.44742  
10536.98712  
10525.66322  
10459.85897  
10456.60031  
10520.50195  
10587.26528  
10506.89476  
10507.8251  
10476.51067  
10577.94688  
10541.99909  
10524.59293  
10427.46759  
10525.81661  
10497.42703  
10455.09021  
10572.22148  
10522.29142  
10494.05937  
10478.90316  
10501.84965  
10554.25543  
10448.67578  
10553.42683  
10553.56845  
10492.83108  
10469.00752  
10466.05941  
10470.51456  
10558.46248  
10485.52818  
10376.52108  
10581.66449  
10467.39542  
10446.96714  
10583.89078  
10457.91888  
10438.15087  
10543.48751  
10506.03747  
10519.94375  
10534.09868  
10448.04124  
10498.73681  
10581.79027  
10500.89821  
10519.05008  
10463.55319  
10525.25211  
10458.44765  
10478.09616  
10538.43509  
10504.43007  
10447.68773  
10532.96271  
10475.14185  
10453.97686  
10585.47014  
10466.86605  
10496.04295  
10449.64283  
10458.75397  
10566.8561  
10508.17262  
10508.54719  
10507.85399  
10452.08903  
10603.79504  
10478.60406  
10528.40134  
10441.65248  
10533.58798  
10514.96316  
10520.43916  
10461.04733  
10541.1374  
10548.41929  
10553.76796  
10589.89271  
10479.06075  
10495.8455  
10488.27607  
10502.5933  
10594.10308  
10542.85159  
10537.61612  
10473.79006  
10463.86108  
10540.49846  
10525.38304  
10490.34191  
10583.98356  
10617.53021  
10455.58017  
10558.34927  
10497.1853  
10515.6071  
10471.86392  
10547.49548  
10546.34634  
10416.13445  
10498.28289  
10599.01463  
10470.82286  
10488.75942  
10511.26151  
10468.42753  
10559.23824  
10556.24425  
10430.50472  
10487.22288  
10543.26488  
10492.30771  
10600.75506  
10512.40053  
10434.01038  
10490.35288  
10459.39194  
10435.91799  
10496.40593  
10457.40786  
10547.3247  
10507.68141  
10610.24759  
10516.68069  
