10863.2365  
10850.23072  
10857.56504  
10866.23574  
10871.60317  
10843.43452  
10813.8002  
10816.30642  
10837.45663  
10841.69896  
10721.81229  
10812.70182  
10788.66979  
10832.17538  
10834.16099  
10800.47226  
10943.65466  
10850.38373  
10793.7135  
10892.93308  
10883.1476  
10832.32246  
10837.56196  
10728.00515  
10780.23171  
10754.27017  
10830.94854  
10759.36231  
10752.23764  
10856.48543  
10776.22243  
10825.98469  
10783.02638  
10825.29461  
10853.60266  
10838.19969  
10814.02572  
10805.47091  
10880.99535  
10894.75835  
10846.70622  
10893.07129  
10837.6209  
10796.9352  
10855.80927  
10759.2332  
10794.48818  
10805.38228  
10838.91503  
10782.18298  
10845.56309  
10770.1947  
10856.36752  
10872.478  
10777.82882  
10876.7731  
10822.95506  
10737.54052  
10854.16877  
10848.54979  
10858.55637  
10731.45314  
10814.18968  
10882.95317  
10756.24121  
10881.03288  
10872.09064  
10877.12374  
10741.09525  
10800.91271  
10787.10655  
10779.07681  
10786.76724  
10765.94863  
10801.26563  
10821.75703  
10942.01011  
10859.18249  
10780.11264  
10848.71237  
10709.43714  
10856.79929  
10920.19882  
10790.50152  
10845.99811  
10787.73744  
10763.98265  
10773.47293  
10835.65401  
10937.25648  
10980.60664  
10968.83334  
10931.48237  
10833.09144  
10832.52392  
10715.66927  
10947.5996  
10893.83727  
10848.39738  
10800.13557  
10889.17605  
10774.35786  
10694.78603  
10823.20091  
10942.98994  
10806.88109  
10855.16197  
10840.67481  
10840.09237  
10738.67562  
10779.11394  
10885.0187  
10930.67628  
10947.50459  
10853.39942  
10789.35278  
10806.32129  
10825.88989  
10760.13691  
10758.7529  
10820.89695  
10832.78488  
10852.41189  
10867.21239  
10889.0128  
10860.31425  
10909.56124  
10819.78499  
10869.61748  
10770.66953  
10743.89608  
10783.78016  
10838.622  
10777.06717  
10897.37842  
10763.16865  
10779.23129  
10725.65797  
10894.81577  
10792.53209  
10796.29776  
10813.20912  
10724.28245  
10896.62763  
10878.26471  
10826.75188  
10808.63833  
10833.20881  
10895.43202  
10802.16476  
10881.31429  
10897.38059  
10869.64173  
10773.80004  
10856.5988  
10873.22602  
10777.908  
10833.95405  
10811.32803  
10843.73022  
