11365.52203  
11227.11354  
11311.68401  
11170.23121  
11269.17705  
11054.94293  
11162.34612  
11062.44951  
11150.65964  
11134.3347  
11090.0491  
11139.63715  
11199.82874  
11108.47545  
11150.16023  
11155.10274  
11205.64579  
11134.92464  
11288.93696  
11263.08595  
11160.29552  
11077.28401  
11267.21615  
11302.41643  
11139.71993  
11149.23706  
11155.65069  
11165.99933  
11257.99166  
11151.34544  
11153.22503  
11189.24067  
11163.62716  
11167.23647  
11158.61751  
11183.48995  
11149.94082  
11153.20038  
11109.76572  
11208.20976  
11322.50686  
11183.15164  
11165.33311  
11122.84711  
11121.04552  
11066.88473  
11153.68488  
11103.52316  
11127.59409  
11179.7388  
11138.74282  
11179.23367  
11216.11273  
11242.76079  
11227.21653  
11161.04463  
11172.63146  
11256.19084  
11137.8302  
11105.28589  
11131.85666  
11219.75304  
11141.8199  
11197.56716  
11249.47105  
11189.04223  
11302.38003  
11237.87364  
11198.16735  
11211.48665  
11120.7534  
11246.13201  
11189.49499  
11235.11068  
11190.48113  
11220.57075  
11254.69597  
11181.99499  
11213.14992  
11080.379  
11122.46351  
11159.14829  
11164.48614  
11188.66466  
11141.74181  
11099.90858  
11096.47493  
11002.23253  
11023.60849  
11137.99949  
11176.39316  
11196.07108  
11284.35492  
11172.70643  
11162.65766  
11175.08339  
11162.68215  
11177.19503  
11174.5711  
11384.96047  
11219.42321  
11146.11194  
11182.04922  
11135.69959  
11317.52223  
11300.66594  
11239.6844  
11278.19141  
11279.64439  
11232.68092  
11190.16633  
11277.19838  
11259.09706  
11184.77329  
11108.28024  
11035.97635  
11151.48348  
10997.17282  
11020.28578  
11013.34118  
11198.28688  
11202.81717  
11287.86973  
11205.27211  
11283.24629  
11317.83375  
11356.90255  
11289.14498  
11256.62988  
11131.9849  
11213.03147  
11138.33585  
11163.16799  
11232.3001  
11219.90622  
11106.72776  
11158.0267  
11092.72258  
11272.15768  
11108.92886  
11192.46442  
11237.20514  
11211.74073  
11196.67666  
11172.06994  
11156.28385  
11076.4838  
11144.99061  
11213.29996  
11133.13471  
11124.24242  
11223.00947  
11179.28079  
11213.59362  
11143.72086  
11113.99821  
11249.08216  
11253.9176  
11191.5595  
11184.83958  
