10879.98818  
10855.53811  
10830.364  
10596.46594  
10572.8361  
10596.6939  
10659.66167  
10589.59214  
10777.4322  
10630.78763  
10659.84849  
10519.67556  
10747.3803  
10630.79929  
10712.97985  
10451.65695  
10535.45297  
10850.7622  
10743.86699  
10770.68373  
10532.61537  
10542.55626  
10972.32039  
10708.83434  
10659.82619  
10733.2623  
10535.53007  
10675.56081  
10655.91986  
10715.33789  
10719.62913  
10471.87763  
10702.4375  
10603.45799  
10813.35238  
10554.39347  
10775.62803  
10633.24009  
10733.14754  
10622.97278  
10758.02716  
10676.49689  
10811.11173  
10533.32848  
10713.755  
10690.33261  
10880.94167  
10588.99251  
10662.17191  
10582.33893  
10748.78057  
10778.67124  
10626.73934  
10955.59961  
10734.10684  
10641.65199  
10738.34732  
10750.18473  
10542.5694  
10732.17203  
10661.20159  
10748.02563  
10705.03101  
10702.43864  
10634.85041  
10642.16115  
10576.66508  
10517.48701  
10680.15876  
10527.77898  
10656.45908  
10605.99765  
10640.99884  
10721.20452  
10712.46791  
10741.18752  
10644.93457  
10810.01588  
10712.78725  
10484.01244  
10600.16271  
10657.50407  
10753.84752  
10914.00945  
10742.43776  
10639.36721  
10631.95986  
10322.19236  
10665.08357  
10736.40527  
10728.60487  
10876.60192  
10622.23202  
10743.16966  
10586.54351  
10637.34499  
10715.49304  
10454.31623  
10684.51686  
10764.36787  
10782.92132  
10698.85485  
10576.23641  
10744.795  
11090.76664  
10830.0287  
10539.99689  
10707.41578  
10552.69252  
10577.56906  
10685.83159  
10732.42038  
10696.94465  
10837.24729  
10525.51722  
10437.38568  
10579.32141  
10390.17694  
10453.34754  
10504.94236  
10844.59865  
10823.29474  
10844.96512  
10698.82474  
10866.28472  
10817.28952  
11080.43477  
10727.10011  
11122.88554  
10812.9722  
10592.83139  
10655.49593  
10504.41695  
10773.20376  
10678.56579  
10903.16641  
10683.98593  
10558.98332  
10514.59479  
10576.92403  
10635.90515  
10737.85894  
10700.13225  
10576.67935  
10836.4956  
10686.84391  
10592.83058  
10645.9372  
10695.44194  
10704.6486  
10790.43314  
10670.99687  
10617.53579  
10680.57282  
10506.28259  
10776.03344  
10697.11826  
10691.58909  
10715.97973  
10562.83917  
