11312.70674  
11276.00798  
11228.79106  
11141.51548  
11135.79622  
11170.6346  
11173.83266  
11110.43175  
11144.92302  
11150.80894  
11162.13339  
11116.10116  
11140.42988  
11110.95737  
11117.10286  
11068.52142  
11164.783  
11323.63756  
11249.92322  
11206.80897  
11117.34453  
11113.54937  
11274.09078  
11206.46744  
11164.53099  
11162.20723  
11118.62555  
11135.87652  
11163.7796  
11202.77801  
11190.55454  
11099.7247  
11154.73867  
11122.63094  
11195.64514  
11116.23922  
11207.07489  
11173.04466  
11219.81279  
11156.1339  
11239.27042  
11239.94939  
11245.10891  
11128.05756  
11169.13201  
11146.39364  
11180.53983  
11110.73158  
11127.17205  
11073.45069  
11125.51181  
11216.03548  
11163.41277  
11254.92357  
11171.28032  
11121.70277  
11179.90764  
11241.36128  
11096.78099  
11187.39355  
11168.23711  
11218.46227  
11294.28683  
11141.83131  
11159.93155  
11130.83349  
11101.46581  
11119.72172  
11174.71684  
11109.98742  
11097.01459  
11064.74506  
11120.20138  
11126.40321  
11127.48337  
11198.81371  
11115.18948  
11254.85856  
11090.47845  
11115.12309  
11076.7174  
11216.71072  
11414.59328  
11229.92126  
11162.22948  
11127.07342  
11060.69864  
11153.02436  
11275.16053  
11278.83094  
11210.45566  
11274.57658  
11220.43955  
11214.02917  
11124.67183  
11237.86893  
11313.21832  
11137.14074  
11118.59032  
11327.03396  
11188.35918  
11064.35764  
11086.23387  
11173.97529  
11356.69034  
11273.23159  
11112.00261  
11219.12379  
11056.09975  
11183.20776  
11255.99191  
11188.02325  
11196.36557  
11278.21681  
11097.69601  
11082.99561  
11073.51965  
11057.47804  
11108.15023  
11244.24517  
11226.70176  
11255.3689  
11289.62296  
11197.60211  
11202.90767  
11226.52329  
11289.73267  
11144.6058  
11327.06299  
11249.81459  
11073.38824  
11118.29038  
11098.08368  
11236.00608  
11147.26013  
11354.09217  
11089.91007  
11087.04688  
11144.50465  
11141.94713  
11181.76428  
11137.56064  
11153.58629  
11159.58183  
11203.11568  
11146.68042  
11096.50087  
11121.89562  
11238.75107  
11249.01681  
11173.10828  
11184.25841  
11161.89189  
11190.69581  
11166.43388  
11197.32997  
11173.90353  
11173.36853  
11189.75026  
11142.58268  
