11043.63683  
10866.88374  
10869.22406  
10800.26514  
10848.17035  
10714.8733  
10717.28717  
10681.5527  
10697.12235  
10680.55998  
10836.4402  
10629.14638  
10818.5192  
10701.9111  
10759.38156  
10673.21779  
10950.32178  
10764.59209  
11067.16989  
10812.7777  
10783.34596  
10730.13262  
10922.77406  
10964.65191  
10755.31177  
10862.51726  
10758.21084  
10761.9205  
10843.3431  
10772.48814  
10871.58206  
10686.74984  
10753.35333  
10786.99873  
10795.34338  
10663.9651  
10701.82289  
10725.01851  
10683.71251  
10790.36173  
10917.39915  
10820.44211  
10868.08985  
10731.61261  
10686.68463  
10741.9593  
10864.28097  
10735.24898  
10715.38892  
10769.9045  
10732.10662  
10939.24173  
10831.68914  
10858.63066  
10950.01761  
10797.17904  
10795.2763  
10863.2362  
10736.77308  
10759.97793  
10726.82769  
10794.063  
10724.79797  
10888.9639  
10884.4231  
10748.8442  
10862.75272  
10788.47324  
10806.58657  
10751.66558  
10679.13423  
10721.54457  
10682.10408  
10791.73442  
10682.06238  
10868.39608  
10821.36301  
10790.66703  
10676.24803  
10705.31063  
10807.92141  
10947.50395  
11026.92692  
10899.8918  
10725.60517  
10743.62325  
10650.67546  
10729.85106  
10632.83638  
10861.28594  
10984.36655  
11036.9231  
10741.9371  
10772.85903  
10765.87617  
10690.70439  
10764.23038  
10913.2767  
10766.34769  
10849.16533  
10843.42022  
10766.24419  
10846.8065  
10938.59991  
11013.96356  
10774.90473  
10820.40273  
10812.13957  
10855.75434  
10765.43813  
10938.89069  
10877.69264  
10809.97535  
10799.93772  
10904.08576  
10583.61356  
10571.05102  
10532.58993  
10634.9881  
10564.39098  
10794.36142  
10826.8246  
10781.45208  
10885.40781  
10922.3627  
10870.5364  
10994.50871  
10750.50777  
10889.65781  
10931.12234  
10680.36979  
10723.27526  
10826.02833  
10852.54357  
10992.1371  
10929.04784  
10761.02702  
10751.62027  
10816.2781  
10714.75109  
10778.41271  
10780.41104  
10834.20641  
10991.08429  
10826.827  
10743.88274  
10651.48138  
10646.56842  
10810.76511  
10722.9388  
10772.74411  
10761.13944  
10719.65833  
10967.67953  
10795.61109  
10754.88968  
10821.56918  
10720.72459  
10799.92901  
10924.48433  
