10828.43281  
10712.52911  
10676.38025  
10450.09002  
10436.16376  
10446.39168  
10544.15294  
10496.96498  
10557.04088  
10546.52591  
10461.22957  
10498.93528  
10483.95897  
10530.09603  
10436.53676  
10420.85428  
10595.22767  
10921.12521  
10512.20113  
10448.48252  
10517.29215  
10604.27522  
10757.72989  
10542.44573  
10625.15725  
10528.91665  
10643.61575  
10538.72206  
10550.93246  
10697.02001  
10512.72302  
10491.51442  
10474.41333  
10481.79649  
10611.36759  
10459.58169  
10696.54877  
10554.26515  
10693.4466  
10654.04726  
10622.49221  
10633.09124  
10608.66217  
10498.14618  
10672.7689  
10462.73083  
10574.85608  
10528.81736  
10646.3767  
10504.69125  
10600.1066  
10513.13362  
10467.41929  
10788.13865  
10488.58757  
10516.21816  
10633.89857  
10546.15769  
10539.53881  
10563.96967  
10463.94895  
10525.84563  
10602.52949  
10605.6862  
10463.16071  
10492.22206  
10543.62299  
10498.77265  
10418.92842  
10421.91261  
10442.2801  
10466.4978  
10621.47302  
10465.38352  
10628.42276  
10672.05584  
10436.99085  
10760.71119  
10460.69631  
10495.08825  
10388.80825  
10600.2635  
10641.14558  
10608.06842  
10681.23564  
10511.18283  
10405.52606  
10392.28454  
10576.48501  
10631.4254  
10640.18804  
10620.95406  
10659.92624  
10623.15173  
10532.53866  
10492.00237  
10735.23847  
10449.79542  
10515.77108  
10735.87877  
10593.11286  
10483.42279  
10515.02683  
10602.57633  
10857.92727  
10838.83705  
10435.54705  
10428.66347  
10404.68943  
10425.4195  
10678.24052  
10769.21132  
10633.41927  
10729.24772  
10485.82244  
10376.40954  
10324.11889  
10429.32569  
10320.89107  
10487.55049  
10491.76549  
10538.41653  
10681.35459  
10650.04825  
10583.60723  
10646.31985  
10906.26388  
10606.56106  
10783.64566  
10700.78989  
10567.98305  
10620.13115  
10475.97005  
10612.73924  
10570.16021  
10738.58144  
10438.28094  
10467.39597  
10526.84463  
10622.45795  
10570.74288  
10589.201  
10549.56817  
10659.99826  
10679.57948  
10508.14084  
10461.87264  
10462.01231  
10516.39637  
10581.37737  
10646.86024  
10486.19167  
10430.99349  
10449.32181  
10498.05335  
10702.10246  
10597.80875  
10557.20498  
10637.78925  
10502.87004  
