10704.59113  
10619.70613  
10625.5846  
10486.37791  
10462.71801  
10494.4559  
10488.34453  
10427.78402  
10482.2317  
10477.30372  
10511.13349  
10416.023  
10520.23655  
10431.1267  
10484.88835  
10375.06999  
10475.58545  
10697.40031  
10635.39677  
10575.80706  
10427.32445  
10413.15832  
10696.87341  
10581.1118  
10507.31032  
10536.96509  
10425.60666  
10497.9258  
10517.33952  
10554.05966  
10567.98084  
10390.92507  
10527.63824  
10462.14883  
10588.09387  
10420.60116  
10555.29963  
10487.5688  
10549.93722  
10474.36236  
10626.39455  
10572.7778  
10640.54339  
10434.03518  
10503.81477  
10501.96634  
10575.58957  
10403.54623  
10448.41063  
10410.95659  
10491.67249  
10596.0752  
10505.49987  
10650.59488  
10537.01007  
10438.89419  
10537.29787  
10609.86219  
10406.99853  
10539.77147  
10513.91873  
10569.67691  
10599.7792  
10528.10819  
10530.66023  
10462.85099  
10413.30653  
10416.79926  
10554.55294  
10429.6875  
10430.43782  
10414.5805  
10454.5028  
10503.12208  
10506.60045  
10531.32037  
10451.04247  
10658.67113  
10457.9915  
10407.8042  
10412.35731  
10545.76106  
10743.68704  
10630.51937  
10500.67733  
10481.60482  
10411.75145  
10393.21162  
10557.91059  
10612.78416  
10530.19385  
10648.5728  
10530.74619  
10559.08142  
10425.9513  
10557.65009  
10689.71359  
10446.9868  
10464.54448  
10700.88154  
10552.63428  
10436.1622  
10420.23925  
10525.2245  
10761.69664  
10664.92496  
10474.4695  
10573.58294  
10391.78299  
10529.39498  
10633.08094  
10556.10608  
10507.83989  
10630.30614  
10445.62781  
10346.68092  
10393.26695  
10329.21444  
10422.84399  
10548.57818  
10549.84666  
10651.24782  
10689.77841  
10518.80987  
10577.47168  
10534.55525  
10680.8437  
10537.84231  
10764.44571  
10611.89701  
10426.12452  
10477.51805  
10420.17796  
10638.96006  
10465.80977  
10726.56801  
10450.19746  
10429.6038  
10449.1327  
10457.18899  
10519.56689  
10515.1077  
10498.95478  
10474.98822  
10593.67151  
10510.4091  
10436.75555  
10457.68779  
10622.79577  
10561.27575  
10525.20966  
10512.26874  
10488.69156  
10545.45127  
10479.18063  
10552.01262  
10509.20104  
10507.2925  
10549.93591  
10471.62235  
