12674.26638  
12592.66498  
12595.7248  
12386.43805  
12551.06049  
12515.52395  
12539.53071  
12512.41868  
12513.41518  
12483.13557  
12524.18417  
12567.65865  
12661.83658  
12605.25725  
12598.55746  
12492.59723  
12586.92481  
12511.02379  
12510.46988  
12544.35431  
12589.11747  
12595.882  
12638.97395  
12666.44899  
12660.31502  
12736.14089  
12609.7031  
12685.34604  
12577.7342  
12595.04796  
12498.71519  
12521.43018  
12552.44555  
12502.60372  
12537.65629  
12475.17937  
12490.49696  
12577.18235  
12525.7269  
12599.73976  
12656.03455  
12612.23829  
12517.63057  
12465.12604  
12524.9372  
12548.95214  
12551.61851  
12596.88741  
12540.91378  
12541.14767  
12558.30891  
12505.4993  
12516.42151  
12529.9176  
12546.02994  
12589.36767  
12522.83657  
12588.26047  
12568.50693  
12628.7219  
12697.38513  
12527.86366  
12674.62497  
12665.37602  
12583.26195  
12476.09248  
12522.55481  
12391.90867  
12485.31701  
12450.27682  
12555.24487  
12533.81564  
12522.38005  
12573.34622  
12525.10646  
12619.68864  
12516.05721  
12661.33194  
12525.07318  
12617.07312  
12569.68008  
12634.71021  
12663.67258  
12574.36737  
12540.01325  
12521.57672  
12597.71116  
12553.77741  
12522.69161  
12582.83966  
12526.02464  
12575.21782  
12708.22331  
12705.38365  
12598.78856  
12676.48023  
12690.90213  
12659.1598  
12615.8527  
12591.58744  
12458.38504  
12359.23589  
12355.1013  
12369.31018  
12385.95229  
12437.57426  
12441.81462  
12462.12633  
12485.83453  
12517.89914  
12576.27876  
12563.24993  
12499.67773  
12632.13235  
12502.34401  
12592.54451  
12622.28965  
12657.53707  
12617.20674  
12650.31789  
12547.4156  
12604.90609  
12576.27199  
12607.24167  
12526.23694  
12637.44973  
12545.38677  
12626.42378  
12515.65824  
12566.2571  
12505.89566  
12613.57155  
12493.54606  
12652.66684  
12501.22304  
12641.87864  
12521.57034  
12610.14519  
12561.886  
12556.74368  
12560.71671  
12528.61749  
12719.5052  
12653.34435  
12704.08421  
12685.06149  
12749.50162  
12642.88811  
12660.49283  
12681.28127  
12728.34289  
12698.74815  
12587.54381  
12540.87254  
12411.0426  
12534.96099  
12373.75112  
12321.22127  
12326.63938  
12401.08948  
