11251.03044  
11114.50237  
11128.36405  
10991.10443  
11144.80479  
10993.34786  
11083.86679  
11060.27135  
11126.20696  
11086.4955  
11006.84378  
11064.59646  
11126.92707  
11274.99446  
11232.46033  
11059.10753  
11119.56388  
11035.65843  
11035.21497  
11099.10841  
11062.14157  
11141.42367  
11078.33116  
11180.51635  
11147.71486  
11146.10628  
11151.99764  
11144.62108  
11056.92805  
11125.46324  
10988.32733  
11067.77876  
10983.56089  
11030.72445  
11025.24152  
11126.94877  
11080.34753  
11163.35957  
11082.0353  
11115.74513  
11268.78686  
11154.60924  
11160.8795  
11030.48596  
11148.27437  
11095.54006  
11079.8041  
11092.67323  
11044.48449  
11126.18263  
11133.60932  
11023.67489  
11071.29351  
11010.571  
11138.87755  
11131.10479  
11130.59062  
11228.22969  
11124.17969  
11186.15111  
11181.75889  
11094.70522  
11208.83734  
11181.76466  
11198.46577  
11118.82453  
10995.73806  
10950.44105  
10997.9761  
11049.20809  
11093.38728  
11152.97836  
11103.24347  
11052.84729  
11035.2187  
11062.51453  
11029.8672  
10993.62795  
11002.59838  
11019.71638  
11143.51904  
11100.09963  
11223.60234  
11097.18254  
11242.7301  
11145.65102  
11259.64553  
11182.86836  
11178.23354  
11131.4787  
11070.12577  
11073.06339  
11179.58975  
11201.42007  
11181.99013  
11111.6449  
11195.62129  
11062.47184  
11117.16105  
11000.97233  
11146.79489  
10991.76258  
11053.86812  
11071.28682  
11005.29408  
10977.71651  
11051.17569  
10958.13687  
11145.96134  
11132.5647  
11141.6261  
11151.06278  
11056.84122  
11076.4373  
11118.47253  
11091.68946  
11144.91768  
11074.36376  
11206.91046  
11033.34578  
11185.48916  
11149.76306  
11195.1923  
11095.02943  
11205.24363  
11138.13145  
11162.67905  
11144.9877  
11037.85938  
11043.01769  
11076.75737  
11118.44699  
10988.6361  
10976.13901  
11007.32463  
11025.53603  
11168.90832  
11133.51865  
11204.42048  
11124.74805  
11199.07238  
11113.54947  
11092.80717  
11217.69177  
11098.98403  
11198.21073  
11194.78822  
11057.06218  
11178.78933  
11120.56205  
11191.30436  
11161.44635  
11221.69936  
11132.50184  
11101.64586  
11073.94604  
11059.41087  
10900.63407  
10987.24054  
10961.20338  
