11732.71664  
11740.64869  
11896.44095  
11830.0852  
11877.57504  
11886.07837  
11766.11988  
11721.60617  
11735.49837  
11707.35013  
11685.85916  
11756.11553  
11751.64852  
11716.87281  
11698.34685  
11789.88369  
11859.54006  
11938.39676  
11816.53007  
11836.06189  
11759.6105  
11756.25474  
11770.46721  
11831.96514  
11754.74536  
11801.26547  
11784.12442  
11767.03427  
11850.13108  
11813.60583  
11878.35164  
11773.40796  
11685.09862  
11717.75413  
11725.02118  
11684.25487  
11733.78941  
11799.9954  
11762.28426  
11807.56638  
11811.37943  
11891.72654  
11827.74768  
11802.09463  
11829.55913  
11803.39351  
11845.21833  
11750.30269  
11765.29503  
11814.94994  
11803.11024  
11724.74012  
11787.88511  
11861.5915  
11857.74331  
11796.5133  
11778.03542  
11849.86768  
11726.08277  
11860.29443  
11918.77467  
11840.99914  
11876.12222  
11765.73627  
11880.58047  
11815.71812  
11779.83006  
11656.24559  
11709.67483  
11665.18304  
11723.79658  
11694.56194  
11750.3791  
11735.52918  
11731.49245  
11897.96664  
11793.24556  
11780.4334  
11693.33884  
11667.04602  
11736.00609  
11715.01683  
11813.69036  
11743.78726  
11760.75925  
11756.52868  
11822.00508  
11756.82361  
11782.56111  
11896.72606  
11776.94666  
11878.22152  
11891.51428  
11952.73487  
11852.50785  
11789.92952  
11774.19262  
11722.39032  
11705.1565  
11719.51402  
11717.81433  
11695.07914  
11686.46348  
11680.94163  
11651.89647  
11773.06256  
11718.74161  
11696.50798  
11692.60539  
11837.25478  
11778.89137  
11962.55932  
11854.47791  
11835.4329  
11867.05241  
11788.80793  
11886.33078  
11801.76598  
11750.45816  
11735.62767  
11705.13181  
11748.49713  
11702.38788  
11715.19798  
11669.23646  
11712.74716  
11735.36877  
11791.07552  
11820.22031  
11884.71035  
11747.00684  
11902.23013  
11835.16769  
11786.20227  
11697.74021  
11747.48232  
11690.89854  
11803.3821  
11747.90996  
11814.51441  
11862.4622  
11827.05425  
11765.2793  
11878.41554  
11753.82323  
11784.5168  
11962.11863  
11858.12326  
11841.41068  
11723.95246  
11889.33747  
11721.75883  
11811.44388  
11819.24827  
11752.18567  
11851.66966  
11705.96798  
11681.36932  
11684.60218  
11721.35797  
