11890.58507  
11930.71503  
11896.20582  
11960.89526  
11955.20435  
12000.7426  
11892.68116  
11923.36452  
11856.41791  
11934.93509  
11874.54696  
11922.863  
11865.00634  
11856.74567  
11861.72455  
11929.11472  
11901.61114  
11996.85267  
11940.84343  
11969.945  
11936.34861  
11837.1844  
11948.86868  
11843.70311  
11938.39783  
11863.28258  
11935.85766  
11926.56865  
11987.75642  
11940.28201  
11968.37624  
11928.8372  
11921.12079  
11888.80346  
11921.94446  
11873.52313  
11941.87506  
11851.279  
11938.51325  
11947.84681  
11951.83302  
11981.19338  
11915.92908  
11940.84795  
11933.16094  
11892.74916  
11973.04248  
11902.6573  
11916.92404  
11869.10158  
11913.64553  
11862.63117  
11941.34743  
11959.12175  
11887.47667  
11927.76176  
11848.24591  
11927.07205  
11880.54902  
11933.99856  
11894.14119  
11960.58447  
11933.8089  
11988.30254  
12010.42541  
11978.97576  
11877.255  
11887.3825  
11879.79205  
11869.01346  
11906.11183  
11882.35432  
11950.13493  
11879.72335  
11947.69882  
11912.09993  
11950.07468  
11908.4762  
11907.7985  
11854.82335  
11885.11079  
11896.15363  
11947.78413  
11877.78296  
11892.79715  
11875.71185  
11938.68708  
11894.67833  
11958.19267  
11880.26295  
11937.35462  
11874.92691  
11988.69454  
11891.12975  
11962.72599  
11915.26662  
11951.05746  
11893.92095  
11906.3156  
11901.82501  
11936.94114  
11876.94041  
11938.94201  
11915.47167  
11928.88289  
11945.21934  
11851.76836  
11889.9953  
11843.64291  
11936.78319  
11865.99725  
11902.97112  
11955.57816  
11921.41496  
11958.16384  
11932.90899  
11980.52221  
11950.84167  
11930.8171  
11913.90962  
11917.4558  
11915.54223  
11854.32289  
11898.34642  
11929.21907  
11921.89038  
11946.93966  
11911.48468  
11968.33564  
11916.64303  
11943.41927  
11931.77821  
11931.93214  
11850.03643  
11891.10775  
11878.93405  
11921.72892  
11949.45318  
11932.11752  
11938.5679  
11945.47209  
11939.15939  
11869.5694  
11875.74062  
11915.52854  
11955.31146  
11938.95193  
11949.49691  
11904.86689  
11886.50012  
11986.69839  
11884.62435  
11933.60039  
11856.45164  
11921.89712  
11889.19518  
11931.70645  
11883.37678  
11918.04516  
11942.56421  
