11313.91132  
11276.99181  
11382.99712  
11245.65749  
11331.33551  
11231.30288  
11297.0871  
11345.64152  
11174.05126  
11355.42403  
11191.69675  
11296.27357  
11234.86432  
11235.84757  
11301.77438  
11247.08076  
11337.36178  
11314.12652  
11341.5377  
11232.77117  
11339.02483  
11319.44125  
11354.66859  
11319.47494  
11356.54583  
11275.11135  
11301.89916  
11303.97037  
11258.28573  
11323.14439  
11181.35619  
11268.54109  
11257.09939  
11240.72482  
11331.21722  
11258.6059  
11274.09888  
11273.93152  
11290.42345  
11385.17766  
11373.60787  
11399.13026  
11371.43652  
11306.59353  
11324.42982  
11350.60372  
11343.07028  
11281.90691  
11369.66141  
11268.11814  
11385.24329  
11246.78431  
11341.52292  
11236.7748  
11245.00161  
11333.21533  
11181.63226  
11387.61745  
11228.10775  
11333.99544  
11246.58868  
11223.88894  
11344.03364  
11245.56921  
11350.5955  
11386.76396  
11238.93961  
11231.15137  
11275.51303  
11264.23351  
11342.62354  
11264.69379  
11228.55676  
11224.27947  
11329.97385  
11259.03312  
11217.49606  
11219.46542  
11179.18539  
11155.05364  
11237.63553  
11230.15305  
11281.16984  
11241.40015  
11236.31388  
11354.17926  
11281.92158  
11365.4994  
11273.59  
11387.69895  
11349.94879  
11368.05859  
11357.34473  
11330.5904  
11259.9254  
11365.29945  
11314.79253  
11366.18887  
11278.77457  
11341.85096  
11230.31929  
11295.67778  
11151.83716  
11231.57446  
11195.29389  
11229.79739  
11278.14547  
11392.46838  
11323.07092  
11420.70646  
11249.46849  
11299.61766  
11190.38683  
11302.61891  
11213.79059  
11309.74734  
11212.35613  
11346.402  
11228.68118  
11366.39196  
11260.4975  
11393.51694  
11260.14312  
11340.7185  
11245.08717  
11289.30135  
11255.4676  
11319.99529  
11198.99533  
11364.29485  
11318.7396  
11427.2626  
11223.16248  
11301.8722  
11251.90369  
11324.34306  
11254.81985  
11382.18685  
11313.46892  
11318.85609  
11254.34111  
11299.43813  
11281.13036  
11257.37458  
11363.3653  
11271.78497  
11343.34742  
11284.71384  
11318.41273  
11226.04108  
11350.48698  
11292.14594  
11324.17251  
11369.72356  
11171.95029  
11359.90726  
11223.59296  
11217.17161  
11224.38783  
11313.58809  
