10858.17758  
10816.04287  
10978.41461  
10833.1156  
10920.45162  
10826.32989  
10945.89066  
10910.77939  
10823.49311  
10871.40149  
10775.49721  
10819.9635  
10806.89892  
10824.06086  
10839.96606  
10796.25816  
10917.99658  
10897.24427  
10881.66238  
10796.51037  
10838.42907  
10913.22208  
10834.41591  
10888.15424  
10833.59279  
10864.13454  
10798.12742  
10862.46736  
10798.81807  
10905.29303  
10838.71307  
10922.76586  
10812.68914  
10841.02044  
10856.09984  
10824.64872  
10810.33953  
10871.19187  
10804.78085  
10902.06874  
10926.06273  
10907.8029  
10937.47808  
10829.74747  
10868.45039  
10875.2141  
10899.67118  
10915.24571  
10941.5902  
10888.87404  
10915.33316  
10802.27853  
10885.61749  
10835.95552  
10893.17013  
10887.34127  
10802.91747  
10934.95979  
10810.8299  
10902.18278  
10886.51937  
10840.06687  
10900.30541  
10863.4962  
10979.71782  
10928.90145  
10888.40547  
10804.00151  
10822.86632  
10808.89129  
10831.24298  
10792.33663  
10780.78354  
10838.06094  
10834.65414  
10855.52591  
10820.14057  
10828.77174  
10747.66121  
10750.1324  
10802.89546  
10777.08859  
10824.47517  
10802.91517  
10851.20317  
10911.04695  
10863.20111  
10892.59037  
10807.74389  
10986.52829  
10859.20116  
10961.76641  
10828.73662  
10976.92892  
10808.28107  
10965.63893  
10885.16837  
10910.77774  
10875.56858  
10870.62092  
10789.08394  
10823.3684  
10729.09465  
10763.78061  
10758.15677  
10760.22543  
10885.90264  
10893.9119  
10860.44525  
10952.70626  
10858.39274  
10861.73956  
10796.99697  
10846.64972  
10775.99711  
10876.62683  
10819.59133  
10879.09416  
10854.31676  
10895.13579  
10829.3892  
10955.66887  
10885.7933  
10906.4171  
10834.07818  
10846.55113  
10911.98211  
10897.05917  
10808.44776  
10931.11122  
10929.26669  
10975.41424  
10874.02727  
10848.33372  
10779.64699  
10856.15528  
10796.40604  
10885.97973  
10883.63742  
10834.79951  
10818.10954  
10830.27205  
10899.65777  
10843.32972  
10936.96846  
10836.91079  
10879.32859  
10902.6861  
10772.86388  
10827.24367  
10846.0394  
10895.03046  
10879.6061  
11011.5705  
10762.68982  
10934.62757  
10786.6254  
10804.65067  
10800.79557  
10864.51247  
