11148.38328  
11087.20289  
11220.55709  
11111.02692  
11167.21747  
11101.80877  
11192.42844  
11126.1266  
11085.59371  
11115.10147  
11057.49314  
11107.30977  
11075.63522  
11135.82236  
11137.65662  
11093.95208  
11167.5353  
11158.519  
11122.73897  
11088.82955  
11092.99622  
11207.41816  
11127.22566  
11151.85081  
11122.26108  
11148.99209  
11102.04249  
11117.85202  
11072.0275  
11144.43913  
11131.17541  
11191.19311  
11064.60186  
11122.85381  
11126.54268  
11111.09305  
11089.57932  
11152.94884  
11115.02859  
11180.01925  
11203.21883  
11146.78521  
11206.58284  
11072.06249  
11112.18904  
11131.72418  
11155.84741  
11155.26224  
11183.44086  
11134.03712  
11134.38771  
11070.36472  
11153.48197  
11103.87987  
11167.4754  
11145.43642  
11094.52718  
11178.50501  
11096.95393  
11163.64344  
11166.18741  
11133.71896  
11134.50028  
11144.71387  
11216.54824  
11142.73712  
11146.45904  
11079.1752  
11066.14789  
11082.19998  
11102.22074  
11079.73025  
11068.81919  
11117.29  
11102.84321  
11094.7007  
11087.71337  
11071.94777  
11060.6155  
11060.06757  
11137.28838  
11065.67479  
11139.08415  
11095.24788  
11154.5293  
11207.56119  
11155.25986  
11175.21404  
11099.04056  
11244.86697  
11132.80995  
11231.33664  
11106.31413  
11249.59664  
11106.70137  
11211.47755  
11167.97296  
11157.83661  
11171.32558  
11084.42875  
11065.97536  
11063.58024  
11001.15438  
11023.08096  
11029.34923  
11036.26034  
11150.51328  
11166.07488  
11161.8739  
11186.82799  
11148.12235  
11083.88132  
11097.13027  
11099.51769  
11089.43614  
11137.13912  
11139.44  
11127.36768  
11135.40149  
11131.62603  
11127.73008  
11197.82061  
11155.07085  
11149.21575  
11125.94675  
11103.75122  
11188.01816  
11126.5245  
11094.36625  
11143.22635  
11187.56623  
11179.81211  
11157.42961  
11065.61895  
11070.5115  
11091.24657  
11101.09772  
11143.80779  
11181.04462  
11109.11472  
11118.735  
11113.41531  
11195.79221  
11134.57887  
11192.90546  
11146.22766  
11112.455  
11184.71175  
11030.95249  
11143.54743  
11127.47886  
11170.14856  
11141.90705  
11258.8343  
11057.29051  
11159.91496  
11064.73869  
11051.89045  
11088.50216  
11103.77669  
