10374.38923  
10359.83881  
10526.84399  
10417.17117  
10353.80965  
10382.18973  
10420.5115  
10400.83042  
10369.23342  
10457.33052  
10420.55477  
10382.6524  
10376.17476  
10425.54679  
10432.61499  
10450.66783  
10379.65655  
10334.0437  
10320.10641  
10435.51858  
10447.72668  
10414.01663  
10370.72122  
10370.35696  
10352.99997  
10459.0456  
10444.62599  
10384.63364  
10419.57141  
10388.85539  
10415.52205  
10443.83858  
10439.52944  
10371.20101  
10433.06674  
10442.01511  
10389.62316  
10390.38108  
10424.57474  
10394.29666  
10363.1338  
10377.58684  
10422.16052  
10364.53631  
10353.70519  
10453.02498  
10516.36529  
10406.07048  
10349.22952  
10339.84646  
10417.15543  
10353.46928  
10318.67295  
10372.35545  
10385.92245  
10398.74721  
10390.73801  
10357.93698  
10406.38581  
10379.2883  
10430.13775  
10409.23969  
10433.90515  
10486.9176  
10441.68209  
10405.31987  
10428.04112  
10430.62437  
10373.18663  
10357.55492  
10398.23134  
10410.40061  
10395.73066  
10407.17191  
10486.63248  
10488.50331  
10481.61799  
10382.00073  
10375.86354  
10367.12344  
10391.33106  
10477.09099  
10343.52387  
10325.82611  
10429.9792  
10344.88233  
10328.60628  
10385.64574  
10418.16353  
10404.4786  
10405.64739  
10434.06805  
10398.53278  
10441.9939  
10454.37603  
10476.41468  
10328.70923  
10346.7392  
10323.55689  
10319.27753  
10424.24241  
10446.03009  
10382.88207  
10376.44307  
10485.21913  
10420.56304  
10367.63131  
10308.79276  
10398.98327  
10417.89147  
10402.85717  
10381.14931  
10359.09447  
10375.32548  
10420.93299  
10420.93982  
10426.80949  
10516.60911  
10597.70473  
10369.07386  
10388.71791  
10357.69408  
10337.78361  
10433.44998  
10420.36241  
10364.15235  
10438.59466  
10422.32045  
10414.5492  
10431.57118  
10432.83571  
10533.85807  
10408.34279  
10471.36292  
10391.80874  
10275.68746  
10312.9773  
10350.98481  
10460.72328  
10444.90941  
10385.8694  
10367.40955  
10404.59542  
10406.22737  
10439.0254  
10436.33612  
10368.97248  
10327.97808  
10388.76667  
10469.23023  
10408.35574  
10390.65675  
10363.53086  
10356.18928  
10430.69132  
10428.89142  
10381.57271  
10385.72384  
10455.33882  
10428.77138  
