11227.84733  
11203.39293  
11236.80296  
11174.81303  
11198.8046  
11250.08719  
11165.18289  
11178.84215  
11234.78539  
11215.31395  
11222.47  
11209.39327  
11260.33642  
11267.38327  
11260.61222  
11177.48618  
11213.18357  
11286.81532  
11240.67992  
11170.67999  
11183.97511  
11156.98003  
11185.87596  
11249.12466  
11232.22395  
11172.51857  
11230.38022  
11201.65058  
11213.3509  
11301.82329  
11210.6833  
11211.47327  
11214.25041  
11200.13838  
11202.25239  
11190.42565  
11201.34413  
11234.38685  
11178.93999  
11244.56819  
11251.8049  
11188.77993  
11141.78143  
11128.82447  
11157.15757  
11256.9283  
11279.01845  
11202.92258  
11250.86826  
11193.49881  
11167.94466  
11179.44668  
11185.91984  
11192.22915  
11187.65288  
11184.00996  
11161.28136  
11185.00265  
11217.54335  
11319.22929  
11248.06651  
11244.33427  
11262.28964  
11253.81719  
11254.67586  
11268.71373  
11289.18807  
11216.62553  
11166.47411  
11258.91135  
11175.2061  
11138.12523  
11208.92196  
11237.5912  
11235.09178  
11179.38157  
11181.96616  
11195.36892  
11184.91847  
11272.18436  
11236.94319  
11234.59898  
11170.66132  
11227.38715  
11161.99932  
11193.62186  
11228.74362  
11184.69787  
11163.11877  
11256.44689  
11220.23222  
11195.77467  
11356.02657  
11250.86012  
11325.95975  
11189.9288  
11129.0685  
11115.5209  
11280.78285  
11256.72929  
11189.14453  
11177.40494  
11198.0607  
11275.11188  
11267.05184  
11181.19437  
11209.15108  
11218.93075  
11192.38123  
11186.82658  
11177.39914  
11223.54388  
11225.43484  
11260.7323  
11237.09381  
11185.01714  
11250.00409  
11320.39255  
11382.34813  
11273.24749  
11242.45672  
11304.95067  
11250.97586  
11286.90784  
11218.38668  
11224.11018  
11259.15091  
11197.52147  
11195.76217  
11176.14818  
11243.49169  
11125.21144  
11104.4832  
11178.33271  
11059.14588  
11057.84227  
11134.6933  
11189.35748  
11213.14302  
11160.61352  
11232.15306  
11222.95474  
11246.41747  
11253.58218  
11264.67607  
11205.76366  
11168.30137  
11221.97204  
11261.06672  
11214.2235  
11172.91332  
11234.17047  
11250.95947  
11210.10054  
11256.01014  
11238.46792  
11203.674  
11244.88121  
11246.5167  
11227.27577  
