10267.78657  
10223.11509  
10264.67969  
10320.88694  
10263.74336  
10304.48194  
10287.08062  
10204.75612  
10238.53223  
10236.016  
10358.52816  
10248.99302  
10265.31942  
10318.14495  
10362.86956  
10299.73589  
10272.11607  
10283.00253  
10248.14812  
10201.40936  
10327.44238  
10306.95476  
10231.92971  
10260.64581  
10250.78821  
10264.07727  
10357.14802  
10298.15328  
10262.76979  
10347.6257  
10361.97286  
10258.12919  
10333.21935  
10305.13421  
10303.83386  
10206.79225  
10319.8238  
10256.80614  
10222.04526  
10272.46991  
10324.08717  
10298.08054  
10265.34827  
10180.86978  
10177.24428  
10233.51887  
10321.77531  
10267.66908  
10263.62917  
10298.00036  
10227.99755  
10207.86452  
10104.73164  
10210.43441  
10220.3173  
10263.26513  
10262.36733  
10318.8761  
10247.68638  
10385.95334  
10288.72489  
10369.00919  
10344.2896  
10415.68365  
10349.698  
10270.09871  
10315.57589  
10304.91725  
10252.11025  
10238.08769  
10246.80837  
10307.78225  
10368.53406  
10323.56485  
10271.90495  
10261.92602  
10269.0679  
10331.65511  
10251.20119  
10275.57239  
10240.50096  
10311.72917  
10223.79438  
10184.45691  
10213.54839  
10276.32906  
10237.45637  
10232.5343  
10319.59809  
10384.77154  
10318.55696  
10289.76674  
10335.59283  
10310.9083  
10361.96498  
10318.96231  
10258.77378  
10182.48057  
10244.78663  
10212.63134  
10264.96594  
10249.16456  
10292.4445  
10285.13088  
10298.78163  
10303.74344  
10209.65242  
10162.18608  
10280.13662  
10290.14836  
10290.23653  
10327.24081  
10209.44332  
10254.63957  
10239.56314  
10208.0456  
10327.61844  
10293.03296  
10405.76058  
10335.78185  
10434.87827  
10367.4095  
10263.40051  
10346.12978  
10301.85676  
10269.71672  
10372.31647  
10295.19583  
10350.75203  
10326.53996  
10295.45022  
10306.27408  
10122.50187  
10233.84214  
10104.00403  
10055.04482  
10170.40998  
10267.27485  
10265.49336  
10220.81981  
10264.09865  
10187.80196  
10265.70026  
10256.64349  
10271.00486  
10320.99129  
10281.06533  
10226.82332  
10258.52433  
10267.87187  
10238.60411  
10285.57936  
10257.63277  
10221.7839  
10255.21038  
10327.50819  
10373.2207  
10373.93822  
10396.24902  
10325.23031  
