10794.86508  
10691.19409  
10756.84874  
10672.70799  
10741.22268  
10789.17285  
10678.05899  
10686.8366  
10826.4832  
10725.07042  
10771.05094  
10684.02628  
10806.80597  
10868.27184  
10869.3242  
10718.18413  
10776.36033  
10870.42776  
10819.02659  
10718.804  
10738.78245  
10688.51516  
10700.86867  
10859.0158  
10745.18541  
10682.45241  
10777.89628  
10748.28087  
10712.4049  
10852.34595  
10781.91708  
10722.01924  
10761.59635  
10726.07961  
10723.06947  
10683.43339  
10743.81112  
10761.91939  
10667.27177  
10758.49645  
10862.82309  
10757.45346  
10699.90177  
10685.63073  
10743.34166  
10704.24647  
10733.3232  
10708.96183  
10789.59433  
10703.68717  
10686.41522  
10709.84359  
10667.72678  
10700.43748  
10726.05231  
10695.54943  
10728.26068  
10830.08292  
10743.78072  
10905.63008  
10830.17074  
10780.1887  
10861.18275  
10849.62338  
10842.72674  
10803.09355  
10890.22317  
10775.1274  
10690.02981  
10785.70785  
10682.58638  
10655.66211  
10742.62305  
10807.7789  
10799.79355  
10684.67343  
10699.15527  
10758.80578  
10716.78598  
10833.49567  
10776.83647  
10788.84897  
10684.64351  
10789.11927  
10696.47916  
10679.53127  
10794.18262  
10720.4826  
10671.01753  
10841.0338  
10752.83696  
10734.06195  
10981.15545  
10862.80396  
10839.39089  
10738.09981  
10612.33134  
10608.09968  
10815.68552  
10822.97863  
10705.2441  
10697.43532  
10734.71649  
10847.68466  
10803.93164  
10725.3303  
10726.7787  
10784.82757  
10754.91027  
10725.47785  
10677.85332  
10759.61861  
10773.67847  
10845.54248  
10792.55409  
10695.15501  
10792.46888  
10760.58059  
10949.28922  
10838.39393  
10846.39218  
10834.72135  
10765.48309  
10846.32067  
10747.70421  
10708.66728  
10820.57511  
10715.51429  
10719.52317  
10710.27592  
10763.19897  
10653.84597  
10585.40561  
10745.07036  
10521.75424  
10440.03125  
10540.9563  
10633.37784  
10705.8  
10730.17223  
10799.9428  
10766.88661  
10798.58208  
10837.5075  
10888.25178  
10777.5552  
10731.74738  
10765.6719  
10817.90201  
10706.29876  
10709.10352  
10763.11648  
10810.53593  
10821.25033  
10831.95994  
10778.95881  
10789.6442  
10769.37462  
10788.57131  
10712.21118  
