11136.39102  
11081.69725  
11130.55093  
11101.72596  
11104.30467  
11131.51972  
11098.5207  
11093.30028  
11102.00957  
11079.74977  
11166.78005  
11132.3512  
11124.88976  
11130.93191  
11147.77175  
11104.82346  
11115.55896  
11139.51339  
11109.52019  
11052.27654  
11102.07174  
11099.71423  
11089.28197  
11125.00443  
11101.85468  
11088.07294  
11170.9453  
11141.63719  
11115.91433  
11221.24273  
11136.10212  
11099.00527  
11136.22583  
11125.05393  
11115.06625  
11059.19762  
11125.57801  
11099.05086  
11049.62283  
11129.54574  
11141.6231  
11129.88465  
11047.3673  
11035.5643  
11020.62515  
11142.41302  
11195.44956  
11107.42148  
11154.10089  
11130.87173  
11049.87781  
11063.11422  
11032.13457  
11056.29349  
11051.68813  
11081.48024  
11076.33901  
11130.3192  
11127.52231  
11234.53428  
11145.29568  
11125.43703  
11143.96724  
11168.78757  
11186.90431  
11162.28059  
11159.93195  
11110.72841  
11097.84626  
11123.78089  
11060.33543  
11085.66113  
11162.59583  
11154.63868  
11108.02908  
11073.43751  
11070.9215  
11132.11802  
11108.65454  
11131.01421  
11115.17882  
11128.10529  
11106.64337  
11080.76018  
11058.90953  
11114.07675  
11100.49938  
11071.2529  
11074.28616  
11160.45383  
11143.42226  
11123.34828  
11190.58425  
11127.72501  
11205.03395  
11115.77047  
11076.42085  
11038.64622  
11141.10045  
11095.10208  
11077.7189  
11108.55172  
11144.19534  
11134.82536  
11156.73653  
11121.22043  
11107.99508  
11070.39823  
11089.94189  
11075.46013  
11091.82002  
11173.4006  
11124.1865  
11121.46325  
11106.74034  
11061.94201  
11177.50893  
11211.25251  
11226.92689  
11159.79745  
11146.5989  
11175.56572  
11144.25256  
11185.42996  
11137.3832  
11137.43881  
11144.3634  
11099.18171  
11100.59016  
11084.43078  
11137.07884  
11090.89007  
11024.29337  
11088.64608  
10979.47664  
10988.2037  
11062.20748  
11124.31067  
11146.30046  
11075.69555  
11096.2394  
11079.13627  
11124.4836  
11118.71662  
11125.88029  
11100.53928  
11115.99281  
11103.22006  
11109.50911  
11094.13326  
11072.92013  
11127.72692  
11133.00757  
11105.14082  
11113.59028  
11155.74135  
11126.57659  
11166.31292  
11170.24043  
11148.33303  
