10711.74285  
10661.00276  
10722.02605  
10631.54689  
10704.9977  
10624.05547  
10644.51012  
10635.16347  
10812.29878  
10640.27666  
10659.37458  
10711.37157  
10752.8281  
10749.5424  
10682.91507  
10629.55948  
10624.01298  
10726.60579  
10791.86853  
10657.79148  
10679.24799  
10673.93395  
10691.28117  
10758.41362  
10790.26903  
10704.19817  
10684.07198  
10655.65421  
10630.73746  
10728.39682  
10650.44522  
10633.81504  
10643.41366  
10640.37721  
10631.84205  
10609.91879  
10629.33483  
10601.10753  
10607.15014  
10679.6908  
10763.46079  
10664.06228  
10643.82872  
10597.21222  
10636.93912  
10810.8989  
10737.8302  
10731.58765  
10788.13963  
10603.84409  
10590.42219  
10619.44191  
10706.28396  
10658.26549  
10620.38933  
10610.46995  
10642.08722  
10646.39365  
10682.2257  
10842.97254  
10696.42882  
10693.10014  
10787.67667  
10693.66465  
10695.91173  
10750.81652  
10680.9066  
10605.78657  
10627.88873  
10747.72825  
10578.16202  
10636.94159  
10741.44359  
10757.12236  
10661.91298  
10626.1789  
10640.50742  
10649.60516  
10690.26655  
10799.48457  
10814.15666  
10661.88725  
10647.76563  
10759.15378  
10609.25743  
10621.71959  
10782.59611  
10619.46747  
10613.27972  
10690.79805  
10712.24927  
10665.78985  
10836.53043  
10738.37687  
10647.68837  
10667.95563  
10677.27003  
10581.33544  
10689.68153  
10773.05113  
10619.68006  
10689.73283  
10691.26092  
10800.4234  
10694.84123  
10614.09183  
10611.18352  
10710.69664  
10623.93245  
10605.70391  
10624.37813  
10702.02992  
10671.90368  
10738.34293  
10650.25876  
10616.89832  
10670.0851  
10814.90074  
10697.26487  
10722.50007  
10766.99949  
10842.52782  
10811.63965  
10638.35909  
10668.38607  
10685.88924  
10683.43197  
10643.44981  
10608.02078  
10633.05131  
10741.23559  
10777.07604  
10790.08501  
10689.58912  
10564.91578  
10479.61983  
10545.34529  
10767.90933  
10822.9368  
10685.33602  
10727.15857  
10764.11512  
10669.65475  
10798.88219  
10815.5484  
10678.72125  
10667.80299  
10757.7475  
10655.05046  
10663.76722  
10660.55003  
10695.36943  
10781.91865  
10747.86059  
10617.34153  
10599.09358  
10615.1461  
10664.32607  
10656.31304  
10631.72805  
