10899.70086  
10804.2899  
10843.56621  
10901.58235  
10897.60016  
10888.85011  
10955.43515  
10938.55372  
10914.40453  
10854.73326  
10981.08827  
11036.13613  
10870.24413  
10860.84265  
10976.28047  
10927.4526  
10837.50506  
10873.78476  
10965.75467  
10878.78185  
10851.38466  
10827.41981  
10838.97982  
10808.99962  
10843.56997  
10892.83524  
10931.08374  
10877.06054  
11042.66325  
11000.43324  
10886.34976  
10921.66804  
10913.7328  
10920.58366  
10907.79294  
10938.00123  
10898.37275  
10987.08537  
10869.65391  
10823.00932  
10842.98254  
10857.89226  
10803.3087  
10846.00658  
10910.67098  
10980.90872  
10924.77261  
10910.27714  
10903.13908  
10897.73875  
10912.59123  
10795.12536  
10796.22879  
10965.51304  
10922.38642  
10858.27745  
10828.29554  
10928.03927  
10952.5932  
10853.82202  
10821.66565  
10962.9219  
10894.00337  
10873.30692  
10880.57461  
10812.07416  
10889.75435  
10941.03867  
10941.85557  
10848.96642  
10842.176  
10933.35894  
10854.8415  
10824.11403  
10845.83498  
10898.79578  
10862.47944  
10841.4975  
10917.29931  
10952.72523  
10875.87839  
10933.90366  
10941.10465  
11019.22005  
10878.41456  
10897.9282  
10853.77186  
10993.24843  
11030.3848  
10904.95803  
10919.62154  
10936.47861  
10979.08482  
11009.77934  
10938.61012  
10909.42624  
10889.88609  
10959.35799  
10908.7477  
10896.97788  
10896.65674  
10922.40005  
10931.35114  
10840.26377  
10848.62919  
10843.64029  
10947.33065  
10902.81134  
10905.17114  
10918.49431  
10954.95202  
10862.62497  
10853.51597  
10907.84097  
10916.21813  
10875.50755  
10895.31394  
10886.75461  
10889.79363  
10873.03863  
10841.35874  
10826.25188  
10816.80359  
10928.70716  
10937.76083  
10951.60866  
10941.82671  
10846.63662  
10829.25495  
10907.4816  
10821.76046  
10854.83985  
10889.29294  
10815.84829  
10906.67025  
10954.69764  
10862.63135  
10824.82599  
10866.37194  
10946.14646  
10844.98361  
11133.93497  
11072.63428  
10876.39005  
10886.55921  
10878.11079  
10833.06298  
10954.39659  
10788.62869  
10877.33022  
10911.86306  
10868.70403  
10917.88762  
10987.53631  
10848.39449  
10884.87306  
10986.71956  
10931.07524  
10870.78445  
10838.22225  
