11214.61054  
11102.30495  
11159.35093  
11161.17224  
11164.46449  
11177.78583  
11305.0387  
11196.59439  
11184.2452  
11125.63044  
11259.62707  
11272.33023  
11127.2074  
11172.65709  
11330.45032  
11246.63012  
11158.44732  
11177.53502  
11216.20345  
11146.33151  
11126.89665  
11129.6148  
11166.73321  
11132.55801  
11154.97432  
11122.08079  
11175.59152  
11153.50035  
11285.99423  
11245.54462  
11192.73476  
11213.6756  
11215.93807  
11235.23454  
11206.3631  
11182.70732  
11176.64881  
11221.12212  
11124.94676  
11134.99164  
11161.34735  
11111.83632  
11112.16314  
11161.86631  
11226.48098  
11287.66656  
11196.98278  
11153.65269  
11173.49209  
11193.25765  
11225.86871  
11091.41677  
11093.43045  
11202.09437  
11216.09959  
11131.61785  
11106.38732  
11206.99189  
11233.2849  
11136.59284  
11072.09103  
11223.81662  
11185.79291  
11161.84637  
11120.6388  
11077.84737  
11213.57964  
11229.60683  
11264.7441  
11177.98794  
11176.96663  
11261.58254  
11190.67208  
11154.53504  
11137.99009  
11181.49637  
11199.75067  
11156.53807  
11231.515  
11257.2203  
11190.63674  
11182.0001  
11172.09403  
11248.44269  
11149.85063  
11200.73987  
11164.32838  
11263.56215  
11250.83071  
11152.32612  
11178.47691  
11258.53664  
11302.63519  
11267.66447  
11209.89233  
11203.32193  
11205.19389  
11198.25389  
11168.45484  
11188.09082  
11213.63698  
11271.44466  
11248.77167  
11176.88212  
11179.52449  
11164.63776  
11258.33089  
11147.00773  
11169.14109  
11227.6426  
11290.35723  
11116.54324  
11140.41552  
11240.57342  
11186.3546  
11193.21085  
11217.61989  
11186.71072  
11197.01432  
11192.19304  
11151.03358  
11077.4754  
11092.40627  
11236.08802  
11221.5705  
11272.59022  
11294.11298  
11151.13704  
11168.5971  
11261.97211  
11153.70592  
11196.13637  
11234.65105  
11100.939  
11228.49374  
11244.91364  
11110.47044  
11190.23598  
11222.75964  
11296.94729  
11160.1051  
11411.77781  
11301.37788  
11152.0549  
11179.47118  
11102.29743  
11106.29163  
11185.44781  
11088.05895  
11114.37697  
11185.50708  
11137.90366  
11199.41016  
11252.10217  
11127.57443  
11158.87163  
11310.22903  
11220.13199  
11170.50832  
11142.90528  
