11056.59253  
11035.89129  
11018.78308  
11115.57128  
11109.60796  
11138.4374  
11120.05669  
11078.19204  
11120.96487  
11192.44297  
11153.88862  
11108.83136  
11070.49006  
11093.77383  
11086.24524  
11082.87465  
11118.63554  
11103.10455  
11085.16957  
11054.30584  
11048.40184  
11047.84358  
11046.96456  
11088.20169  
11059.91203  
11153.42918  
11126.8783  
11123.92686  
11105.39865  
11093.29921  
11061.2592  
11063.55069  
11084.38491  
11094.86879  
11091.02802  
11110.45611  
11144.27016  
11109.23429  
11077.9381  
11112.4733  
11122.15569  
11082.27822  
11060.37448  
11062.94155  
11098.78274  
11055.20459  
11053.96892  
11109.59845  
11139.52402  
11123.50826  
11095.29973  
11098.3999  
11139.24081  
11160.14787  
11124.74731  
11099.30343  
11097.69396  
11123.93698  
11126.54274  
11169.14455  
10986.17471  
10998.39182  
11027.02579  
11050.3598  
11066.31289  
11006.68509  
11031.9448  
11045.68114  
11057.84059  
11058.22401  
11085.47467  
11087.3359  
11078.86537  
11054.81843  
11037.56022  
11016.14944  
11044.23937  
11097.49495  
11137.41255  
11117.34094  
11118.33595  
11186.06279  
11193.83882  
11052.52383  
11010.92136  
11121.49729  
11151.10666  
11163.05503  
11107.43511  
11096.53754  
11124.5713  
11109.80137  
11128.88652  
11112.64525  
11131.88322  
11121.97274  
11083.42612  
11121.31383  
11110.52823  
11106.22359  
11128.17556  
11104.16316  
11114.22041  
11086.24498  
11091.36902  
11084.66681  
11121.6293  
11101.66828  
11134.30766  
11148.53168  
11121.41051  
11084.58203  
11081.83172  
11082.22485  
11078.76391  
11106.86597  
11122.07348  
11090.21047  
11133.04447  
11107.68482  
11093.72158  
11137.70746  
11038.14905  
11067.68179  
11102.83343  
11131.49897  
11097.53011  
11140.99409  
11100.47179  
11035.0952  
11078.26953  
11110.65226  
11111.34329  
11008.26928  
11044.11579  
11100.8791  
11133.2195  
11100.98237  
11100.42692  
11140.66806  
11112.27488  
11124.55588  
11064.26267  
11148.09422  
10965.05915  
11035.60124  
11049.3008  
11033.81994  
10987.5966  
11045.17784  
11106.11577  
11111.01827  
11113.59205  
11079.24928  
11164.89795  
11162.10415  
11102.5305  
11081.28808  
11151.78252  
11155.76738  
