10347.94896  
10237.82885  
10292.75615  
10349.63545  
10359.56416  
10333.12218  
10382.51322  
10417.23421  
10407.0514  
10305.20318  
10450.90157  
10514.50934  
10353.76638  
10309.75731  
10407.98964  
10373.05871  
10262.59159  
10301.19787  
10398.09588  
10341.52587  
10290.66184  
10264.23721  
10246.72548  
10231.34078  
10269.37919  
10345.65202  
10422.62772  
10337.97016  
10502.04071  
10473.38591  
10309.14286  
10348.67817  
10341.64275  
10366.45873  
10379.95112  
10440.35021  
10385.83787  
10466.64884  
10324.37228  
10259.99647  
10295.82042  
10324.8189  
10217.18716  
10273.89418  
10352.44636  
10446.39236  
10404.37882  
10392.1193  
10374.83477  
10360.83954  
10345.49286  
10240.56223  
10249.58704  
10472.95221  
10396.99532  
10336.54414  
10301.04034  
10379.71587  
10412.37515  
10329.29245  
10303.96562  
10402.12216  
10354.27193  
10336.15625  
10350.60769  
10262.19762  
10329.90275  
10380.04882  
10389.33032  
10287.28401  
10273.30649  
10360.55423  
10278.19238  
10250.28463  
10256.05498  
10336.29521  
10266.5726  
10268.16339  
10324.09155  
10369.09362  
10309.02678  
10405.87181  
10431.2423  
10516.55105  
10328.67196  
10333.50703  
10281.65428  
10448.89966  
10512.5032  
10401.32933  
10408.17376  
10382.61399  
10427.97393  
10489.86406  
10406.71441  
10349.46617  
10305.80273  
10395.28111  
10391.77319  
10359.98922  
10332.35808  
10324.49534  
10356.35952  
10260.32428  
10281.57461  
10280.42126  
10365.24652  
10376.24104  
10396.26202  
10365.95027  
10399.98973  
10320.45509  
10306.70345  
10350.25178  
10388.07743  
10323.09944  
10320.49462  
10321.92258  
10334.11013  
10301.33569  
10286.65328  
10304.60815  
10297.44018  
10352.33673  
10397.95031  
10413.92276  
10380.02249  
10288.54708  
10252.39592  
10287.30044  
10243.91932  
10276.87374  
10281.24464  
10236.56812  
10333.54604  
10416.4497  
10310.95093  
10221.13295  
10282.5952  
10360.27824  
10268.60765  
10586.15754  
10542.86354  
10317.49807  
10316.69324  
10350.84206  
10287.13122  
10423.19264  
10214.89488  
10333.64863  
10371.1496  
10329.25836  
10379.62532  
10456.46235  
10316.67996  
10362.5424  
10457.65941  
10389.67159  
10340.80333  
10293.33202  
