11152.28396  
11043.48636  
11119.78171  
11168.84148  
11143.20738  
11172.72706  
11188.39002  
11241.98303  
11358.67375  
11203.87463  
11380.4771  
11477.0152  
11315.09506  
11146.27863  
11262.23095  
11113.48255  
11038.75951  
11232.90072  
11244.14949  
11219.67328  
11228.09113  
11170.47828  
11101.76935  
10962.00007  
11061.48826  
11236.37598  
11419.84662  
11386.2304  
11375.1786  
11284.76341  
11185.67379  
11284.4829  
11139.14752  
11137.9183  
11244.40677  
11415.89822  
11337.15415  
11348.49742  
11218.66578  
11165.49615  
11174.40498  
11170.12467  
11028.33743  
11100.03669  
11202.19375  
11223.10226  
11206.6252  
11310.51472  
11206.1924  
11141.01686  
11176.31806  
11010.40102  
11135.01096  
11373.07374  
11123.85232  
11111.35228  
11081.70594  
11249.81744  
11268.42897  
11190.61945  
11232.28532  
11306.39838  
11296.6109  
11284.84228  
11238.6917  
11119.60606  
11186.69813  
11289.97988  
11182.37209  
11131.12412  
11111.86842  
11184.66216  
11073.40936  
11092.83446  
11115.21728  
11114.42258  
11048.23071  
11142.46083  
11248.00488  
11240.20613  
11181.31567  
11387.5527  
11352.99624  
11419.02519  
11231.70502  
11322.07654  
11276.15841  
11389.43826  
11379.04312  
11375.87541  
11308.96427  
11214.21818  
11231.11964  
11327.86057  
11282.30996  
11130.46468  
11123.19809  
11290.6376  
11329.51194  
11252.40105  
11146.09506  
11086.64623  
11161.55461  
11038.87443  
11079.08196  
11086.98382  
11240.29947  
11290.68015  
11343.6798  
11213.27889  
11188.65675  
11077.01828  
11102.41878  
11141.91502  
11134.14882  
11102.08813  
11142.25096  
11105.42215  
11163.36236  
11147.57249  
11126.13255  
11295.04061  
11250.02817  
11307.8905  
11276.72363  
11356.90524  
11227.96943  
11116.40848  
11135.81022  
11119.70445  
11059.61306  
11146.58188  
11132.59637  
11026.0023  
11243.64433  
11385.68  
11273.23406  
11158.85853  
11110.73163  
11166.74598  
11178.87611  
11391.4406  
11359.89897  
11053.79382  
11014.07693  
11087.92919  
11190.82835  
11267.46138  
11051.30544  
11153.41843  
11201.43404  
11248.07389  
11300.75387  
11290.33977  
11234.69353  
11262.57564  
11231.09358  
11261.69266  
11283.50949  
11203.8956  
