10854.1573  
10750.83695  
10767.43763  
10823.36555  
10815.13035  
10741.61617  
10913.67619  
10937.12144  
10772.92343  
10712.56844  
10793.8203  
10886.572  
10706.76152  
10854.13931  
10883.71422  
10844.58722  
10754.51333  
10696.54391  
10762.5653  
10725.73131  
10688.08246  
10726.87404  
10755.86187  
10855.62889  
10835.74351  
10798.04622  
10784.85434  
10765.90215  
10837.3048  
10834.82462  
10733.03505  
10769.82509  
10798.69798  
10955.4411  
10871.25135  
10758.5929  
10714.10899  
10790.78036  
10711.56654  
10728.60067  
10784.80884  
10818.63266  
10784.33652  
10822.97744  
10814.39559  
10938.94213  
10841.63124  
10798.2252  
10846.26126  
10844.40974  
10925.25151  
10797.29777  
10698.59594  
10814.53639  
10976.28886  
10942.27408  
10785.47312  
10780.01989  
10827.24543  
10814.44067  
10694.92276  
10744.54428  
10759.7958  
10762.79081  
10774.81707  
10676.20988  
10719.42608  
10752.3057  
10761.41411  
10728.58028  
10747.23239  
10818.72267  
10822.02599  
10734.16845  
10756.27791  
10797.21995  
10699.57033  
10700.77596  
10757.83326  
10772.33966  
10765.32543  
10790.33301  
10906.49586  
10852.0261  
10710.75708  
10736.81234  
10774.49503  
10793.05975  
10802.72389  
10738.16591  
10763.48537  
10803.38992  
10954.77953  
10933.73391  
10800.01977  
10869.27154  
10716.4393  
10721.61771  
10798.13207  
10790.79495  
10800.83557  
10905.5061  
10973.83312  
10792.32065  
10735.81126  
10703.35403  
10728.60381  
10750.42234  
10764.20546  
10809.48539  
10934.16642  
10868.02753  
10857.54592  
10859.863  
10957.58488  
10861.98464  
10877.03812  
10882.07668  
10846.20121  
10784.31907  
10713.44268  
10684.79165  
10732.52554  
10761.94522  
10864.78036  
10853.49235  
10916.89851  
10733.80722  
10747.34419  
10728.84033  
10790.41197  
10800.32924  
10862.25106  
10747.52381  
10759.55933  
10760.29757  
10753.18141  
10690.52167  
10688.95193  
10830.15763  
10702.08398  
11025.15814  
10960.99948  
10862.71566  
10749.12129  
10746.06775  
10738.80117  
10754.29076  
10665.27223  
10782.99087  
10966.883  
10808.2442  
10806.71291  
10853.72968  
10766.31467  
10774.3965  
10856.79189  
10827.78111  
10808.98481  
10749.5973  
