10985.23224  
10962.95495  
10929.24198  
11039.23201  
11123.55416  
11117.79814  
11026.46609  
10952.11475  
10921.10993  
10966.98625  
10970.22512  
10982.64084  
10930.93734  
10994.79318  
11130.90147  
11064.54061  
10916.36685  
10892.74001  
10930.26255  
10924.22804  
10899.54238  
10900.56169  
10970.62135  
11031.93013  
10961.65682  
11056.62579  
11018.92277  
11021.31188  
11021.86647  
10964.90785  
10920.33697  
10976.60321  
11143.39698  
11157.26877  
11026.94365  
10969.69091  
10952.96062  
10970.80089  
10903.12298  
10943.05833  
11088.40136  
11063.17576  
11018.52803  
11044.56064  
11039.01614  
11053.0633  
10973.2404  
10945.6542  
10984.33617  
11023.71508  
11074.6084  
10959.18149  
10896.62799  
10994.07573  
10990.18356  
10984.85871  
11019.23451  
11008.24198  
10994.12369  
11018.12691  
10940.95174  
10950.70178  
10995.23538  
11036.30858  
11043.01334  
10926.52415  
10944.15589  
11070.79024  
11042.64128  
10954.08297  
11040.04224  
11071.16195  
11030.11949  
10982.93785  
10998.94887  
11060.85678  
10991.29348  
11006.81322  
11039.97497  
11056.66624  
10995.26632  
10917.68503  
11077.44687  
11042.85648  
10953.85613  
10926.00734  
10974.30817  
10985.34257  
10958.7809  
10912.5835  
10948.74827  
11000.68221  
11085.6794  
11023.27596  
11018.68022  
11022.82681  
10933.60557  
10851.01587  
10877.92641  
10905.05705  
10945.66903  
10988.96284  
10965.88516  
10889.57189  
10964.60424  
10999.73563  
10951.56613  
10878.62708  
10928.8952  
11042.96541  
11021.16783  
10923.42999  
10990.45888  
11069.59731  
11042.73582  
11066.2259  
11060.65228  
11028.62006  
11102.62066  
11035.14958  
10943.87171  
10906.11127  
10917.13576  
11020.47536  
11031.86852  
11003.59056  
10978.94  
11004.71012  
10982.27392  
10943.93756  
10956.26134  
11022.88373  
11003.68058  
10847.14048  
10876.36703  
10910.54918  
10863.46043  
10949.22755  
11037.02358  
10966.31331  
10901.44688  
11169.99439  
11111.5323  
11098.43988  
11083.66912  
11092.56475  
10978.48114  
10901.89382  
10956.93542  
11029.16147  
11010.92677  
10959.61215  
11000.01597  
11054.68647  
10990.94361  
11045.66837  
11072.68253  
10928.0467  
10897.54076  
10890.5319  
