11110.22555  
11099.41607  
11051.59338  
11102.03493  
11145.80682  
11143.3314  
11078.86556  
11097.0528  
11145.2876  
11085.65086  
11107.95264  
11127.53362  
11057.60304  
11075.71095  
11127.82539  
11076.96673  
11082.55748  
11089.46941  
11113.81144  
11090.76101  
11045.92522  
11077.88353  
11027.25552  
11070.5491  
11092.23469  
11050.25887  
11052.9447  
11133.41196  
11114.32336  
11100.59834  
11136.82087  
11105.72074  
11066.29746  
11104.06529  
11095.29065  
11091.20699  
11170.78745  
11098.06875  
11096.70683  
11093.73774  
11151.93966  
11210.15565  
11093.80028  
11124.74509  
11098.15076  
11065.49095  
11060.01065  
11106.40698  
11098.52035  
11077.50669  
11108.70151  
11140.31526  
11068.62192  
11075.63567  
11109.47266  
11138.63977  
11104.20246  
11084.66027  
11048.64593  
11053.11497  
11104.01816  
11115.69016  
11060.39226  
11115.53418  
11050.13568  
11082.14415  
11068.74207  
11057.11511  
11034.69292  
11091.52955  
11126.79921  
11058.7304  
11090.5192  
11074.11754  
11106.48996  
11131.07027  
11127.00203  
11090.55837  
11163.0005  
11066.26245  
11064.6276  
11107.05323  
11073.53387  
11111.05376  
11163.4724  
11240.56252  
11127.76658  
11074.54722  
11104.92671  
11045.97679  
11128.54413  
11074.4953  
11079.63178  
11095.68574  
11091.20618  
11058.06665  
11122.01264  
11076.06981  
11060.14334  
11117.18624  
11108.84072  
11114.32127  
11115.68387  
11069.40159  
11066.12645  
11131.55584  
11101.23489  
11065.55323  
11089.38657  
11087.14217  
11188.27285  
11146.19376  
11161.17695  
11117.80572  
11057.47433  
11150.19775  
11087.71699  
11076.38634  
11095.59636  
11106.65261  
11092.35105  
11127.84486  
11079.61961  
11067.23904  
11070.75615  
11086.84413  
11107.91441  
11079.77313  
11036.92259  
11081.48808  
11088.08969  
11077.8405  
11137.61179  
11061.40505  
11057.78014  
11081.39163  
11119.85302  
11033.0112  
11095.38717  
11147.41311  
11082.06486  
11072.67982  
11144.93085  
11053.59922  
11058.36087  
11084.81975  
11099.58404  
11087.15399  
11095.47586  
11123.11772  
11177.0036  
11086.83849  
11052.95018  
11123.06985  
11060.12179  
11112.63581  
11121.39697  
11094.88712  
11122.23816  
11112.94707  
