10648.22184  
10634.38457  
10613.13652  
10630.19402  
10691.27463  
10677.98389  
10635.90049  
10653.9325  
10693.39094  
10592.04125  
10623.11631  
10628.93404  
10566.61451  
10666.78533  
10682.01193  
10591.48965  
10612.86367  
10623.62766  
10638.05439  
10631.92984  
10609.73451  
10629.90967  
10566.26039  
10628.06621  
10625.74691  
10597.67371  
10591.09158  
10675.21604  
10633.22445  
10694.23594  
10669.10668  
10632.73295  
10582.59391  
10587.47074  
10646.59277  
10680.95174  
10671.20762  
10619.25311  
10598.87504  
10641.79764  
10745.5165  
10744.14465  
10621.68861  
10657.35107  
10636.45604  
10611.37947  
10570.23525  
10636.21488  
10625.52877  
10594.29082  
10626.39428  
10679.49701  
10641.22379  
10609.9267  
10689.07463  
10684.09811  
10665.39783  
10608.66664  
10619.8034  
10653.2798  
10656.29383  
10661.96359  
10617.5184  
10657.98098  
10581.97176  
10611.9383  
10609.1702  
10602.54721  
10575.38934  
10608.57848  
10644.48809  
10600.32186  
10650.8033  
10604.85564  
10668.16268  
10705.05717  
10653.6425  
10638.43459  
10702.13154  
10615.16053  
10621.9508  
10631.45377  
10640.24783  
10695.0626  
10673.9541  
10662.67785  
10661.43699  
10611.79359  
10629.98539  
10563.25082  
10643.58104  
10580.85291  
10623.52303  
10606.24939  
10605.1749  
10590.60221  
10638.1674  
10628.66771  
10635.52789  
10706.56131  
10656.55688  
10663.685  
10651.1733  
10642.01781  
10623.82543  
10685.76797  
10642.25574  
10615.52619  
10666.11336  
10624.38809  
10670.70723  
10676.05658  
10700.21881  
10670.20822  
10585.96197  
10667.99365  
10630.35463  
10599.68096  
10604.06697  
10634.37672  
10635.47293  
10673.36646  
10582.22508  
10597.84035  
10581.73633  
10639.6193  
10627.01703  
10611.36396  
10605.33359  
10636.11375  
10659.00215  
10616.54902  
10640.11447  
10591.32607  
10599.80908  
10629.67518  
10664.75209  
10576.25033  
10616.42605  
10693.56447  
10617.10986  
10605.36846  
10649.80859  
10587.49395  
10628.80129  
10654.12426  
10628.9191  
10623.07996  
10663.22777  
10705.1275  
10690.86641  
10591.68986  
10578.24658  
10637.62521  
10611.66918  
10639.74893  
10661.79227  
10657.51549  
10665.36643  
10639.60273  
