11446.27227  
11395.02905  
11375.89577  
11394.73535  
11456.14956  
11420.72266  
11406.22377  
11413.69048  
11406.24128  
11432.37092  
11465.77869  
11453.71664  
11449.43232  
11339.3699  
11499.97148  
11487.83331  
11358.72388  
11417.35939  
11397.70446  
11486.5427  
11347.57623  
11409.62264  
11348.62317  
11440.2348  
11314.01701  
11287.12275  
11365.6498  
11392.32901  
11469.72255  
11421.23058  
11423.67461  
11491.30629  
11382.5992  
11415.48342  
11459.06403  
11359.75487  
11454.66033  
11476.77793  
11468.99885  
11459.641  
11489.63507  
11524.03276  
11510.243  
11418.9532  
11406.07255  
11376.84931  
11424.24602  
11398.11214  
11379.266  
11421.36676  
11376.70671  
11367.40874  
11354.22116  
11388.19398  
11382.47537  
11541.13072  
11557.65968  
11460.47433  
11426.05263  
11345.2332  
11442.79071  
11408.74368  
11405.03848  
11387.95542  
11410.84167  
11398.94604  
11369.02026  
11362.54098  
11343.8864  
11372.57228  
11361.66181  
11436.85756  
11409.44984  
11363.32125  
11383.19295  
11413.70385  
11496.46145  
11410.02994  
11374.98883  
11472.32306  
11356.12775  
11339.59492  
11412.36488  
11400.44814  
11460.05756  
11600.37637  
11505.24672  
11441.19141  
11489.66898  
11360.9293  
11369.58507  
11459.64995  
11395.47551  
11385.68129  
11393.25375  
11410.62232  
11395.67351  
11331.22404  
11325.11706  
11488.09066  
11492.88201  
11462.64597  
11438.55984  
11361.86857  
11432.93034  
11441.59482  
11392.30083  
11380.10142  
11365.82227  
11454.47189  
11417.31254  
11339.05504  
11566.58198  
11433.90751  
11438.15375  
11466.16316  
11373.35728  
11324.6959  
11439.11113  
11422.96344  
11438.42631  
11436.81289  
11427.27686  
11359.47692  
11459.95916  
11358.36602  
11458.9481  
11414.14281  
11408.03074  
11363.52076  
11412.23674  
11390.11751  
11468.84281  
11394.85254  
11448.31275  
11389.33949  
11377.3369  
11443.36362  
11302.51017  
11397.00893  
11453.97924  
11345.66641  
11385.12956  
11421.64411  
11279.36507  
11368.96451  
11439.391  
11371.11911  
11440.53026  
11407.00073  
11506.72267  
11474.35863  
11424.78734  
11447.0695  
11444.43503  
11417.32749  
11381.1935  
11399.38523  
11475.08684  
11470.28574  
