12196.21607  
12233.77738  
12222.01436  
12170.15106  
12105.20479  
12029.52931  
11978.80204  
12075.59399  
12182.43166  
12096.20351  
12098.88635  
12144.61656  
12104.00513  
12155.83485  
12223.38104  
12149.14072  
12218.4158  
12177.59662  
12214.10137  
12201.44555  
12157.7398  
12076.3634  
12095.96283  
12149.38131  
12120.14405  
12134.32832  
12159.85669  
12199.93643  
12268.61864  
12248.14687  
12233.97694  
12202.48518  
12192.06706  
12193.66696  
12223.60529  
12208.39005  
12195.30259  
12187.95125  
12197.02513  
12270.19087  
12283.09144  
12218.19077  
12101.34793  
12131.31044  
12150.40816  
12087.53796  
12188.55503  
12183.0698  
12191.21625  
12159.90928  
12141.86396  
12047.75144  
12072.39459  
12184.3858  
12245.62644  
12242.04967  
12146.6879  
12143.74859  
12057.92655  
12114.86325  
12173.18153  
12163.24985  
12182.29826  
12187.18138  
12183.1146  
12154.33875  
12062.54922  
12029.73307  
11964.25941  
11964.92971  
12026.65086  
12029.10438  
12023.9019  
11979.95785  
12125.27744  
12209.63501  
12170.611  
12107.61968  
12124.1422  
12145.46848  
12179.49338  
12185.27656  
12142.15742  
12114.43205  
12181.97991  
12431.13908  
12295.32131  
12179.39854  
12176.1259  
12060.36951  
12131.36225  
12152.29287  
12193.50109  
12159.04225  
12154.23603  
12106.30059  
12089.61878  
12143.77096  
12147.61229  
12133.564  
12137.28094  
12130.88699  
12158.65169  
12170.78884  
12212.66567  
12236.91933  
12175.60467  
12080.07583  
12122.57041  
12145.6577  
12482.2328  
12229.13782  
12133.6238  
12124.08974  
12091.76276  
12429.52929  
12111.97468  
12039.66585  
12083.3088  
12211.76792  
12235.25853  
12250.36914  
12126.78347  
12130.14875  
12109.36294  
12145.21742  
12132.15056  
12150.10141  
12122.48958  
12072.52124  
12131.92353  
12193.98407  
12193.71508  
12149.48825  
12092.45913  
12079.39244  
12174.65151  
12075.48215  
12122.39368  
12161.7782  
12086.10082  
12030.27584  
12054.78937  
12085.43961  
12120.48331  
12125.18092  
12095.34014  
12197.07791  
12228.60606  
12287.00353  
12275.00091  
12175.38582  
12125.90277  
12204.47908  
12164.90294  
12217.15122  
12134.56727  
12113.42473  
12152.03689  
12135.13432  
