11048.38381  
11109.07537  
11049.48401  
11071.71442  
11090.93342  
11029.11285  
11008.09959  
10964.1725  
11047.0704  
10997.06467  
10971.69418  
10995.6007  
10934.88967  
11109.7892  
11092.40807  
11031.16615  
11053.85424  
10996.23771  
11019.84287  
11050.08578  
10997.99655  
10999.51515  
11001.75801  
11073.95827  
11014.01096  
11068.19795  
11009.01126  
11086.6341  
11091.91889  
11126.8391  
11082.60005  
11058.12337  
11050.97912  
11065.5224  
10993.36303  
11044.54982  
11058.67564  
11085.11966  
11037.69561  
11145.68772  
11165.16391  
11120.89056  
10983.07977  
11079.73025  
11049.73059  
11008.66335  
11043.18727  
11039.63851  
11060.63473  
10983.59892  
10985.71036  
11030.87511  
11046.41313  
11034.5426  
11101.68766  
11084.9092  
11018.20827  
11019.22138  
10973.83507  
11018.15694  
10982.48346  
11020.73088  
11020.81426  
11019.98792  
10985.69669  
11021.20872  
11032.9229  
10982.96507  
10933.638  
11012.2501  
11073.55236  
11014.5033  
11012.46767  
10974.27959  
11110.99943  
11078.69406  
11038.23786  
11082.20786  
11092.94251  
10984.38602  
11040.26029  
11048.18789  
10969.21951  
11031.91368  
11048.24799  
11215.68334  
11086.61157  
11017.9883  
11090.43629  
10972.36747  
11038.30968  
10962.25488  
11056.1939  
11006.01251  
11028.33035  
11021.23904  
10991.18193  
11045.19006  
11000.29192  
11085.05491  
11073.90017  
11082.47185  
10996.86682  
11023.96436  
10998.53387  
11027.98911  
11023.34016  
10982.98729  
11044.14275  
10994.86818  
11283.88903  
11027.71471  
11040.32613  
11037.7702  
11005.07723  
11260.03294  
11018.14511  
10998.31807  
11012.18198  
11079.66517  
11037.13992  
11066.7491  
11011.24544  
11017.4825  
10959.15258  
11044.30702  
11045.28975  
11010.91919  
11021.29695  
10990.29641  
11019.41624  
11051.97516  
11060.07879  
11065.12231  
10988.47671  
10985.46816  
11068.9672  
11015.4116  
11040.59206  
11051.50704  
10998.98755  
11035.70584  
11067.50917  
11004.94236  
11003.36605  
11102.59174  
11031.91615  
11036.46593  
11068.7668  
11102.42999  
11104.25694  
11043.02555  
10977.24929  
11032.467  
10997.42832  
11086.82797  
11061.55372  
10989.74254  
11054.50218  
11006.96929  
