10196.41606  
10114.60164  
10150.91408  
10155.45367  
10135.83707  
10132.03674  
10119.20908  
10132.92463  
10195.53492  
10154.19001  
10141.60907  
10130.4952  
10135.13869  
10153.8347  
10207.24867  
10159.15531  
10079.89093  
10174.87306  
10167.67759  
10134.24512  
10053.70239  
10145.14754  
10114.00319  
10096.27637  
10089.95212  
10044.16917  
10094.06119  
10108.65559  
10125.37289  
10211.0541  
10218.43957  
10132.28359  
10090.5523  
10094.01114  
10191.53714  
10167.92204  
10162.69669  
10105.96505  
10163.32438  
10164.68503  
10173.40326  
10183.12066  
10230.85481  
10172.74739  
10148.4477  
10139.60403  
10099.71203  
10134.75552  
10127.54798  
10093.22635  
10129.74966  
10155.41538  
10104.53647  
10116.44349  
10150.67954  
10153.26117  
10152.77886  
10141.88774  
10144.26742  
10121.81814  
10206.0618  
10156.41627  
10105.35629  
10154.48452  
10084.71816  
10161.5033  
10106.16427  
10148.81799  
10122.56234  
10184.16107  
10168.83338  
10135.61853  
10191.23857  
10133.15929  
10137.26603  
10131.39421  
10209.09841  
10136.21907  
10152.59241  
10191.91594  
10111.02959  
10133.50191  
10131.79859  
10087.20492  
10190.93439  
10141.52203  
10125.26033  
10132.19922  
10122.69859  
10096.84457  
10141.61495  
10124.36896  
10106.26543  
10138.02637  
10134.34045  
10090.6373  
10150.66312  
10134.38092  
10111.93955  
10200.11959  
10186.40518  
10141.08158  
10190.4561  
10109.13614  
10117.52914  
10160.87713  
10103.1235  
10153.15324  
10176.05717  
10180.62097  
10167.74917  
10165.81575  
10242.5828  
10224.07761  
10131.56866  
10176.33643  
10146.80185  
10120.83118  
10064.86888  
10123.41377  
10131.82619  
10109.50824  
10107.74686  
10122.77853  
10128.21913  
10123.244  
10165.99702  
10131.90588  
10109.97808  
10149.62554  
10152.29668  
10155.34919  
10137.03439  
10121.36917  
10114.74488  
10125.46151  
10123.4484  
10105.68812  
10110.04577  
10111.76254  
10164.26052  
10104.97198  
10129.05584  
10099.42977  
10093.39706  
10151.92903  
10174.89746  
10121.87316  
10205.37553  
10188.04511  
10162.3682  
10117.74142  
10096.8758  
10115.90465  
10149.75171  
10164.06431  
10166.2148  
10150.36006  
10157.2065  
10178.69363  
