10785.8019  
10733.29813  
10667.73765  
10714.97761  
10721.02812  
10728.80738  
10731.34822  
10702.97094  
10754.45212  
10730.8439  
10729.94846  
10715.26192  
10719.23857  
10681.61418  
10759.15936  
10752.8848  
10678.1979  
10696.64955  
10715.26376  
10751.43261  
10661.88339  
10734.42812  
10686.50028  
10728.16104  
10700.49948  
10653.0132  
10667.41171  
10711.65186  
10752.17947  
10773.46488  
10748.3888  
10744.2363  
10651.671  
10699.73456  
10773.14519  
10700.91388  
10751.11701  
10729.58355  
10741.63365  
10722.18142  
10741.08902  
10767.69938  
10763.07654  
10727.51888  
10721.54961  
10720.15835  
10703.81647  
10707.0124  
10701.53962  
10705.62866  
10711.80292  
10726.38129  
10674.29518  
10709.90536  
10724.5336  
10772.83659  
10751.46295  
10756.50691  
10694.99157  
10687.31323  
10752.61886  
10719.20036  
10694.92802  
10706.63452  
10694.83018  
10708.27835  
10677.84457  
10690.19088  
10671.97939  
10724.12049  
10715.96637  
10732.57764  
10749.24231  
10697.76175  
10697.81758  
10709.95059  
10781.35163  
10719.39999  
10732.83458  
10744.98238  
10657.04128  
10703.47902  
10737.36331  
10687.07841  
10761.18823  
10845.33667  
10731.35566  
10684.14069  
10738.06493  
10653.52825  
10732.53022  
10748.08927  
10682.9816  
10698.77839  
10721.09279  
10698.96091  
10717.32098  
10706.52126  
10676.97348  
10784.05407  
10748.46162  
10721.593  
10749.53241  
10720.78394  
10735.6672  
10747.84163  
10711.33042  
10682.2296  
10717.19605  
10746.3734  
10792.61479  
10684.08091  
10817.68216  
10752.10532  
10732.70309  
10806.53868  
10695.64864  
10685.67096  
10679.80444  
10719.71102  
10727.64966  
10720.23849  
10734.6971  
10705.22655  
10728.38948  
10674.29326  
10756.60129  
10728.42365  
10675.30794  
10707.33108  
10737.41646  
10699.73276  
10740.78294  
10699.50651  
10685.61981  
10696.92502  
10699.14968  
10707.88524  
10665.55784  
10719.55729  
10741.8857  
10652.8246  
10738.46894  
10701.14495  
10654.17837  
10718.31112  
10759.3743  
10684.85741  
10763.64704  
10733.14336  
10761.53867  
10767.51721  
10692.01333  
10705.92608  
10733.02339  
10720.51855  
10740.12686  
10716.42425  
10732.62004  
10753.87591  
