11146.92075  
11162.86742  
11194.63555  
11162.56945  
11145.41351  
11161.38552  
11134.94258  
11139.53469  
11172.71112  
11163.43484  
11138.96741  
11149.96853  
11139.98508  
11182.09005  
11229.22656  
11127.35988  
11137.23342  
11160.17544  
11110.83218  
11121.7945  
11141.33428  
11151.44307  
11086.86432  
11167.46786  
11129.03428  
11113.2869  
11152.24915  
11115.32483  
11129.32467  
11192.08805  
11157.86796  
11179.45935  
11192.34908  
11162.19636  
11152.07834  
11176.54265  
11153.24936  
11186.45151  
11170.38337  
11190.11904  
11223.95735  
11206.86778  
11167.04675  
11139.16216  
11143.64931  
11129.01566  
11158.65528  
11162.98325  
11133.99949  
11126.70097  
11103.9177  
11126.94847  
11175.5024  
11204.27423  
11161.94017  
11210.09538  
11185.86625  
11158.6983  
11098.2844  
11100.55436  
11136.23274  
11126.84019  
11167.29005  
11155.75213  
11141.67551  
11122.19535  
11147.03023  
11149.87495  
11118.04936  
11150.57412  
11155.15382  
11156.41791  
11154.91641  
11152.13664  
11164.10561  
11166.29882  
11180.1462  
11144.93157  
11139.70428  
11149.09616  
11146.27332  
11138.77834  
11144.13131  
11192.69442  
11143.21936  
11226.18193  
11147.2952  
11136.47398  
11143.96811  
11149.42966  
11106.01167  
11142.35658  
11150.82793  
11136.30974  
11134.71297  
11157.6588  
11125.40736  
11134.94376  
11209.03732  
11174.30144  
11178.56978  
11177.00782  
11162.75267  
11147.935  
11176.88463  
11166.67828  
11157.87214  
11158.95981  
11123.82884  
11176.57032  
11181.4059  
11234.90191  
11177.2378  
11127.91224  
11111.38752  
11148.94045  
11138.76243  
11130.93532  
11161.62023  
11155.79625  
11182.42998  
11171.12106  
11177.39244  
11107.13362  
11141.68396  
11140.79067  
11165.42085  
11150.13548  
11152.25156  
11111.76074  
11143.37899  
11158.40008  
11181.52974  
11110.07141  
11152.34344  
11150.57196  
11127.60871  
11140.00517  
11145.83038  
11158.98353  
11174.24565  
11155.45264  
11110.33079  
11140.01932  
11140.22435  
11139.15975  
11194.72775  
11160.18284  
11173.79288  
11175.798  
11186.14563  
11163.18736  
11144.28859  
11145.21048  
11131.43878  
11140.27316  
11199.86587  
11149.38001  
11152.94198  
11139.04478  
