11374.70494  
11349.46896  
11308.72045  
11338.15366  
11386.76466  
11355.06467  
11332.11267  
11370.42168  
11354.72504  
11357.52637  
11403.06846  
11392.596  
11356.60592  
11312.59154  
11426.04259  
11387.15886  
11306.34948  
11363.24632  
11369.26404  
11407.12998  
11299.32684  
11341.77699  
11307.17671  
11349.62689  
11311.44769  
11259.84312  
11314.74172  
11348.12574  
11388.78117  
11339.74694  
11377.59186  
11401.20102  
11318.87604  
11371.09001  
11398.48144  
11290.56805  
11386.18711  
11415.88417  
11382.77425  
11395.30316  
11412.92441  
11438.76811  
11396.2159  
11362.42281  
11351.86575  
11316.68207  
11350.55734  
11365.17618  
11340.90111  
11358.28648  
11356.07906  
11329.18509  
11282.18173  
11324.81656  
11347.9954  
11453.2444  
11443.034  
11382.44815  
11357.48125  
11315.478  
11380.43569  
11363.23268  
11332.30944  
11347.22692  
11338.8819  
11350.55325  
11314.38204  
11299.32031  
11288.97295  
11307.90926  
11310.64857  
11352.54878  
11333.56126  
11308.27583  
11310.96665  
11338.49096  
11394.77012  
11344.06563  
11363.36818  
11381.47006  
11301.28825  
11311.62799  
11353.48812  
11341.5478  
11415.29384  
11553.14008  
11438.39233  
11379.06827  
11385.43912  
11315.44385  
11340.2672  
11375.61771  
11326.56603  
11339.75741  
11324.61546  
11328.76136  
11362.3834  
11281.99449  
11285.92324  
11406.6086  
11412.75144  
11384.51034  
11372.88243  
11312.08879  
11373.32511  
11376.3588  
11348.11736  
11295.00558  
11306.27108  
11372.80737  
11363.99532  
11355.15601  
11473.95034  
11378.93864  
11362.60799  
11407.08413  
11307.03007  
11285.95371  
11359.18955  
11364.13709  
11376.5563  
11400.0167  
11353.34567  
11318.36147  
11368.5324  
11309.27247  
11384.74608  
11345.94915  
11329.33293  
11318.33333  
11338.6172  
11354.71713  
11417.84245  
11351.57042  
11366.79141  
11340.82713  
11350.09655  
11341.08041  
11267.63957  
11353.34468  
11361.66821  
11303.65107  
11349.71917  
11337.0455  
11268.72733  
11302.67266  
11357.08975  
11341.59304  
11363.97806  
11358.34546  
11434.28676  
11379.02018  
11357.7649  
11396.66883  
11370.70373  
11362.55225  
11328.11988  
11360.28131  
11387.27616  
11390.00137  
