10466.24075  
10430.06272  
10363.06717  
10424.55517  
10430.73009  
10439.35731  
10416.43813  
10404.66288  
10439.13012  
10417.5195  
10429.27461  
10423.23181  
10411.10724  
10373.82157  
10477.34176  
10459.92154  
10386.23744  
10404.76772  
10410.06869  
10438.96533  
10359.4919  
10414.36811  
10365.80643  
10413.66656  
10374.51076  
10357.38785  
10366.74907  
10428.62349  
10462.76199  
10467.5399  
10455.56764  
10452.10203  
10364.37529  
10403.40502  
10435.10223  
10383.39864  
10454.58197  
10430.85736  
10435.41582  
10427.72699  
10478.83233  
10513.68176  
10461.18004  
10420.42274  
10414.00295  
10412.32135  
10396.16905  
10401.47305  
10406.19553  
10392.19411  
10407.37012  
10430.42206  
10367.9611  
10405.12335  
10437.51011  
10487.752  
10457.04114  
10453.47556  
10394.20767  
10369.83601  
10440.41732  
10421.98802  
10397.70251  
10407.90526  
10382.62742  
10411.55542  
10373.44262  
10371.30832  
10350.71388  
10406.00935  
10420.31502  
10411.21789  
10413.69034  
10381.06857  
10403.59847  
10421.92956  
10505.41418  
10414.97109  
10456.66797  
10440.21211  
10360.03865  
10394.41024  
10408.81331  
10378.56356  
10471.16488  
10593.30214  
10462.2237  
10398.9665  
10447.61076  
10324.5736  
10421.64321  
10430.56854  
10393.86705  
10398.73217  
10423.86724  
10384.16822  
10408.26622  
10392.24726  
10363.81248  
10479.18475  
10461.49785  
10439.80594  
10439.20405  
10413.89464  
10419.56145  
10438.25225  
10413.13761  
10381.65466  
10400.57845  
10435.4515  
10522.0889  
10432.18015  
10499.61526  
10447.7554  
10414.2773  
10491.87294  
10392.19969  
10386.76081  
10391.20629  
10406.01166  
10420.68605  
10437.94306  
10421.68098  
10394.62968  
10412.6957  
10391.26384  
10454.52116  
10417.72316  
10371.63961  
10376.57284  
10407.43201  
10398.62506  
10459.48397  
10395.27664  
10381.01256  
10368.02563  
10409.55368  
10394.67324  
10371.29253  
10431.41391  
10439.55412  
10368.14156  
10441.88126  
10386.84085  
10331.11483  
10411.51196  
10439.08565  
10394.7534  
10446.61089  
10444.15452  
10496.34693  
10454.829  
10395.18987  
10434.38065  
10396.65866  
10431.72976  
10424.06587  
10411.96861  
10440.50562  
10445.49001  
