10912.09675  
10991.69912  
11169.4459  
10962.95271  
11105.30061  
10993.74208  
11020.02913  
10954.99832  
10940.65198  
10939.14307  
11015.43344  
10867.56975  
10958.0784  
10980.8267  
10908.9093  
10959.7189  
10885.29963  
10972.8652  
10957.80877  
11056.21997  
10884.52315  
11024.77419  
10859.85415  
10960.77846  
10978.60684  
10925.93894  
10883.99256  
10881.99214  
10981.68832  
11015.95265  
10959.78521  
10878.63785  
10950.53156  
10972.30457  
11094.99541  
11053.06055  
11110.755  
10935.4143  
11087.61326  
11080.33181  
10937.33183  
10995.23981  
10932.79739  
10814.34661  
11041.87001  
10951.68901  
11081.89287  
11021.52399  
10951.00348  
11012.01557  
11042.78687  
10945.94632  
10975.40267  
11036.70994  
10970.09928  
10969.34961  
10876.39297  
10817.62957  
10843.04628  
10892.63595  
10990.21202  
11028.86563  
10906.26869  
10894.27621  
10885.9215  
10893.92385  
10973.84606  
10966.88687  
10922.66759  
11029.7481  
11117.61266  
11045.84754  
10980.87372  
10989.3046  
10922.92239  
10835.12493  
10899.00274  
10955.96375  
11018.73816  
10972.61114  
10956.78648  
10918.09067  
10908.30075  
10905.02877  
10920.75917  
11033.7794  
11065.8768  
10998.61097  
10896.32384  
10910.43524  
10949.01537  
10957.14623  
11016.4509  
11017.31259  
11000.88653  
10985.62649  
10998.99268  
11096.40231  
11061.26472  
11036.74817  
11029.46292  
10908.62118  
10883.62401  
10995.95438  
11027.00533  
10967.71863  
10918.28615  
10916.74322  
11019.21166  
11002.09558  
11001.26833  
10905.48696  
10906.9184  
10891.26038  
10919.09029  
10933.34541  
10981.78322  
10997.2946  
10994.22913  
11010.83943  
10908.27947  
10921.01938  
11063.96161  
11075.19711  
11027.92835  
11018.1073  
11000.07468  
10885.80441  
10935.86693  
10919.39794  
11076.56749  
11079.23271  
10945.98979  
11009.2998  
11054.39194  
11068.66646  
10986.35627  
10942.94968  
10914.60146  
10920.24647  
10907.62617  
10991.51987  
11090.14791  
10936.09872  
11038.85035  
10914.17667  
11035.74352  
10965.54011  
10948.79108  
11047.29273  
10927.96884  
11054.17198  
10929.26002  
10981.65258  
10982.72192  
10899.6329  
11023.54012  
10928.56617  
10908.68606  
10968.86169  
