10976.90545  
11030.20226  
11169.27173  
10993.87524  
11090.56091  
11051.76158  
11062.6985  
11015.92883  
11023.26369  
11003.94935  
11066.26815  
10925.90505  
11001.83574  
11047.97086  
10938.58275  
11043.54148  
10878.28284  
10986.16392  
11012.70276  
11105.86731  
10900.0727  
11044.85119  
10879.4249  
10942.83364  
11007.1293  
10974.89906  
10909.40988  
10934.46487  
11017.15922  
11069.87764  
10970.44855  
10935.83098  
10929.03676  
11016.31333  
11111.39475  
11184.82881  
11271.26547  
11070.89526  
11163.68751  
11131.455  
10975.23416  
10997.48287  
10997.12895  
10836.07381  
11024.80512  
11025.24544  
11080.34852  
11064.07407  
10970.6757  
10987.27489  
10960.65896  
10949.26465  
10953.81091  
11036.67868  
11024.29619  
11052.65346  
10967.58221  
10884.26929  
10910.02724  
10955.46423  
11037.38314  
11083.94659  
10975.98081  
10960.98896  
10950.84381  
10956.03714  
11003.41805  
11037.1532  
10959.33732  
11128.0297  
11124.67385  
11103.66215  
11051.50026  
11044.86216  
10992.56904  
10914.02958  
10954.91622  
11039.52716  
11087.165  
11033.1488  
11016.8839  
10997.24908  
11009.07064  
10971.47342  
10950.99764  
11060.418  
11098.46479  
11031.77231  
10950.53791  
10933.11873  
10948.12536  
10963.53467  
11021.42119  
11039.29528  
11046.67424  
11040.64595  
11076.66701  
11113.45996  
11134.00674  
11056.33612  
11075.12876  
10950.63328  
10938.25204  
11007.69522  
11074.94515  
11059.81114  
10971.08462  
10960.21923  
11038.84179  
11050.75817  
11034.05456  
10976.46192  
10976.20779  
10928.42924  
10951.16146  
10973.6177  
11045.72264  
11053.42613  
11035.14914  
11046.47002  
11000.35185  
10966.90261  
11064.75575  
11106.09795  
11089.59214  
11061.40837  
11063.06558  
10914.00731  
10974.5532  
10966.06927  
11099.04418  
11095.99459  
10934.03368  
10987.78061  
11030.862  
11099.44439  
11034.03327  
10979.05658  
10954.58212  
10974.37005  
10983.14132  
11051.18096  
11171.3151  
10966.61465  
11060.47022  
10945.20647  
11037.68859  
11027.4244  
10963.11178  
11099.54693  
10985.29606  
11059.15471  
10972.0104  
10995.08405  
11075.73638  
10936.93339  
11064.18066  
10999.00171  
10964.17348  
11014.36605  
