10354.98869  
10400.72721  
10443.28749  
10353.38064  
10440.77876  
10391.53349  
10416.28711  
10366.73894  
10406.82659  
10392.36252  
10398.76166  
10310.62414  
10354.5173  
10379.7445  
10298.75379  
10340.65452  
10272.57063  
10350.02494  
10368.38021  
10417.95414  
10269.49361  
10340.83409  
10241.14577  
10280.5402  
10322.00522  
10339.40677  
10285.12026  
10294.06383  
10374.93549  
10384.71698  
10330.08909  
10305.99602  
10322.54718  
10372.8749  
10376.14384  
10501.71091  
10614.08519  
10388.106  
10449.22436  
10428.38911  
10295.77986  
10325.61247  
10363.53077  
10258.60016  
10363.96572  
10353.8306  
10447.69996  
10394.08665  
10348.81638  
10345.75739  
10356.47776  
10307.56003  
10337.8576  
10368.91273  
10379.57645  
10411.7018  
10372.9503  
10309.39155  
10291.7988  
10325.96751  
10383.8199  
10419.8122  
10359.66306  
10319.73625  
10355.56478  
10360.18207  
10365.89681  
10418.92162  
10322.4504  
10415.26913  
10402.92554  
10390.54082  
10386.31574  
10422.68593  
10369.9402  
10312.16625  
10337.61518  
10389.7171  
10401.17487  
10385.46221  
10394.14507  
10382.76373  
10373.80501  
10329.29542  
10319.10607  
10396.81734  
10405.57134  
10371.9132  
10340.36652  
10308.58439  
10303.4788  
10301.836  
10361.6062  
10391.84748  
10385.70921  
10375.96571  
10411.04431  
10459.00865  
10473.9893  
10410.54488  
10371.07952  
10323.28255  
10339.51217  
10353.71904  
10368.3465  
10382.89517  
10361.98928  
10312.32857  
10385.56601  
10355.32397  
10352.77793  
10351.58908  
10352.88333  
10299.39582  
10317.56142  
10313.47646  
10416.45937  
10402.45272  
10361.81145  
10377.97165  
10375.49412  
10321.21409  
10398.66627  
10419.97201  
10424.74133  
10393.61471  
10421.75971  
10320.57759  
10348.17293  
10365.7322  
10451.5951  
10428.65687  
10312.16686  
10333.83713  
10358.85365  
10428.69289  
10386.05618  
10356.72286  
10316.46273  
10325.14195  
10376.51177  
10417.93648  
10448.18504  
10304.8069  
10368.58464  
10315.48695  
10381.5618  
10370.22502  
10317.95999  
10413.46345  
10346.47093  
10393.03856  
10350.38585  
10363.92844  
10396.86054  
10323.46442  
10363.92631  
10351.84359  
10343.74552  
10370.7144  
