10753.26405  
10848.59211  
10860.70803  
10925.67806  
10888.36226  
10783.56947  
10842.85334  
10950.216  
10967.23095  
10947.73026  
10789.21069  
10946.9555  
10794.40016  
10925.89732  
10816.34748  
10847.12446  
10792.16132  
10769.49298  
10841.48646  
10884.20437  
10881.57491  
10760.17111  
10865.88631  
10753.9337  
10844.422  
10998.24202  
10920.2789  
10926.45465  
10881.71733  
10956.34024  
10913.36272  
10856.87245  
10856.59298  
10880.94491  
10878.77965  
10971.81739  
10922.29263  
10831.97093  
10852.10454  
10807.90345  
10757.88731  
10777.20744  
10867.07317  
10836.98288  
10776.6464  
10658.177  
10837.35884  
10866.70228  
10853.48956  
10734.28897  
10811.65055  
10747.60227  
10716.29447  
10764.87286  
10785.40618  
10895.3105  
10935.50714  
10803.73345  
10794.36296  
10793.12517  
10797.14879  
10796.08904  
10916.31687  
10885.20062  
10842.69739  
10877.92637  
10853.88084  
10889.33898  
10913.45657  
10849.28811  
10753.30842  
10882.60227  
10955.44476  
10983.56312  
10913.09578  
10894.29907  
10980.7613  
10913.82551  
10929.50193  
10916.21611  
10884.54081  
10966.7921  
10947.59541  
10904.42107  
10875.99654  
10800.38366  
10811.27932  
10867.89501  
10882.36937  
10877.09462  
10820.09354  
10813.48615  
10794.83647  
10828.87848  
10831.23242  
10825.76442  
10857.35429  
10875.24364  
10853.51902  
10822.86451  
10841.34143  
10870.92629  
10956.81994  
10896.18894  
10804.88289  
10883.84699  
10970.48894  
10802.45047  
10848.99043  
10815.80054  
10868.91492  
10908.83053  
10938.99725  
10895.36654  
10812.76174  
10839.10065  
10838.34422  
10808.8193  
10875.74713  
10902.82775  
10915.33205  
10869.6598  
10804.92056  
10810.88992  
10898.74745  
10839.79939  
10974.88352  
10868.05739  
10860.31118  
10891.96599  
10861.94556  
10973.84916  
10772.13068  
10805.1148  
10777.34867  
10797.86086  
10896.97989  
10939.95608  
10928.03122  
10851.33951  
10878.74437  
10918.74026  
10881.72297  
10879.46308  
10781.46084  
10863.56073  
10805.27781  
10961.69248  
10804.7445  
10824.70458  
10900.03185  
10782.30611  
10932.6797  
10848.24899  
10915.76747  
10843.90002  
10788.78127  
10910.51369  
10874.43546  
10840.3806  
