11759.42043  
11757.71357  
11708.41081  
11777.91239  
11693.55542  
11787.22306  
11856.01676  
11801.30562  
11799.91229  
11736.28891  
11782.92976  
11707.01201  
11665.93345  
11769.69704  
11651.90564  
11721.58035  
11629.9079  
11641.57687  
11673.80689  
11834.03243  
11658.75752  
11729.14648  
11638.38607  
11597.35694  
11775.15679  
11736.67549  
11716.21786  
11684.97277  
11765.33853  
11841.43274  
11733.75948  
11718.82754  
11750.93547  
11832.19478  
11857.58838  
11853.10272  
11805.66839  
11795.28311  
11971.02016  
11677.07787  
11587.07393  
11620.74379  
11746.59516  
11634.24637  
11733.31214  
11701.81759  
11669.20492  
11699.44425  
11696.79358  
11619.25693  
11690.09638  
11677.1219  
11645.91289  
11657.22127  
11810.6874  
11865.72386  
11791.96131  
11724.3731  
11730.85175  
11724.9506  
11697.1839  
11816.41858  
11815.38004  
11728.3096  
11743.05402  
11864.24856  
11753.20926  
11739.24719  
11698.58384  
11694.56632  
11791.84413  
11888.70079  
11822.1137  
11811.96552  
11785.84219  
11754.17887  
11801.8772  
11823.16864  
11824.55769  
11826.78395  
11873.32443  
11825.0301  
11794.78511  
11704.65989  
11680.74825  
11679.14881  
11768.76583  
11722.35847  
11734.59356  
11680.63115  
11664.82684  
11632.08595  
11693.3393  
11738.69735  
11693.03571  
11679.9509  
11785.26958  
11727.21146  
11731.06084  
11720.20122  
11770.74262  
11799.70975  
11797.55484  
11716.74545  
11741.83191  
11799.47704  
11707.00617  
11670.09493  
11685.36136  
11749.45269  
11778.73401  
11786.97829  
11737.38176  
11685.29359  
11644.02359  
11639.89019  
11677.64867  
11712.98708  
11760.92475  
11799.05106  
11832.26685  
11686.38768  
11640.87859  
11672.94846  
11732.10844  
11710.64023  
11785.73557  
11704.31128  
11703.09618  
11759.70837  
11793.48776  
11774.60138  
11705.81689  
11756.13689  
11719.98155  
11788.23635  
11832.52532  
11768.33336  
11734.11661  
11708.88883  
11724.9061  
11723.69044  
11821.36617  
11645.40993  
11750.30342  
11714.20218  
11719.1639  
11767.85673  
11672.62342  
11811.40814  
11756.73013  
11737.69287  
11745.47561  
11680.23593  
11833.51396  
11704.36952  
11705.56116  
11815.81782  
11719.75408  
11654.59857  
