10841.84171  
10861.06217  
10828.01692  
10823.83686  
10830.91927  
10819.04418  
10837.11448  
10782.7078  
10789.25885  
10831.652  
10810.5041  
10755.8867  
10808.80692  
10758.91244  
10753.74702  
10732.105  
10777.08131  
10827.13802  
10780.87562  
10767.61913  
10725.15173  
10727.22895  
10688.60251  
10745.47898  
10722.77704  
10762.34356  
10719.18421  
10700.25757  
10785.93134  
10754.19544  
10738.64156  
10728.80354  
10815.05713  
10800.0523  
10780.55221  
10912.6383  
11016.81073  
10801.32126  
10833.38984  
10827.75843  
10747.10018  
10761.08378  
10812.17869  
10792.33204  
10809.98584  
10836.40122  
10931.89731  
10794.17209  
10875.6241  
10871.71522  
10834.8207  
10820.0472  
10815.43182  
10815.99964  
10787.30036  
10808.86303  
10786.11798  
10767.55934  
10747.20179  
10782.94206  
10818.72665  
10786.60165  
10754.59184  
10750.82925  
10780.44864  
10769.70798  
10799.71842  
10841.52398  
10783.0504  
10841.02061  
10804.13884  
10811.67045  
10793.7287  
10832.61365  
10817.46925  
10770.28012  
10753.34012  
10776.16106  
10790.40312  
10804.71077  
10819.08047  
10800.73144  
10783.10779  
10777.06875  
10782.71867  
10860.803  
10793.55388  
10773.5091  
10771.99819  
10752.90373  
10770.79059  
10756.93565  
10769.03554  
10795.80042  
10757.60828  
10749.90523  
10795.839  
10941.81411  
10893.94106  
10833.96045  
10740.66548  
10738.09377  
10762.62098  
10772.51914  
10763.62331  
10767.97788  
10792.74814  
10753.81447  
10854.52141  
10752.96621  
10765.44342  
10773.58546  
10766.0724  
10748.1993  
10760.81755  
10766.48254  
10854.64485  
10812.04333  
10760.6377  
10789.67826  
10792.72982  
10764.12576  
10853.30863  
10826.84714  
10799.16831  
10775.56609  
10802.71932  
10768.11022  
10789.67891  
10813.88186  
10891.34136  
10818.39715  
10826.6729  
10783.04669  
10798.15565  
10843.75912  
10787.0837  
10770.57015  
10727.37938  
10755.27894  
10786.61706  
10841.06267  
10818.99604  
10761.96  
10762.35537  
10764.30688  
10848.98206  
10806.88148  
10772.09967  
10795.98213  
10776.61828  
10832.76742  
10780.48317  
10843.28071  
10776.33828  
10768.0959  
10771.64763  
10768.41499  
10777.68199  
10817.27132  
