12296.05205  
12352.14248  
12295.97658  
12278.11116  
12259.32885  
12302.42867  
12273.0987  
12331.43755  
12415.77965  
12318.05259  
12244.2609  
12294.03824  
12161.72497  
12283.29222  
12151.19253  
12135.96998  
12138.22559  
12148.70937  
12195.66019  
12262.99638  
12267.61229  
12094.54885  
12176.43423  
12050.93592  
12064.46715  
12169.20182  
12244.71594  
12187.53703  
12230.82999  
12309.49253  
12328.06493  
12217.78267  
12279.76394  
12280.58659  
12249.89885  
12592.02257  
12531.90051  
12538.52567  
12368.61784  
12308.10355  
12229.34938  
12202.24648  
12190.08681  
12091.22486  
12330.07225  
12244.38874  
12175.59739  
12255.59383  
12256.62381  
12082.01205  
12177.92817  
12142.16786  
12127.0966  
12148.58276  
12206.85102  
12242.53147  
12322.30121  
12256.76391  
12288.45925  
12316.24321  
12219.48078  
12281.29312  
12319.93418  
12338.7093  
12321.55949  
12411.75455  
12403.15187  
12344.80706  
12172.80654  
12202.35078  
12242.24359  
12276.57807  
12303.60156  
12382.98767  
12371.69434  
12291.62939  
12345.76266  
12265.38333  
12219.51131  
12245.3478  
12192.93047  
12238.10454  
12304.28921  
12369.27714  
12237.91195  
12220.60061  
12225.5467  
12270.18405  
12267.95915  
12247.28207  
12229.41353  
12167.61292  
12183.07718  
12159.61556  
12180.35626  
12243.07648  
12316.44364  
12387.50713  
12287.84771  
12196.63237  
12203.552  
12262.36252  
12326.27489  
12287.89056  
12250.97893  
12307.84957  
12352.81789  
12337.16174  
12243.88868  
12250.01143  
12279.72753  
12270.9649  
12295.36784  
12329.70888  
12257.13404  
12239.16314  
12219.94442  
12134.44813  
12099.84874  
12211.53864  
12272.28944  
12243.71773  
12131.27422  
12174.37688  
12278.62713  
12314.87968  
12360.70877  
12258.12344  
12247.08617  
12293.33378  
12206.07802  
12390.66426  
12252.1258  
12135.49466  
12220.12097  
12224.81393  
12325.36688  
12344.74536  
12371.92852  
12337.55407  
12395.93157  
12394.93007  
12356.96389  
12269.9312  
12253.23441  
12305.21326  
12167.85063  
12258.45477  
12201.36933  
12249.7362  
12286.85134  
12078.36071  
12201.29075  
12079.6318  
12156.06973  
12248.88064  
12179.48978  
12348.2403  
12370.74805  
12274.83531  
