10822.86209  
10775.19091  
10728.96287  
10753.3671  
10717.02502  
10776.1123  
10783.00638  
10762.44687  
10770.98589  
10741.52893  
10653.40015  
10637.46771  
10617.28409  
10710.41463  
10632.91339  
10700.90701  
10600.25807  
10669.72396  
10721.60664  
10740.70254  
10575.52257  
10611.08683  
10594.29625  
10556.50888  
10611.48618  
10657.72233  
10618.09245  
10633.31916  
10626.67322  
10670.69119  
10685.24536  
10711.18338  
10696.537  
10803.33854  
10732.99612  
10778.05512  
10905.75501  
10797.86476  
10803.52439  
10696.16126  
10544.46895  
10544.21877  
10685.10113  
10640.69115  
10614.9054  
10775.81428  
10807.312  
10726.08674  
10762.83225  
10710.94755  
10633.45323  
10704.0689  
10680.11649  
10754.68049  
10751.64648  
10805.59546  
10782.5847  
10723.65651  
10711.98307  
10690.20189  
10733.40469  
10796.51204  
10770.72971  
10743.96172  
10790.7847  
10771.11576  
10798.59564  
10848.23184  
10719.91884  
10844.62528  
10747.4025  
10802.99182  
10811.82934  
10814.76411  
10765.97478  
10778.82216  
10744.97044  
10769.18199  
10781.3153  
10803.61191  
10762.82767  
10771.23368  
10761.235  
10737.34913  
10690.66306  
10657.57253  
10727.29635  
10711.05616  
10710.04006  
10630.23945  
10657.25471  
10608.8189  
10590.72038  
10608.53685  
10643.3849  
10640.22174  
10702.11246  
10800.05512  
10793.27541  
10663.66532  
10704.86044  
10696.65812  
10708.23435  
10706.11068  
10661.25851  
10675.94531  
10671.30137  
10607.83201  
10593.80551  
10632.62194  
10676.49069  
10707.31398  
10664.35009  
10622.60974  
10639.76549  
10606.17678  
10661.95241  
10611.2992  
10680.37843  
10716.19154  
10706.70484  
10645.04874  
10652.90265  
10699.2748  
10734.23309  
10707.91315  
10754.86558  
10637.02771  
10730.04737  
10756.89453  
10751.38459  
10783.4421  
10691.47064  
10700.65931  
10696.68058  
10750.11897  
10729.73498  
10734.94759  
10738.437  
10780.51157  
10784.12619  
10749.44772  
10744.12246  
10584.40514  
10631.70382  
10700.8576  
10673.3324  
10734.89323  
10673.69703  
10765.05998  
10734.94922  
10674.42012  
10754.62808  
10655.00211  
10754.00306  
10653.20304  
10651.93843  
10724.70321  
10659.90579  
10660.06131  
