10793.45227  
10840.98652  
10720.62152  
10743.31863  
10768.54934  
10797.9929  
10846.48095  
10797.65662  
10728.00847  
10974.24695  
10926.26987  
10860.55263  
10816.65311  
10790.74986  
10794.76467  
10813.61262  
10746.85279  
10749.36488  
10826.06831  
10868.93585  
10759.33752  
10765.74941  
10805.81824  
10817.18047  
10814.64753  
10795.39618  
10784.14837  
10801.10781  
10771.54524  
10813.92633  
10752.17269  
10763.07161  
10837.57376  
10896.04419  
10857.75953  
10824.2506  
10893.56609  
10850.24824  
10800.05897  
10894.95581  
10794.18981  
10853.41602  
10888.2873  
10809.87246  
10797.6733  
10831.16025  
10779.93326  
10828.92507  
10842.63422  
10778.50183  
10762.96353  
10730.16106  
10793.79078  
10812.92713  
10806.97495  
10839.27917  
10857.94302  
10881.84444  
10894.99281  
10853.40126  
10837.12866  
10750.86444  
10725.02282  
10787.17967  
10751.43072  
10749.83297  
10757.66859  
10777.92251  
10783.77528  
10733.33945  
10762.15808  
10788.08466  
10771.55472  
10758.71859  
10804.44368  
10796.38855  
10816.63359  
10800.15586  
10828.72763  
10789.33848  
10810.4593  
10763.73155  
10838.63077  
10822.67289  
10751.4571  
10735.87296  
10782.80673  
10806.72404  
10766.0924  
10789.13599  
10759.20241  
10761.05607  
10798.31495  
10827.67156  
10818.35868  
10792.40863  
10756.21612  
10792.95605  
10750.68308  
10764.96385  
10784.45476  
10751.94126  
10783.27884  
10803.15211  
10782.3761  
10823.7505  
10841.98766  
10855.49096  
10904.88224  
10912.00577  
10896.57179  
10963.30884  
10896.15543  
10897.26712  
10894.23553  
10892.34895  
10827.33754  
10755.70542  
10741.1427  
10760.57012  
10786.02949  
10791.25922  
10700.86504  
10816.63684  
10875.61625  
10883.36983  
10748.83903  
10719.57646  
10725.73977  
10745.91976  
10760.73068  
10775.02539  
10788.80325  
10809.26023  
10780.85428  
10790.65233  
10820.48972  
10860.1709  
10791.654  
10838.79677  
10845.47496  
10808.60888  
10794.50907  
10813.37425  
10808.73571  
10814.21783  
10821.43667  
10825.13191  
10801.43871  
10791.14867  
10794.18686  
10822.5766  
10832.75989  
10829.01417  
10815.48851  
10803.86825  
10788.4215  
10792.96822  
10788.28643  
10829.997  
