11052.31851  
11202.67138  
11203.39332  
11180.80054  
11180.36827  
11176.73205  
11248.07282  
11212.00234  
10866.5134  
11059.08988  
11041.78626  
11001.87314  
10993.36186  
10934.58076  
10942.05522  
10959.53171  
11002.14462  
11113.82908  
11164.50551  
11248.79048  
11213.22221  
11195.98869  
11204.65104  
11268.80401  
11238.97914  
11263.01599  
11272.27108  
11207.27099  
11146.60812  
11042.7797  
11058.95377  
10978.11745  
11009.08953  
11055.74222  
10992.48834  
10989.68186  
11063.36085  
10944.67265  
11014.56897  
11241.07906  
11178.37587  
11080.23034  
11056.13635  
11052.39359  
11043.80769  
11012.5222  
11005.58745  
11009.5969  
11004.13556  
11002.24114  
11049.32461  
11002.02655  
10999.5995  
11002.05165  
10986.2261  
10993.29354  
11057.8687  
11112.89602  
11222.05259  
11302.14512  
11255.73292  
11201.41762  
11255.6095  
11324.32308  
11232.62244  
11257.92291  
11165.8898  
11208.61347  
11183.29863  
11115.9691  
11026.64201  
11040.11291  
11023.33026  
11108.31291  
11046.36453  
10953.11916  
11089.43726  
11108.14079  
11055.10434  
11007.23334  
11053.78016  
11078.89407  
11083.27248  
11081.6526  
11105.24178  
11082.0552  
11163.83299  
11096.4525  
11099.41303  
11094.28425  
11038.87706  
11021.34692  
11063.67051  
11125.36787  
11120.1912  
11108.00628  
11098.53269  
11064.6449  
11066.52747  
11095.14737  
11064.52513  
11062.31681  
11068.11022  
11117.30471  
11083.95077  
11069.79664  
11038.34828  
11005.72089  
11068.73032  
11122.07779  
11142.64042  
11122.77296  
11075.00385  
11149.31714  
11220.64254  
11262.65209  
11239.28011  
11212.20832  
11291.00575  
11227.52845  
11193.71575  
11200.92766  
11099.19166  
11103.91393  
11143.17967  
11230.64788  
11294.19623  
11265.63126  
11240.03488  
11293.14341  
11151.21118  
11061.41316  
11077.85164  
11095.93109  
11071.85956  
11086.47021  
11063.5857  
11081.33638  
11002.1227  
11075.36195  
11084.3574  
11073.26177  
11078.04011  
11039.9408  
11082.6826  
11091.54299  
11150.12415  
11105.34235  
11097.19754  
11099.18678  
11086.75475  
11164.85871  
11180.06911  
11075.07466  
11080.36525  
11121.49333  
11124.7282  
11115.92346  
11082.62612  
11125.14984  
