11124.79452  
11152.17183  
11102.63391  
11095.50506  
11111.47181  
11152.82726  
11224.68414  
11159.34776  
11077.3086  
11288.80543  
11238.49151  
11189.14385  
11126.47928  
11112.45381  
11129.56906  
11115.54265  
11076.1504  
11070.09526  
11107.9198  
11174.89722  
11137.04401  
11105.05084  
11089.42726  
11161.92582  
11190.39562  
11137.71001  
11121.64459  
11157.82946  
11117.50245  
11124.0834  
11100.96252  
11093.36038  
11134.48778  
11188.93253  
11165.03264  
11157.40812  
11194.1759  
11156.39816  
11128.4692  
11204.14668  
11154.73843  
11171.58779  
11166.30563  
11133.84652  
11105.58438  
11118.64253  
11116.97568  
11140.7728  
11149.97661  
11130.20164  
11122.16526  
11072.05023  
11115.29311  
11155.89371  
11146.24874  
11159.3976  
11185.69255  
11210.08911  
11214.28701  
11212.67987  
11232.66992  
11105.01803  
11106.71408  
11150.38273  
11098.45465  
11086.13592  
11101.87527  
11078.95763  
11100.54269  
11062.39768  
11115.71303  
11125.29835  
11105.62613  
11126.6702  
11087.09206  
11087.75838  
11170.42061  
11149.41292  
11142.77739  
11116.6569  
11132.44426  
11089.61526  
11136.15721  
11145.27114  
11079.18441  
11079.94666  
11131.67584  
11115.53118  
11091.86062  
11145.04655  
11117.31751  
11105.2905  
11156.66345  
11181.87891  
11111.85923  
11142.67967  
11119.81349  
11109.42222  
11126.16578  
11116.00633  
11131.00678  
11106.23677  
11124.42549  
11137.9029  
11110.9036  
11107.19994  
11132.12796  
11156.62071  
11203.26413  
11230.0247  
11243.72417  
11249.48016  
11199.11558  
11209.39872  
11238.33585  
11218.65004  
11198.20668  
11120.30963  
11108.80691  
11088.13565  
11111.90584  
11126.14616  
11065.17687  
11122.94143  
11185.09199  
11197.23025  
11151.02276  
11116.17763  
11088.31643  
11124.82115  
11091.72489  
11121.24755  
11151.14196  
11149.63071  
11111.59649  
11114.67936  
11134.24596  
11179.25133  
11127.1722  
11158.806  
11128.94573  
11125.22892  
11145.73612  
11135.88107  
11148.71409  
11163.26648  
11162.81504  
11170.2304  
11154.43191  
11150.21725  
11142.41376  
11150.43888  
11159.77309  
11146.61501  
11145.71066  
11125.59584  
11121.59164  
11125.22222  
11129.90139  
11143.86098  
