11790.32184  
11783.40127  
11859.20642  
11829.1662  
11743.64767  
11804.05599  
11717.19713  
11867.58506  
11815.60275  
11874.67939  
11853.47214  
11858.91788  
11773.06246  
11706.57855  
11788.56326  
11784.58741  
11764.60854  
11816.07244  
11816.96353  
11802.00563  
11841.80889  
11835.05424  
11908.26486  
11792.32477  
11788.68  
11795.10756  
11863.8495  
11862.16545  
11790.07681  
11708.37021  
11705.04873  
11767.2421  
11795.472  
11762.81235  
11801.26025  
11800.93161  
11791.61321  
11813.32405  
11845.03868  
11799.55871  
11993.62701  
11792.30847  
11898.97259  
11811.78729  
11739.68617  
11727.85811  
11758.6103  
11769.18941  
11727.04646  
11744.90747  
11765.97374  
11702.02205  
11720.91084  
11838.50005  
11833.13095  
11774.21906  
11914.47774  
11972.53842  
11960.67502  
11844.17986  
11768.22893  
11778.11512  
11819.59765  
11844.9063  
11851.103  
11812.01894  
11823.62262  
11839.68411  
11838.80342  
11791.92559  
11795.81083  
11823.06624  
11756.46301  
11808.03243  
11797.27781  
11796.53711  
11771.09531  
11755.85811  
11790.7466  
11710.6753  
11709.57651  
11687.35279  
11693.75332  
11721.48361  
11774.4805  
11741.08183  
11774.27913  
11837.12993  
11831.33726  
11804.27278  
11781.61973  
11818.63119  
11864.12774  
11860.49339  
11770.93706  
11831.56903  
11825.34567  
11736.55881  
11766.63841  
11849.4005  
11841.22992  
11797.12228  
11762.38417  
11742.48721  
11784.75225  
11784.37606  
11759.98471  
11766.22099  
11845.03615  
11902.77223  
11882.5995  
11840.8335  
11818.07264  
11865.31895  
11875.00247  
11789.15806  
11755.48684  
11838.45943  
11817.07414  
11824.60104  
11847.61241  
11795.04809  
11827.59794  
11718.2755  
11904.2576  
11829.48955  
11800.34375  
11771.70418  
11767.07884  
11866.06639  
11869.40287  
11833.90168  
11796.93542  
11716.40814  
11700.97728  
11748.395  
11759.97236  
11763.91466  
11831.20612  
11848.15467  
11826.02029  
11836.73276  
11833.14746  
11862.39378  
11883.96661  
11893.91547  
11859.23778  
11856.85959  
11819.87299  
11764.01129  
11763.22086  
11862.60016  
11911.58092  
11704.46541  
11703.34017  
11756.31687  
11821.38418  
11805.93908  
11723.42849  
11804.32709  
