11312.36383  
11254.86589  
11223.27118  
11238.36785  
11210.06409  
11217.03752  
11202.87815  
11171.12193  
11181.39966  
11232.7985  
11278.04963  
11219.38298  
11252.09302  
11219.89717  
11181.11604  
11173.85608  
11106.33049  
11079.05453  
11100.04245  
11126.44414  
11177.77413  
11167.13274  
11283.62306  
11136.94165  
11120.015  
11205.69141  
11197.82431  
11249.04681  
11235.37132  
11143.35643  
11102.99497  
11153.075  
11229.57515  
11264.1643  
11262.94521  
11203.37068  
11178.91544  
11178.48428  
11200.71047  
11299.0923  
11243.83937  
11231.14096  
11216.19197  
11179.87209  
11158.68697  
11078.19053  
11093.34476  
11125.2058  
11167.78925  
11165.21274  
11153.26893  
11248.84167  
11195.87378  
11172.73159  
11207.46701  
11269.06582  
11300.81931  
11224.30331  
11250.94965  
11198.94178  
11170.36564  
11188.08938  
11252.68395  
11255.88428  
11217.16638  
11206.63252  
11111.34171  
11109.81269  
11152.89849  
11232.24329  
11247.25347  
11191.36056  
11215.7291  
11221.85383  
11261.4207  
11230.55135  
11217.92624  
11192.09016  
11110.40019  
11174.39609  
11182.82055  
11187.28575  
11188.02529  
11182.16639  
11170.44929  
11154.37513  
11250.02411  
11196.54927  
11210.01802  
11172.71197  
11197.44972  
11172.27563  
11197.65277  
11176.65823  
11175.53507  
11129.19143  
11124.91114  
11181.76376  
11158.70999  
11186.26351  
11202.88097  
11222.09992  
11187.48718  
11200.60852  
11267.28687  
11242.43683  
11215.83743  
11149.29781  
11223.14861  
11307.5097  
11267.71271  
11240.9272  
11207.46399  
11212.12533  
11189.55068  
11199.22417  
11215.37149  
11200.25263  
11148.98374  
11174.50429  
11157.47763  
11178.50375  
11181.2818  
11181.2956  
11238.34509  
11252.00226  
11236.1353  
11215.69597  
11225.18805  
11201.14455  
11178.59124  
11193.43174  
11157.15915  
11141.72029  
11130.71546  
11190.968  
11244.78716  
11206.79594  
11235.6414  
11215.97182  
11299.25052  
11299.04584  
11222.82694  
11247.39591  
11271.47653  
11229.38504  
11227.02706  
11207.7542  
11153.0049  
11164.24547  
11261.54836  
11283.00488  
11257.18199  
11272.40796  
11161.95772  
11182.54821  
11068.27376  
11106.00142  
11167.90632  
11170.99589  
