13703.69403  
13695.90942  
13688.78281  
13759.79674  
13749.58868  
13695.54734  
13615.06226  
13658.31853  
13743.75061  
13704.08629  
13650.08164  
13660.15268  
13578.84916  
13659.68052  
13654.4709  
13763.82988  
13787.06811  
13718.80179  
13658.13542  
13659.52433  
13679.59246  
13725.50136  
13784.27295  
13810.47715  
13712.99889  
13750.2127  
13767.82921  
13564.30313  
13588.89999  
13623.38983  
13636.45248  
13628.58004  
13700.43752  
13712.05163  
13744.21615  
13808.19566  
13813.53559  
13779.62777  
13697.8292  
13730.87509  
13738.58038  
13835.60005  
13759.83362  
13713.27839  
13731.73995  
13681.44733  
13667.09458  
13690.052  
13634.25728  
13722.1839  
13660.02879  
13752.9456  
13752.06477  
13742.97218  
13762.26569  
13755.05799  
13661.8442  
13573.20982  
13632.58338  
13671.56417  
13689.35365  
13654.06342  
13578.11086  
13624.53197  
13637.55359  
13696.60122  
13622.28386  
13590.01692  
13638.92252  
13601.69008  
13752.69155  
13735.79773  
13715.59993  
13592.40291  
13668.26587  
13742.69779  
13805.43893  
13806.55797  
13777.85346  
13682.28362  
13630.46648  
13712.6985  
13694.97929  
13731.11084  
13690.91383  
13642.65486  
13703.87752  
13675.43053  
13711.51064  
13651.72617  
13599.73149  
13632.08306  
13692.05123  
13694.95123  
13775.8062  
13817.8589  
13750.54367  
13826.32864  
13771.34552  
13720.88623  
13722.80989  
13789.33974  
13619.32678  
13623.78485  
13623.17595  
13663.99167  
13669.87754  
13683.06741  
13746.04752  
14024.39224  
13793.04512  
13755.33682  
13706.76856  
13666.57486  
13739.34844  
13701.53253  
13599.06489  
13604.37143  
13628.34736  
13693.00901  
13731.21617  
13655.39546  
13660.46879  
13707.84993  
13805.86187  
13738.78959  
13649.00496  
13572.54417  
13508.54943  
13573.35831  
13599.37879  
13690.71168  
13671.01183  
13657.47334  
13742.24156  
13740.84852  
13830.76544  
13812.14209  
13794.43036  
13727.93889  
13801.80783  
13704.99515  
13662.54799  
13654.17029  
13735.83086  
13661.68278  
13703.51709  
13665.29352  
13725.64708  
13735.78269  
13788.61102  
13788.11543  
13741.92159  
13791.64851  
13745.6587  
13681.73285  
13726.63431  
13537.08776  
13584.71231  
13519.095  
