12032.91489  
12064.71003  
12118.63241  
12094.58933  
12097.71241  
12108.82541  
12078.71758  
12005.58814  
12115.15137  
12046.30441  
12068.94696  
12058.48699  
12057.28609  
12103.23807  
12061.09919  
12136.99006  
12037.20808  
12013.64396  
11971.84863  
11989.63971  
12086.11883  
12088.08724  
12103.86149  
12118.35928  
12099.26773  
12034.83603  
12181.51363  
12180.9251  
12155.56731  
12033.60361  
12033.19739  
12011.83364  
12170.93353  
12115.6983  
12176.33089  
12088.64219  
12105.75279  
12074.26392  
12111.31807  
12164.60658  
12132.59876  
12172.45143  
12097.64019  
12073.35199  
12041.43345  
12025.69283  
12072.22191  
11986.27768  
12046.68423  
12127.01303  
12075.5448  
12070.51413  
12023.09951  
12027.83743  
12048.25763  
12128.16295  
12097.77924  
12116.68731  
12009.11395  
11963.16246  
12032.33557  
12020.27494  
12106.5155  
12143.11227  
12132.4393  
12090.74623  
11997.33884  
12062.36267  
12037.8228  
12088.12296  
12101.79018  
12122.48343  
12140.68661  
12118.86335  
12121.67027  
12072.94798  
12109.42053  
12045.95354  
12143.44543  
12031.41524  
12019.21166  
12021.83787  
12065.69005  
12103.57518  
12020.24374  
12068.64964  
12000.42181  
12055.89477  
12042.11301  
12049.45632  
12093.02746  
12094.14581  
12093.71675  
12005.3828  
12030.90405  
12071.93321  
12034.17953  
12061.19438  
12062.47906  
12041.11461  
12088.26833  
12143.74988  
12159.19786  
12138.26252  
11993.61468  
12057.74428  
12031.36218  
11997.76521  
12063.85467  
12266.21443  
12173.84134  
12207.32826  
12100.80007  
12139.60861  
12168.05784  
12105.12904  
12094.54909  
12115.40967  
12061.27774  
12128.31266  
12068.70783  
12027.00066  
12015.61189  
12033.29486  
12157.70415  
12063.8707  
12124.29508  
12043.36143  
12071.04816  
12012.70869  
12017.9767  
12078.98746  
12052.75907  
12072.06855  
12085.19571  
12057.14862  
12122.13451  
12132.93817  
12107.90161  
12145.69057  
12141.05175  
12064.66732  
12113.16898  
11987.98185  
12109.74417  
12020.5371  
11969.95686  
12042.8805  
12016.67423  
12053.22121  
12081.56442  
12073.87246  
12118.17467  
12122.57138  
12141.83004  
12102.17794  
12127.49384  
12087.12592  
12103.76805  
11951.55847  
