11168.3807  
11185.88926  
11212.97427  
11213.44286  
11191.61627  
11236.07875  
11190.33465  
11169.92864  
11254.62454  
11163.29817  
11213.64263  
11176.39578  
11158.95934  
11195.58952  
11165.84177  
11212.21237  
11170.41825  
11141.05942  
11141.91091  
11126.24307  
11233.94949  
11165.24748  
11168.66664  
11239.33856  
11204.24464  
11296.71946  
11281.07227  
11251.99901  
11222.75861  
11185.8288  
11185.06721  
11197.05884  
11287.05032  
11213.13951  
11224.45357  
11220.67435  
11231.99626  
11198.86395  
11205.97999  
11261.2447  
11236.21728  
11328.92966  
11185.9962  
11188.27434  
11183.86856  
11166.25882  
11173.21695  
11163.64971  
11179.9366  
11210.45844  
11180.19415  
11201.88842  
11166.14946  
11142.89208  
11177.553  
11187.58723  
11203.65516  
11195.50428  
11161.73944  
11124.70697  
11156.10224  
11177.28831  
11200.32049  
11211.88801  
11200.61105  
11195.95686  
11159.23908  
11162.22713  
11188.4499  
11207.26544  
11213.08766  
11192.25313  
11213.55931  
11209.21716  
11207.65394  
11186.7274  
11220.80866  
11159.58179  
11237.06162  
11179.3575  
11144.32635  
11163.18009  
11176.24186  
11193.47424  
11156.87686  
11182.67881  
11144.7457  
11208.45445  
11211.21416  
11182.68675  
11247.70526  
11210.28244  
11198.3823  
11158.36817  
11200.55772  
11229.06258  
11174.02811  
11199.90211  
11196.28654  
11190.64599  
11230.13219  
11244.3572  
11250.79489  
11284.93938  
11143.77917  
11189.97718  
11183.0433  
11136.90383  
11197.41997  
11364.1449  
11233.15858  
11267.70864  
11197.04575  
11183.275  
11209.11811  
11209.86265  
11194.97927  
11220.57343  
11169.91418  
11201.71716  
11188.91836  
11143.1384  
11143.66949  
11163.85791  
11211.9523  
11180.83287  
11209.73664  
11181.25448  
11171.30713  
11148.52694  
11161.18439  
11203.66437  
11177.63138  
11181.01921  
11202.45228  
11166.71021  
11216.19359  
11227.32483  
11228.74182  
11275.5832  
11307.48396  
11195.21344  
11206.29008  
11128.99673  
11251.02847  
11138.48655  
11135.01453  
11160.07179  
11161.79984  
11158.75215  
11195.61137  
11165.21091  
11202.41641  
11203.43346  
11308.9469  
11199.5024  
11260.88834  
11194.01218  
11217.67769  
11118.46325  
