10903.71664  
10940.28883  
10963.42735  
10987.38525  
10953.83477  
10973.36323  
10944.11162  
10919.42697  
11006.20711  
10903.12541  
10955.61508  
10937.68155  
10936.15796  
10993.87377  
10951.50093  
10990.0748  
10919.06116  
10899.56547  
10894.64791  
10874.68293  
11046.77069  
10945.5427  
10934.76399  
10998.51338  
10974.34275  
11019.96917  
11010.64953  
10998.23104  
10957.49421  
10900.77609  
10913.68046  
10933.41417  
11065.10819  
10963.58076  
10969.58238  
10946.28688  
10944.31497  
10920.73399  
10946.79894  
11006.92503  
10991.4525  
11113.98445  
10930.56442  
10935.07094  
10932.95301  
10907.95947  
10919.94389  
10919.29413  
10968.28086  
10963.28001  
10933.35087  
10933.88157  
10900.50136  
10898.03323  
10931.90149  
10939.92048  
11004.70273  
10950.28233  
10905.48985  
10865.40421  
10920.98212  
10947.54441  
10982.47062  
10975.79062  
10957.3564  
10947.79201  
10896.6857  
10904.05942  
10938.68909  
10951.90091  
10980.14116  
10973.35277  
10991.95965  
10990.75681  
10951.91575  
10927.40178  
10962.97732  
10909.63652  
10989.5549  
10930.37758  
10902.55434  
10928.31096  
10941.95837  
10947.26764  
10908.89228  
10941.5476  
10887.46762  
10941.67716  
10968.82023  
10930.23534  
11016.81035  
10975.78819  
10939.36639  
10891.1513  
10941.47401  
10969.78096  
10904.82526  
10923.47747  
10939.96778  
10939.62458  
10980.36449  
11009.25276  
11006.77095  
11030.04376  
10907.96999  
10933.16911  
10939.12845  
10883.16204  
10926.21169  
11177.59929  
11030.81503  
11048.89791  
10968.7074  
10968.39618  
10964.27345  
10978.12827  
10994.60003  
11000.08765  
10934.99778  
10957.93358  
10933.40473  
10869.0628  
10872.03583  
10906.55095  
10969.06046  
10932.52493  
10945.95627  
10928.52847  
10925.63667  
10892.44087  
10900.12689  
10953.80445  
10921.86083  
10927.17746  
10953.74242  
10911.14536  
10968.59027  
10983.04626  
11011.60832  
11015.18838  
11102.49556  
10968.68324  
10946.57117  
10859.23106  
10991.19454  
10873.09656  
10866.66503  
10902.31717  
10914.31738  
10920.41291  
10935.15981  
10966.26449  
11008.73104  
11010.55927  
11065.4544  
10959.6951  
11029.72968  
10924.81584  
10958.29278  
10858.84425  
