10974.04796  
11012.21371  
11049.01288  
11041.85507  
10983.96598  
11031.13212  
10996.91981  
11000.01865  
11083.44511  
10954.4177  
11005.48176  
10976.86055  
10965.53801  
11055.05368  
10980.37228  
10998.22895  
10950.4964  
10950.00075  
10950.51473  
10925.60843  
11083.58069  
10974.84079  
10959.02693  
11013.91543  
11008.49627  
11092.80124  
11102.1254  
11090.07102  
10990.32587  
11001.77923  
11051.46609  
11055.05509  
11144.69373  
11026.78873  
11019.34129  
11014.7457  
11042.15021  
11013.72127  
11026.45196  
11097.63642  
11077.12954  
11208.03726  
10948.65804  
10974.8977  
10999.57671  
10988.90882  
10997.79062  
11006.74643  
11034.50902  
10965.42555  
10968.17031  
10988.88679  
10963.51846  
10952.35361  
10993.57696  
10991.33211  
11034.10006  
10977.24371  
10978.67456  
10933.2475  
10971.95156  
11016.42936  
11042.38911  
10994.11312  
10951.11938  
10966.2443  
10988.322  
10968.38474  
11011.1706  
11030.73704  
11046.59295  
11023.56915  
11016.85561  
11000.99834  
10987.12402  
10974.68942  
11023.87292  
10969.5112  
11042.06069  
11011.21016  
10947.03666  
11007.12267  
11012.3229  
11025.05079  
11010.49681  
11022.28817  
10986.18884  
11003.64247  
11017.2827  
10991.71658  
11089.48921  
11003.31737  
10941.36377  
10937.26361  
10975.23796  
10993.87126  
10960.32385  
10994.95785  
10974.99196  
10981.91456  
11005.34835  
11014.66976  
11023.5238  
11086.13445  
10975.98025  
11016.79129  
11013.66376  
10942.42857  
10983.34303  
11222.11724  
11070.48839  
11095.71176  
11041.24138  
11016.57775  
10993.50047  
11034.1472  
11051.93514  
11082.62269  
11026.45657  
11033.82121  
11033.19845  
10967.36969  
10969.24057  
10989.43953  
11001.50002  
11019.49366  
11030.88298  
11010.11543  
11002.83356  
10977.47639  
10982.83879  
11027.49935  
10986.97989  
11012.83443  
11035.36661  
10970.52823  
10996.59807  
11012.66742  
11033.46483  
11058.66739  
11103.58924  
10995.38935  
10965.36343  
10904.65944  
11054.23198  
10948.56098  
10934.00005  
10957.37285  
10983.04136  
10979.49139  
10996.48069  
10939.21903  
10998.56685  
11035.52851  
11158.05413  
11018.05512  
11065.78422  
11006.46542  
11035.93109  
10999.53821  
