11459.8261  
11449.57398  
11468.87037  
11426.7882  
11454.91525  
11471.05937  
11429.54932  
11417.7667  
11498.70435  
11397.40871  
11501.99976  
11366.49905  
11468.63571  
11431.34511  
11475.47827  
11398.07631  
11381.66202  
11443.16729  
11413.35579  
11472.04085  
11388.08065  
11442.97174  
11410.60284  
11379.50112  
11472.11623  
11367.01447  
11426.90159  
11408.82145  
11376.6926  
11469.27606  
11390.13263  
11465.30658  
11377.70577  
11362.51148  
11403.24075  
11340.24833  
11457.54119  
11363.01675  
11471.92172  
11493.29487  
11577.93957  
11492.25752  
11439.07002  
11487.70734  
11412.26584  
11516.06642  
11418.05504  
11482.3838  
11383.38107  
11379.62932  
11478.90588  
11353.28399  
11405.96653  
11611.0864  
11429.93037  
11512.55743  
11471.4158  
11346.85177  
11420.09147  
11385.87638  
11429.78361  
11411.35997  
11389.27218  
11473.49358  
11381.33749  
11390.40354  
11444.74005  
11336.61998  
11450.46111  
11335.54546  
11419.71865  
11364.10058  
11414.31411  
11421.21878  
11425.288  
11478.08911  
11451.04262  
11515.78485  
11582.21989  
11560.24176  
11538.02746  
11459.1393  
11426.5034  
11491.52867  
11442.20453  
11470.62368  
11480.16438  
11462.87636  
11390.85526  
11386.88218  
11519.69961  
11380.03606  
11504.89437  
11377.57291  
11436.3475  
11539.62564  
11370.21824  
11458.21725  
11395.89777  
11419.04531  
11413.21416  
11388.07061  
11454.49388  
11401.93446  
11436.62503  
11388.47259  
11452.66436  
11407.40254  
11403.23532  
11431.99996  
11458.29901  
11451.52613  
11424.17441  
11365.60298  
11502.65479  
11420.52785  
11456.75069  
11446.94915  
11434.09157  
11414.38675  
11452.47206  
11442.52107  
11420.23713  
11484.06625  
11403.09706  
11482.81781  
11450.36499  
11412.80889  
11425.2327  
11464.96875  
11391.26159  
11466.22222  
11393.29961  
11508.22925  
11382.02485  
11450.82432  
11453.87501  
11389.89621  
11513.24088  
11400.12747  
11485.69002  
11420.35688  
11432.09237  
11477.48282  
11407.71858  
11412.84176  
11458.4341  
11398.52763  
11434.1416  
11394.08886  
11488.2477  
11476.35468  
11436.76616  
11412.85305  
11450.50785  
11404.25014  
11471.88557  
11394.37358  
11394.93726  
11474.15527  
