10747.29785  
10791.51736  
10723.16448  
10847.64803  
10696.31091  
10795.80474  
10750.97461  
10779.55579  
10762.20132  
10774.02202  
10734.61963  
10745.9107  
10756.83465  
10748.42966  
10801.8126  
10735.2998  
10796.87287  
10707.2944  
10778.44797  
10741.79211  
10773.18819  
10774.99735  
10693.75093  
10720.72544  
10704.13949  
10686.59625  
10793.1611  
10673.97425  
10677.73337  
10712.83178  
10741.08114  
10775.21864  
10706.67899  
10725.84126  
10671.22505  
10699.79327  
10710.44734  
10653.86962  
10714.21963  
10848.71259  
11040.71961  
10821.118  
10828.5578  
10761.51652  
10789.37778  
10807.56741  
10820.95866  
10830.28576  
10679.19432  
10784.55055  
10723.33667  
10706.55284  
10724.15936  
10870.36938  
10750.82915  
10864.63562  
10719.65386  
10710.93034  
10776.58424  
10700.44659  
10804.86507  
10653.02218  
10709.00793  
10709.35706  
10684.80665  
10764.45624  
10691.62059  
10667.66915  
10690.88934  
10659.57321  
10734.063  
10624.84243  
10705.59942  
10722.4869  
10736.56032  
10779.51164  
10782.6279  
10921.46326  
10944.58398  
10929.04262  
10974.05056  
10750.26976  
10812.26917  
10877.27673  
10761.75551  
10792.36144  
10845.84429  
10747.97121  
10743.65847  
10795.23676  
10751.68113  
10739.90654  
10785.32404  
10651.97943  
10742.84712  
10900.10299  
10727.43342  
10768.12019  
10685.40969  
10716.31996  
10624.81538  
10731.94527  
10771.00694  
10730.59814  
10719.91625  
10723.91128  
10810.32465  
10720.38545  
10730.68389  
10709.81516  
10773.84821  
10795.32366  
10731.91598  
10769.36528  
10745.14482  
10795.39631  
10846.29318  
10691.3579  
10721.88224  
10694.32788  
10753.38083  
10705.50408  
10798.65485  
10734.07644  
10764.58675  
10775.04075  
10709.49342  
10737.55692  
10797.92029  
10729.15137  
10777.38715  
10717.11945  
10744.96174  
10738.19953  
10724.40141  
10848.45713  
10728.23615  
10783.67968  
10741.32856  
10728.8431  
10735.09278  
10691.15549  
10774.12538  
10774.46858  
10716.34537  
10787.84712  
10726.27893  
10696.37495  
10758.97195  
10692.60688  
10826.46026  
10742.66716  
10751.192  
10794.912  
10726.54441  
10759.36647  
10770.9222  
10706.11145  
10787.75022  
10833.52268  
