11286.12136  
11364.63557  
11272.21021  
11355.20084  
11261.69484  
11417.66653  
11242.8068  
11336.74712  
11279.57284  
11247.78002  
11279.45148  
11164.83789  
11316.5772  
11265.25648  
11411.37009  
11235.24564  
11314.37115  
11270.53622  
11328.4263  
11277.52349  
11244.33077  
11367.66635  
11241.64222  
11274.09655  
11316.04666  
11207.23735  
11356.75894  
11203.89473  
11209.14988  
11308.84438  
11240.7142  
11361.984  
11196.21529  
11290.79457  
11187.11794  
11186.48334  
11313.44829  
11142.38749  
11267.84092  
11263.36681  
11478.45062  
11342.85524  
11364.05425  
11298.35252  
11325.50997  
11310.92592  
11235.91528  
11369.39666  
11209.24582  
11261.64869  
11323.75004  
11254.46811  
11349.91818  
11501.28729  
11289.37543  
11446.79245  
11265.02416  
11210.88543  
11357.10009  
11220.86896  
11407.18476  
11221.13616  
11216.16354  
11337.25341  
11186.66758  
11304.1816  
11280.80715  
11172.35566  
11278.6957  
11179.49403  
11330.48088  
11152.04097  
11280.7486  
11196.65747  
11247.77605  
11386.06834  
11250.79418  
11361.76302  
11493.53344  
11453.95911  
11425.15605  
11301.75216  
11317.89854  
11302.68367  
11231.7632  
11313.02355  
11344.84189  
11348.81874  
11252.2089  
11298.71752  
11351.74646  
11195.2217  
11376.67519  
11166.40179  
11296.15066  
11412.49005  
11295.67177  
11376.6952  
11229.61277  
11338.37626  
11230.41319  
11296.29688  
11326.88134  
11204.65591  
11308.91429  
11205.47248  
11309.02622  
11264.73677  
11322.06785  
11249.11469  
11253.74006  
11379.06243  
11299.12448  
11280.47293  
11284.12016  
11266.58986  
11442.05372  
11287.91846  
11349.08063  
11183.39298  
11344.5968  
11205.12374  
11287.15305  
11284.38538  
11252.06242  
11308.0347  
11227.594  
11200.38802  
11356.3029  
11276.64132  
11312.36097  
11269.48298  
11227.01017  
11311.7873  
11208.39895  
11391.12123  
11294.40707  
11324.02891  
11363.67616  
11253.47644  
11329.81179  
11239.27455  
11352.03097  
11358.97849  
11224.35312  
11298.20574  
11311.49281  
11232.20764  
11340.43346  
11220.43791  
11416.43673  
11267.72736  
11259.40733  
11316.97716  
11271.48245  
11210.97619  
11396.52798  
11203.50391  
11238.21575  
11365.94616  
