11103.67563  
10970.92088  
11106.34045  
11017.00432  
11033.5294  
11005.70153  
10982.56472  
10982.01275  
11173.97595  
11057.44574  
11065.16457  
10928.75479  
11042.78725  
10984.76283  
11048.01643  
11028.5389  
10955.71985  
11153.23921  
11026.6552  
11150.83801  
10989.28155  
11014.71017  
11087.91902  
10984.95361  
11091.09193  
10989.90082  
10999.76223  
11122.19223  
10965.48076  
11082.96479  
10990.24013  
11027.40172  
10979.17489  
10962.24637  
11115.37898  
10969.79283  
11054.49536  
10992.75829  
11054.68035  
10981.26442  
11072.85277  
11050.30648  
11016.95567  
11155.47265  
10990.1412  
11090.11762  
10979.38176  
11057.8932  
11005.01672  
11015.07632  
11140.16509  
11086.14583  
11067.75017  
11166.88183  
11047.91733  
11059.50707  
11132.94394  
10981.01423  
10986.88543  
11073.99299  
11070.42111  
11104.97592  
11023.1089  
11062.44851  
11030.74929  
11001.81138  
11153.65145  
11019.99293  
11075.52565  
10963.43455  
11035.65697  
10918.2269  
11075.39592  
11113.30475  
11038.77409  
11067.47731  
10908.72538  
10986.1886  
11052.34271  
10970.67692  
11005.30257  
10942.57104  
10929.95072  
10964.8845  
10764.25651  
11041.78416  
11037.57397  
11083.13697  
11092.2792  
11018.73152  
11107.53789  
11051.07101  
11107.63647  
11022.31417  
10920.1165  
10860.82577  
11019.39046  
11141.38916  
11067.05738  
11021.51132  
11116.65847  
10930.43751  
11070.96812  
10987.63218  
11064.05679  
10960.32312  
11074.51544  
11015.89944  
11003.29471  
11162.67618  
11050.25273  
11040.35719  
11021.22951  
10965.31033  
11080.31382  
10967.79709  
11031.51282  
11017.83208  
11011.5944  
11002.3571  
10977.02072  
11071.79313  
11029.25535  
11168.13127  
11045.19223  
11074.1278  
11133.87735  
11043.16285  
11004.36855  
11177.65943  
11044.99539  
11154.61447  
10936.75418  
11122.884  
10944.65519  
11010.75963  
11038.77629  
10982.99431  
11129.5323  
11040.07083  
11074.22449  
11070.52867  
10956.13442  
11066.08902  
11054.58884  
10976.21903  
11034.21124  
10978.84148  
11031.43385  
11006.29444  
11009.80025  
11122.8727  
11144.66539  
10989.84385  
11083.18583  
10983.41189  
11000.22013  
11023.34694  
11007.41626  
11024.88472  
