11280.86089  
11342.37003  
11306.7487  
11364.15692  
11322.80321  
11350.12376  
11311.80181  
11332.77048  
11291.36205  
11388.58055  
11320.18214  
11361.05142  
11337.44539  
11342.2393  
11357.70794  
11335.70258  
11361.22214  
11324.30769  
11387.03577  
11304.20747  
11349.63055  
11347.03805  
11297.01401  
11381.31729  
11388.83784  
11371.63554  
11383.09868  
11307.24489  
11361.77737  
11327.08204  
11369.55587  
11320.43732  
11312.58739  
11377.32291  
11319.75947  
11368.18008  
11341.42182  
11374.94882  
11336.74266  
11197.38619  
11313.86165  
11276.43693  
11343.30006  
11283.59456  
11341.17783  
11302.51859  
11337.22396  
11365.98896  
11351.60612  
11403.22061  
11355.92622  
11417.36711  
11430.10759  
11389.97313  
11377.26226  
11390.10144  
11356.37339  
11376.49079  
11365.82554  
11346.80264  
11415.37494  
11353.24838  
11445.40434  
11373.82761  
11374.08165  
11411.66072  
11353.11969  
11394.91552  
11352.46134  
11357.20226  
11353.35719  
11350.60218  
11373.50978  
11349.7693  
11368.81237  
11399.3629  
11125.92409  
11108.81931  
11126.92904  
11138.73215  
11260.39274  
11168.95211  
11287.2985  
11111.81838  
10961.01198  
11208.66821  
11313.13099  
11362.43175  
11324.64756  
11395.23613  
11330.05857  
11395.82379  
11354.9985  
11367.80098  
11268.25933  
11059.78099  
11370.42697  
11357.74158  
11374.44617  
11423.80161  
11358.78318  
11383.86877  
11402.20316  
11400.62981  
11368.39293  
11411.34431  
11370.19864  
11352.77276  
11390.45143  
11339.53001  
11381.72069  
11366.31864  
11308.56491  
11337.81037  
11298.60045  
11328.20043  
11363.52453  
11338.90815  
11349.29541  
11320.69378  
11364.72918  
11333.52659  
11393.61249  
11338.78947  
11405.08729  
11371.86155  
11341.26634  
11349.04909  
11360.4639  
11331.77666  
11385.26404  
11324.64743  
11358.83497  
11347.09891  
11296.91828  
11358.7488  
11286.72926  
11374.46161  
11320.9195  
11371.88361  
11346.61425  
11315.66017  
11389.67991  
11377.69041  
11324.47635  
11374.53578  
11329.57504  
11359.82903  
11340.33243  
11319.34456  
11362.85163  
11305.06872  
11344.21269  
11367.2221  
11296.68151  
11308.30625  
11316.53502  
11278.91154  
11338.90614  
11340.81294  
