10656.87248  
10725.5394  
10648.39861  
10709.09403  
10635.00384  
10752.73842  
10636.79339  
10703.9415  
10670.22228  
10648.82801  
10687.38748  
10611.94104  
10710.84088  
10652.09925  
10745.82734  
10629.63837  
10709.33142  
10656.75044  
10678.66248  
10693.12117  
10665.68755  
10722.45674  
10616.51813  
10623.82461  
10681.31117  
10595.18452  
10722.18106  
10589.80858  
10584.43884  
10687.52483  
10638.78239  
10720.61978  
10604.85808  
10632.20152  
10594.03284  
10591.58245  
10682.80212  
10558.24477  
10666.60039  
10714.49394  
10899.14479  
10719.3334  
10733.20505  
10660.97245  
10653.52836  
10718.75584  
10663.5668  
10766.7656  
10590.05716  
10654.09701  
10683.28477  
10619.93351  
10698.11805  
10821.23832  
10668.96942  
10825.64186  
10671.9184  
10622.32356  
10720.45802  
10613.41595  
10770.79265  
10611.39574  
10605.20491  
10711.22159  
10599.37656  
10671.14926  
10637.23934  
10552.93516  
10650.57859  
10564.84431  
10683.35465  
10548.76638  
10659.84201  
10596.6573  
10640.781  
10743.62975  
10667.27192  
10787.41112  
10891.82219  
10818.33181  
10820.7242  
10666.78973  
10683.59383  
10735.88657  
10607.48596  
10714.80386  
10709.52029  
10709.48535  
10619.71225  
10652.36836  
10706.39493  
10628.94131  
10741.60769  
10562.71574  
10641.7458  
10781.44706  
10606.49007  
10730.85563  
10627.72698  
10672.14726  
10586.49106  
10656.02617  
10720.99914  
10632.83871  
10670.72902  
10610.56852  
10719.15632  
10649.70912  
10663.6547  
10647.42031  
10680.53039  
10741.60642  
10647.66117  
10646.25431  
10701.4168  
10660.92242  
10778.93607  
10635.83748  
10708.22789  
10591.3276  
10713.87284  
10618.44103  
10667.98982  
10659.39004  
10655.74793  
10705.88668  
10635.6913  
10623.1223  
10716.44541  
10641.3037  
10650.14369  
10661.57515  
10649.34344  
10700.38186  
10624.69935  
10753.6469  
10665.77943  
10691.04448  
10687.33483  
10640.44275  
10707.74121  
10600.95446  
10676.4874  
10733.66209  
10610.51324  
10682.52893  
10681.98774  
10611.75731  
10713.93371  
10606.46609  
10761.22278  
10668.08168  
10639.46488  
10668.90146  
10678.13086  
10631.77429  
10734.93945  
10601.82803  
10656.04663  
10766.52985  
