10926.6424  
10844.62515  
10944.15796  
10962.99752  
10831.053  
10849.12742  
10861.061  
10868.18789  
10886.54939  
10782.5304  
10921.55777  
10791.00698  
10897.19171  
10878.69801  
10920.09896  
10872.34675  
10810.40815  
10906.72503  
10813.61618  
10907.29224  
10866.71355  
10932.09441  
10924.59097  
10820.59853  
10902.60654  
10889.18246  
10888.88638  
10864.07142  
10798.84384  
10909.32339  
10855.91282  
10928.22356  
10820.30503  
10717.39635  
10927.49092  
10789.35158  
10891.35143  
10787.40475  
10917.48608  
10958.99379  
10899.8183  
10898.70209  
10855.42475  
10898.70279  
10796.38657  
10949.25916  
10819.14337  
10835.96882  
10848.16998  
10808.14315  
10916.37017  
10809.09817  
10876.80179  
10943.60509  
10889.42593  
10865.59222  
10941.20288  
10830.44186  
10892.0998  
10852.51962  
10912.56191  
10873.05603  
10815.99402  
10855.19035  
10931.41287  
10801.84211  
10884.23209  
10778.55021  
10902.17834  
10796.60475  
10920.71421  
10811.22057  
10970.97133  
10910.77017  
10839.016  
10911.00069  
11001.09759  
10873.96186  
10856.97887  
10897.00975  
10818.70974  
10931.52437  
10786.89431  
10919.10389  
10954.47266  
11002.30803  
10845.63322  
10867.57082  
10864.09914  
10806.17553  
10890.28031  
10816.33315  
10928.5505  
10807.29491  
10901.70026  
10974.44794  
10901.83572  
10949.13556  
10875.65024  
10789.36265  
10869.72814  
10768.17081  
10902.99125  
10809.37141  
10933.07533  
10811.01429  
10903.78345  
10882.27348  
10832.76255  
10938.82484  
10891.9328  
10961.5293  
10908.60473  
10833.80111  
10938.50819  
10832.53288  
10866.10691  
10859.25753  
10906.52718  
10858.23318  
10846.33678  
10875.81391  
10843.24606  
10902.42395  
10838.05417  
10890.46918  
10960.1004  
10858.0125  
10860.46004  
10882.21332  
10815.83202  
10951.24002  
10820.16012  
10920.19553  
10855.53477  
10856.35946  
10927.45206  
10813.14426  
10888.11545  
10834.05011  
10898.84636  
10880.83855  
10880.66622  
10875.01007  
10910.93774  
10796.33217  
10858.87304  
10809.47226  
10903.61785  
10836.46889  
10808.05829  
10902.90627  
10946.43098  
10829.43511  
10957.03619  
10880.74099  
10874.16246  
10916.48679  
10853.67079  
10891.11211  
