10780.3443  
10892.64858  
10778.83413  
10909.41613  
10765.9237  
10965.92895  
10770.58489  
10884.86332  
10763.82461  
10806.8811  
10797.94347  
10682.81694  
10849.61039  
10782.60591  
10980.69434  
10746.86647  
10878.2277  
10791.48487  
10889.5964  
10793.77633  
10779.23307  
10917.59062  
10759.69902  
10803.51391  
10842.79922  
10748.98576  
10922.16122  
10704.7929  
10719.57757  
10834.96919  
10764.94104  
10903.85293  
10720.56333  
10837.09106  
10700.69889  
10707.14676  
10876.57431  
10683.02705  
10807.53129  
10757.66677  
10996.10119  
10864.30587  
10890.71794  
10794.21518  
10843.31254  
10823.04243  
10749.50908  
10906.76251  
10728.27132  
10800.73253  
10855.40596  
10813.69741  
10915.72159  
10996.53118  
10814.26881  
11010.31381  
10797.15785  
10756.28116  
10916.47857  
10756.736  
10982.36323  
10728.61184  
10746.57809  
10840.69579  
10718.67967  
10853.34112  
10802.32273  
10691.49438  
10821.99453  
10719.62839  
10879.37233  
10661.73052  
10802.15824  
10699.04781  
10765.13832  
10952.2786  
10750.45399  
10830.72105  
11008.73224  
10987.05165  
10920.40242  
10808.94419  
10850.82293  
10879.43619  
10754.86947  
10850.15844  
10869.11603  
10865.79245  
10770.20301  
10836.42466  
10868.23922  
10718.84423  
10889.64586  
10693.58631  
10775.55686  
10947.01314  
10844.99871  
10914.35932  
10768.03495  
10863.3293  
10725.82232  
10843.31746  
10861.89221  
10722.45653  
10874.80931  
10736.48646  
10878.4406  
10800.70722  
10841.23539  
10771.15389  
10757.66753  
10934.90817  
10819.97133  
10824.21822  
10819.03287  
10795.79334  
10998.93962  
10771.10079  
10896.60009  
10688.40769  
10878.30583  
10697.74913  
10819.6477  
10781.97173  
10786.52574  
10843.03481  
10759.10353  
10688.7753  
10907.41331  
10753.64965  
10869.99082  
10767.37798  
10743.17648  
10822.24311  
10733.91591  
10941.03037  
10812.47728  
10867.68761  
10864.50779  
10768.67302  
10850.43573  
10753.82695  
10884.71289  
10905.82883  
10747.12214  
10844.38418  
10846.43487  
10754.57545  
10911.29717  
10740.72573  
10967.33951  
10781.24576  
10784.47562  
10853.95228  
10802.09976  
10705.85943  
10936.3382  
10721.61367  
10784.37292  
10902.85434  
