11232.99123  
11223.48642  
11224.70911  
11173.85233  
11176.86867  
11146.50818  
11190.77453  
11184.78778  
11150.19964  
11135.01826  
11145.04179  
11122.14992  
11102.78766  
11161.91906  
11118.5439  
11145.12904  
11173.49063  
11198.79993  
11180.11389  
11194.31506  
11191.26066  
11186.24412  
11237.84684  
11257.05951  
11204.47879  
11231.48907  
11201.95599  
11206.76883  
11161.69724  
11127.86684  
11187.24706  
11233.04864  
11185.49234  
11165.11088  
11160.60085  
11183.02953  
11093.0058  
11143.92186  
11225.69919  
11219.77031  
11185.15916  
11175.42903  
11152.24401  
11206.74951  
11221.71292  
11231.14059  
11182.4508  
11237.38565  
11185.98642  
11148.7892  
11106.43674  
11092.06072  
11126.28443  
11121.87827  
11181.80393  
11139.89342  
11105.98569  
11122.13703  
11146.54866  
11203.5172  
11175.05456  
11186.69049  
11195.88235  
11196.45004  
11229.76863  
11208.72637  
11219.07659  
11181.63189  
11134.06995  
11162.13517  
11188.39448  
11169.47034  
11141.32892  
11170.20427  
11163.30042  
11146.54882  
11095.89309  
11125.15173  
11127.50309  
11098.80698  
11122.39215  
11186.63025  
11194.20138  
11139.72299  
11196.99597  
11223.47706  
11132.96764  
11169.63398  
11190.72139  
11202.64099  
11224.90592  
11204.45795  
11213.25831  
11226.81993  
11216.90949  
11216.67553  
11198.1676  
11194.58083  
11177.54198  
11241.46254  
11207.23469  
11295.92214  
11256.24563  
11189.6486  
11180.20083  
11182.38438  
11182.14013  
11204.10266  
11168.16059  
11156.59874  
11165.98439  
11130.02194  
11159.78903  
11179.07013  
11171.24163  
11182.79379  
11259.251  
11205.31842  
11178.27632  
11159.09497  
11187.63481  
11174.52552  
11211.37423  
11232.07014  
11189.88305  
11173.09714  
11243.71278  
11223.87282  
11174.09337  
11177.01826  
11152.32626  
11091.43743  
11080.92248  
11107.9756  
11091.60157  
11120.11036  
11257.71218  
11192.10069  
11147.78016  
11116.98024  
11118.0752  
11088.09861  
11116.59658  
11127.6728  
11235.78882  
11200.47871  
11218.76635  
11204.28137  
11204.12696  
11172.2843  
11160.20597  
11154.57404  
11164.50828  
11243.76289  
11198.28705  
11184.91356  
11158.48958  
11232.65196  
11230.06893  
11192.50139  
