12092.50422  
12055.82565  
12018.46998  
11931.06956  
11970.85144  
11944.29197  
11935.05869  
11979.07612  
11901.79861  
11800.73339  
11865.56804  
11909.70434  
11926.81157  
11950.61678  
11907.88171  
11921.33796  
11932.1263  
12016.17874  
12004.48375  
11947.03969  
11940.53111  
12139.49147  
11988.12798  
12213.82053  
12042.21736  
12032.32735  
12086.54857  
12042.9846  
11950.73642  
11978.51901  
11932.68367  
11947.68693  
11940.04992  
11939.66068  
11881.57028  
11904.89673  
11921.05931  
11893.49893  
11862.66647  
11932.05024  
11927.79516  
11942.24614  
12113.90532  
12006.10704  
12014.35953  
12015.62377  
12020.66299  
12012.31726  
11972.67853  
11929.35821  
11898.62638  
11874.51445  
11874.09676  
11942.20684  
11987.96218  
11910.4228  
11904.25091  
11910.69187  
11958.14511  
11903.54959  
11834.42225  
11835.1744  
11988.59766  
11955.28255  
11970.50503  
12001.43476  
12093.06933  
11989.9333  
11994.03558  
12079.6916  
12094.70955  
11967.82158  
11760.44837  
11846.44163  
11953.83663  
12010.93061  
11933.3687  
11952.97887  
11951.56434  
11943.41527  
11887.58159  
11939.01702  
11938.88456  
11936.85427  
11903.28038  
11861.37964  
12074.1516  
11985.47024  
12011.12453  
12229.76083  
12081.05946  
11928.1792  
11927.75395  
11949.09838  
12075.38046  
11963.24747  
11966.47195  
11979.96183  
12020.02509  
12016.10192  
12014.03455  
12063.87117  
12060.11599  
11989.76558  
11953.92008  
11970.57152  
11993.91061  
12024.40698  
11990.96802  
11971.75819  
11962.01807  
11971.79597  
11883.70244  
11883.01573  
11888.26157  
11967.53684  
12038.08512  
11993.67068  
12043.53411  
12077.80302  
11978.12205  
11971.78465  
11987.21808  
11958.35502  
11937.38374  
12182.43937  
12043.73941  
12004.32872  
12108.58611  
11909.22228  
11791.12315  
11756.16003  
11733.41945  
11800.55412  
11777.9443  
12007.99559  
11922.61297  
11931.35916  
11983.29477  
11922.41771  
11801.54711  
11806.83684  
11873.48282  
11912.07923  
11990.304  
12002.32521  
11999.31777  
12004.0083  
11975.47253  
11981.40263  
12012.75501  
12080.77511  
11997.17792  
12022.05572  
12036.88008  
12140.3847  
11942.70538  
11942.93882  
11949.93079  
12009.50924  
