11130.59336  
11163.48911  
11135.73797  
11120.08766  
11127.9417  
11087.7425  
11128.73019  
11131.29855  
11051.60428  
10964.43622  
10993.11906  
11003.42817  
11033.79563  
11055.58919  
10968.39514  
10982.03641  
10986.82843  
10974.32911  
11002.00275  
10998.74107  
11037.89797  
11204.06766  
11166.27824  
11240.5428  
11159.22538  
11186.66078  
11191.477  
11216.94188  
11172.53458  
11090.13367  
11153.18465  
11162.44438  
10994.99341  
10989.62468  
10986.32241  
11037.10498  
11096.38263  
11139.10764  
11155.44225  
11132.79234  
11107.74393  
11027.57117  
11040.48536  
11025.24389  
11035.80665  
11052.2547  
11016.54319  
11069.2132  
11006.08686  
10999.47654  
10958.72539  
10920.19213  
10991.79008  
11004.10486  
11077.3984  
10957.70575  
10978.23354  
10986.55921  
10991.35536  
10999.18903  
11019.40975  
11023.88794  
11045.84058  
11062.56927  
11146.86315  
11172.87433  
11176.07749  
11180.8706  
11147.29036  
11146.83986  
11230.04472  
11130.09703  
11034.3723  
11121.77895  
11153.38601  
11169.7478  
11103.66505  
11077.68124  
11079.91359  
11040.17509  
10945.63987  
11027.43417  
11035.08911  
10956.81615  
11041.10621  
11143.74243  
11170.94398  
11148.23524  
11112.88301  
11084.80328  
11091.00887  
10960.40912  
11008.43178  
11109.38006  
11139.01862  
11131.53349  
11157.70072  
11166.8013  
11135.45425  
11119.84499  
11069.3933  
11157.4779  
11197.14266  
11164.43348  
11173.8326  
11192.26971  
11132.41562  
11124.26068  
11064.29026  
11069.89562  
11006.76042  
10984.36522  
10989.87187  
10984.41256  
10987.34482  
10970.67029  
11154.09554  
11173.63149  
11156.84682  
11103.45373  
11047.39329  
11044.3093  
11031.71926  
11100.85205  
11055.59535  
11077.89649  
11168.60483  
11229.82343  
11185.93209  
11118.28104  
11056.45528  
10989.61904  
10934.09583  
10964.92383  
10942.18582  
10947.33008  
11079.85162  
11146.72744  
11131.18931  
11037.33839  
10952.48156  
11028.9928  
11022.50639  
10981.67772  
11068.85336  
11054.70251  
11048.50078  
11044.34895  
11059.21656  
11131.53133  
11173.23255  
11113.01882  
11046.37686  
11168.11292  
11186.65648  
11142.81849  
11043.10639  
11069.55383  
11163.16432  
11112.43308  
