11145.68897  
11130.79547  
11094.9293  
11081.13267  
11087.86082  
11087.73948  
11136.96696  
11189.72259  
11119.97546  
11027.47621  
11064.01751  
11019.82671  
11104.64752  
11122.7105  
11040.67468  
11036.15654  
11056.66863  
11066.83263  
11083.05491  
11043.23537  
11116.93007  
11248.352  
11142.61183  
11179.43236  
11122.44571  
11146.57075  
11118.66673  
11137.24296  
11096.46115  
11061.38368  
11113.66445  
11106.25544  
11060.88709  
11065.5121  
11025.07101  
11055.44255  
11095.66639  
11096.81071  
11118.17027  
11115.02886  
11037.92815  
11021.63646  
11097.57801  
11160.04602  
11119.97138  
11089.52455  
11026.16351  
11062.54699  
11060.84171  
11092.26511  
11036.9996  
10976.01357  
11039.85521  
11099.65283  
11195.06614  
11065.62479  
11049.66533  
11029.46411  
11059.33659  
11085.13053  
11067.86353  
11050.5293  
11053.15434  
11041.02055  
11089.27841  
11097.46283  
11154.1961  
11172.34439  
11132.39384  
11111.28862  
11172.68059  
11042.58005  
11024.55302  
11098.60086  
11104.027  
11247.99388  
11191.54598  
11125.98942  
11115.33062  
11117.02862  
11012.56396  
11024.83964  
11067.21502  
11023.73621  
11079.30067  
11122.876  
11151.1387  
11138.45827  
11054.9798  
11084.32144  
11110.10886  
11057.69751  
11032.18954  
11063.61944  
11074.97714  
11109.80573  
11135.71575  
11126.67382  
11148.6315  
11196.18834  
11142.55181  
11130.06441  
11180.84609  
11134.22328  
11145.99123  
11124.50074  
11161.33351  
11170.15552  
11089.34987  
11067.64541  
11058.41276  
11067.72817  
11028.04638  
11036.59516  
11058.60225  
11039.17153  
11092.49242  
11157.99643  
11158.29167  
11095.4757  
11097.45309  
11056.55134  
11096.21799  
11117.28872  
11070.02989  
11083.34928  
11208.02422  
11170.88841  
11108.63802  
11195.7783  
11116.24071  
11053.2476  
11024.75175  
11073.0903  
11047.70251  
11021.8138  
11138.86672  
11137.788  
11130.36096  
11050.76977  
11021.3764  
11088.57354  
11165.90405  
11071.69871  
11070.08556  
11079.41444  
11072.49097  
11074.90904  
11070.98549  
11119.77061  
11126.99497  
11134.24724  
11073.95197  
11099.01531  
11126.43642  
11156.9704  
11080.39872  
11083.09605  
11112.88563  
11134.14035  
