10880.76917  
10944.39618  
10938.74628  
10893.989  
10818.01837  
10814.48685  
10848.31881  
10866.4346  
10838.49245  
10799.5094  
10836.22976  
10826.27677  
10878.45991  
10896.10432  
10845.97044  
10838.36406  
10923.62245  
10953.70608  
10929.57758  
10964.12628  
10956.75933  
10956.67864  
10890.34405  
11030.39487  
10947.4021  
10882.96304  
10920.05757  
10863.70281  
10825.5135  
10765.90683  
10774.69228  
10873.79771  
10890.35621  
10862.13608  
10886.25066  
10824.60046  
10742.25133  
10831.20817  
10894.29197  
10950.5364  
10933.32579  
10882.18504  
10951.52235  
10951.11356  
10969.29706  
10858.87848  
10871.14288  
10862.99307  
10872.31478  
10905.44032  
10824.41534  
10819.90492  
10829.68262  
10866.40612  
10884.08705  
10807.50723  
10861.08117  
10860.44081  
10910.7009  
10914.98982  
10821.70794  
10894.2169  
10971.50574  
10948.0128  
10935.59332  
10966.12617  
10902.54975  
10857.89026  
10786.89516  
10777.27602  
10776.85876  
10806.65221  
10833.49831  
10858.52727  
10827.61575  
10925.31823  
10801.344  
10757.58595  
10830.03546  
10885.2967  
10868.31586  
10949.3176  
10942.67178  
10944.29789  
10946.65533  
10882.31752  
10964.18272  
10876.8332  
10871.84577  
11014.32849  
10998.03304  
10959.68984  
10985.09917  
10971.99693  
10926.87898  
10903.58939  
10911.4069  
10860.14466  
10861.57191  
10831.66846  
10909.31767  
10945.66532  
10897.22754  
10836.90318  
10791.91991  
10779.00627  
10838.22177  
10884.98215  
10869.28776  
10912.50443  
10926.74799  
10953.97934  
10896.43305  
10898.56979  
10911.00828  
10976.17867  
10937.37923  
10816.90661  
10787.02509  
10809.60169  
10843.5078  
10921.67819  
10965.01987  
10856.78335  
10851.35123  
10969.83681  
10896.35229  
10808.71608  
10892.42213  
10787.28406  
10727.53989  
10777.96467  
10747.42857  
10808.95955  
10858.18959  
10830.93667  
10952.32631  
10883.04443  
10869.45935  
10781.87625  
10725.85038  
10696.54783  
10794.94627  
10856.70096  
10899.52587  
10940.40386  
10946.15723  
11000.73785  
10949.2289  
10901.15163  
10847.97871  
10961.36581  
10980.71962  
10974.22535  
10880.12794  
10913.78362  
10876.74054  
10885.21838  
10881.83284  
10804.47764  
