10703.71045  
10683.84461  
10668.45488  
10610.3484  
10647.061  
10622.42814  
10645.96877  
10717.61484  
10674.57371  
10636.71416  
10653.18963  
10601.48199  
10658.84416  
10710.27248  
10622.71754  
10617.62018  
10661.97406  
10651.57561  
10685.23037  
10696.41514  
10806.68092  
10806.38115  
10687.679  
10807.43645  
10630.9334  
10712.67012  
10685.30262  
10677.91811  
10628.35744  
10523.70314  
10647.18604  
10727.05902  
10630.89127  
10609.17941  
10613.40396  
10598.99824  
10593.83344  
10631.50662  
10685.85922  
10699.83033  
10665.24145  
10598.90195  
10617.05357  
10729.38176  
10750.06674  
10720.91844  
10648.04744  
10639.63709  
10644.17158  
10603.81248  
10538.86748  
10552.32816  
10557.64256  
10648.74785  
10720.04855  
10636.71068  
10611.05941  
10601.60252  
10637.65984  
10672.69617  
10637.6959  
10663.60473  
10711.0948  
10650.54064  
10673.56367  
10666.0948  
10734.91957  
10672.36904  
10652.62393  
10652.7049  
10664.66234  
10612.18377  
10632.23443  
10646.90594  
10684.9926  
10754.53299  
10609.60717  
10615.83143  
10625.71078  
10625.06691  
10532.84352  
10611.8752  
10634.30496  
10600.91439  
10648.59473  
10724.08313  
10695.56316  
10629.0882  
10620.14641  
10674.96047  
10755.24131  
10715.98557  
10737.76721  
10700.0466  
10754.33826  
10707.97316  
10730.90443  
10712.53951  
10737.70291  
10782.22879  
10772.84996  
10852.92568  
10757.43828  
10674.34844  
10706.63301  
10691.35848  
10725.86879  
10730.50566  
10661.80473  
10648.45699  
10653.09578  
10655.12037  
10619.82357  
10603.85914  
10666.04588  
10677.17014  
10705.80377  
10702.02432  
10721.12191  
10630.24131  
10705.32693  
10687.11861  
10691.44311  
10710.32438  
10664.33182  
10631.47563  
10738.00203  
10716.53641  
10628.90426  
10660.58527  
10617.66906  
10576.73684  
10551.02748  
10612.94656  
10536.08375  
10493.65842  
10721.19684  
10694.95387  
10651.11572  
10537.64  
10489.6135  
10526.99268  
10585.64373  
10620.75359  
10694.6708  
10693.72551  
10699.02256  
10744.86029  
10706.95906  
10700.11986  
10715.15375  
10732.78193  
10697.45621  
10704.7548  
10697.12102  
10767.1759  
10651.8782  
10648.67854  
10713.6166  
10663.81891  
