11189.13322  
11176.9213  
11159.51167  
11127.27278  
11132.15382  
11116.98457  
11163.74324  
11187.26688  
11135.01593  
11080.9924  
11104.33765  
11070.74584  
11103.72199  
11142.22186  
11079.42476  
11090.38456  
11114.8028  
11132.50356  
11131.3544  
11118.41721  
11153.91923  
11217.44524  
11190.00366  
11218.06199  
11163.26786  
11188.82869  
11160.11399  
11171.84114  
11128.92461  
11094.46772  
11150.28139  
11169.35159  
11122.89444  
11115.07547  
11092.51477  
11118.9337  
11094.3424  
11120.25465  
11171.67992  
11167.15139  
11111.19477  
11098.16831  
11124.78147  
11183.28709  
11170.60105  
11159.99699  
11103.93681  
11149.55201  
11123.11752  
11120.39321  
11071.55363  
11033.76215  
11082.86501  
11110.71289  
11188.46646  
11102.58311  
11077.69205  
11075.58096  
11102.73596  
11144.04333  
11121.20504  
11118.28723  
11124.18013  
11118.36698  
11159.19061  
11152.83094  
11186.4826  
11176.96614  
11133.22792  
11136.5914  
11180.5003  
11105.72451  
11082.66425  
11134.23289  
11133.52325  
11197.51174  
11143.9462  
11125.57256  
11121.38801  
11107.96097  
11067.2178  
11105.35155  
11130.40728  
11081.45475  
11137.86942  
11172.93814  
11142.09623  
11153.97225  
11122.52893  
11143.20083  
11167.23536  
11130.72996  
11122.29485  
11144.83296  
11145.60698  
11162.98738  
11166.79368  
11160.46641  
11163.01823  
11218.71815  
11174.73998  
11212.60025  
11218.36719  
11161.8046  
11163.01496  
11153.30539  
11171.68751  
11187.04865  
11128.56848  
11111.91128  
11111.94367  
11098.72744  
11093.60552  
11107.49502  
11114.65502  
11110.64232  
11175.47654  
11181.54529  
11168.23664  
11127.13458  
11142.33025  
11115.25887  
11153.52322  
11174.40743  
11129.67246  
11128.01053  
11225.78393  
11197.25506  
11141.21059  
11186.44273  
11134.19797  
11072.25201  
11052.70401  
11090.45028  
11069.54801  
11070.72915  
11198.00783  
11164.81564  
11139.02928  
11083.71811  
11069.49666  
11088.3372  
11141.36716  
11099.55311  
11152.54453  
11139.65969  
11145.28204  
11139.28864  
11137.24072  
11145.90301  
11143.52177  
11144.36247  
11119.01554  
11171.0461  
11162.19148  
11170.87576  
11119.2591  
11157.51961  
11171.19959  
11163.18257  
