11548.88889  
11389.74032  
11464.6477  
11331.69155  
11394.39774  
11501.519  
11396.82758  
11413.87045  
11343.56818  
11423.7508  
11421.65061  
11359.04731  
11488.64561  
11342.88696  
11465.64142  
11373.772  
11483.58539  
11397.23201  
11448.89728  
11397.23095  
11397.91707  
11422.56971  
11384.55007  
11474.41143  
11421.68309  
11468.87633  
11373.89341  
11503.90321  
11429.97266  
11436.36196  
11320.23565  
11373.57166  
11473.98825  
11340.28198  
11375.82227  
11487.08924  
11457.73301  
11484.57107  
11456.10252  
11388.25325  
11468.84072  
11423.04524  
11372.39259  
11497.01062  
11462.6298  
11479.64855  
11421.11972  
11361.20187  
11464.44715  
11389.79865  
11319.73032  
11364.61957  
11416.01707  
11315.07953  
11382.82728  
11471.44495  
11340.72261  
11418.42318  
11334.5254  
11455.5202  
11356.16835  
11526.81319  
11393.65694  
11526.28536  
11439.50561  
11423.94252  
11529.3474  
11393.58505  
11356.07122  
11504.18002  
11426.68128  
11393.22373  
11447.96209  
11323.65626  
11353.25261  
11384.67164  
11426.64335  
11354.60568  
11483.5246  
11323.19487  
11476.0931  
11515.65719  
11480.35958  
11375.35542  
11566.28758  
11420.02826  
11457.35402  
11414.13775  
11461.18765  
11383.46318  
11389.82034  
11421.16202  
11344.54715  
11494.04866  
11317.45118  
11510.67164  
11512.94997  
11423.27757  
11476.09856  
11383.85469  
11456.0034  
11421.4564  
11358.30054  
11399.03479  
11426.49595  
11355.52685  
11359.34204  
11519.20998  
11322.96371  
11437.94031  
11430.92499  
11454.8145  
11438.25967  
11432.78103  
11473.60977  
11440.33845  
11342.43424  
11429.53549  
11457.80455  
11369.66651  
11409.576  
11423.45525  
11345.52363  
11345.20601  
11488.56168  
11409.61035  
11366.27669  
11479.68778  
11317.22895  
11431.83631  
11308.08136  
11477.41838  
11439.57233  
11410.88921  
11468.6997  
11364.61005  
11444.34783  
11455.78191  
11399.81751  
11399.78106  
11550.11853  
11366.44254  
11461.45589  
11455.36129  
11395.92043  
11521.92011  
11413.64881  
11437.61526  
11381.57423  
11381.61786  
11472.77275  
11409.14694  
11378.63307  
11407.43228  
11515.54493  
11498.24325  
11319.26582  
11436.58481  
11368.3906  
11369.26279  
