10871.97656  
10824.46328  
10839.00874  
10782.20498  
10796.69851  
10928.59176  
10826.6216  
10787.98786  
10824.98606  
10819.61978  
10860.24997  
10790.70879  
10916.93525  
10779.24376  
10838.58371  
10835.86759  
10843.99154  
10847.47401  
10839.31137  
10811.86579  
10808.17954  
10836.62809  
10799.69058  
10871.41334  
10809.50856  
10885.24448  
10798.33057  
10837.05051  
10827.52886  
10805.13476  
10759.89793  
10767.07599  
10887.36479  
10764.73258  
10824.02928  
10858.17478  
10894.84357  
10840.08935  
10858.56693  
10818.11465  
10823.70784  
10859.01679  
10801.32737  
10937.4613  
10832.79838  
10864.92833  
10806.36664  
10784.2855  
10854.43868  
10814.85458  
10728.56735  
10771.49511  
10824.74269  
10793.8963  
10813.16504  
10926.09857  
10781.25785  
10883.36473  
10783.17553  
10919.5377  
10806.22849  
10894.11953  
10818.45281  
10845.88221  
10874.26634  
10808.33352  
10919.34316  
10831.1629  
10788.28104  
10855.11783  
10856.37925  
10802.35696  
10825.50339  
10776.83473  
10793.72988  
10833.6773  
10835.67858  
10775.90382  
10850.62322  
10787.08849  
10821.26168  
10851.51187  
10879.68953  
10788.92617  
10890.95248  
10822.21446  
10832.65665  
10802.5429  
10824.67042  
10798.10597  
10772.09634  
10883.66491  
10752.19225  
10888.89682  
10774.13999  
10838.87216  
10918.42762  
10859.52342  
10845.19286  
10799.16452  
10865.74265  
10817.70483  
10836.58721  
10833.39208  
10849.63753  
10830.05333  
10782.61921  
10916.0857  
10810.29286  
10854.10462  
10864.12966  
10834.34466  
10809.03517  
10829.91585  
10862.88054  
10858.52091  
10750.72007  
10832.52214  
10873.72044  
10797.91517  
10802.602  
10842.22673  
10799.0058  
10753.86965  
10885.87283  
10864.09156  
10774.78003  
10915.11827  
10767.67571  
10894.15727  
10765.02958  
10845.76523  
10906.62141  
10811.98246  
10835.15108  
10781.61013  
10824.75157  
10852.90761  
10820.18105  
10822.09053  
10904.73508  
10819.90172  
10849.71282  
10879.71695  
10790.45526  
10862.70055  
10862.91852  
10792.80347  
10792.81057  
10763.98276  
10805.2847  
10840.99166  
10795.11689  
10817.85904  
10930.94833  
10879.87573  
10776.20375  
10855.80597  
10875.23318  
10774.55486  
