11079.54968  
10891.00912  
10957.24785  
10878.77956  
10910.70648  
10965.20262  
10878.67423  
10962.03447  
10934.51318  
10998.32843  
10930.72493  
10958.33199  
10988.07845  
10955.19748  
11027.04175  
10949.93044  
11011.12951  
10953.59721  
10964.34305  
10903.34912  
10962.83907  
10936.83973  
10931.39791  
10940.63458  
10979.19575  
11056.43335  
10947.76659  
11016.24312  
11009.33639  
11068.97045  
10904.88946  
10993.9932  
11021.9439  
10978.64545  
10976.10878  
10998.76498  
10943.8642  
11020.34775  
10980.62596  
10884.1712  
10941.35649  
11019.97659  
10972.33774  
10988.63387  
11065.18385  
11002.17444  
10865.34068  
10799.63634  
10909.94045  
10853.78651  
10817.86234  
10870.04278  
10993.95249  
10933.70325  
10998.46907  
11030.35428  
11031.65404  
11004.43579  
11005.41332  
11028.18704  
11025.06525  
11056.49266  
10930.09015  
11047.04077  
10871.16983  
10841.38656  
10950.15833  
10939.34827  
10867.46698  
10935.97859  
10944.83015  
10920.98702  
10997.82555  
10975.2477  
11075.25832  
10995.6641  
11060.25094  
11042.3692  
11054.93104  
10930.91745  
10962.20826  
11034.75642  
10930.18483  
10925.04833  
11004.70895  
11006.80165  
10983.59357  
11003.58495  
11080.07921  
10938.03646  
11044.57327  
11030.86929  
10856.20712  
10904.34503  
10850.45205  
10847.95416  
10911.81588  
10947.43033  
10998.29682  
10933.8616  
10919.71395  
10953.25983  
10849.12402  
10788.18711  
10867.76442  
10832.77355  
10857.6382  
11007.99943  
10927.24789  
11006.88101  
11062.48845  
11008.03445  
10971.84377  
10840.51095  
10884.52349  
10876.38463  
10908.48121  
10961.35505  
10956.69776  
10878.14351  
10962.75502  
10993.52846  
10909.93023  
10904.92773  
11061.62943  
10974.02123  
11058.168  
11001.13566  
11087.9048  
11100.66099  
11088.45583  
11125.09635  
11149.17957  
11057.92817  
10945.35199  
10811.28951  
10935.10607  
10992.86633  
10909.79039  
10909.05018  
11044.63458  
10905.2862  
10963.81045  
10998.20233  
10968.55765  
11064.16276  
11025.30411  
11045.72125  
10914.02095  
10815.90041  
10861.94853  
10910.6364  
10864.23629  
10871.35602  
10986.13603  
11027.11197  
10945.42522  
10995.93918  
10902.25482  
10960.74545  
