10690.09683  
10611.22859  
10665.21642  
10557.16869  
10644.87248  
10533.41796  
10542.66887  
10563.75843  
10526.42149  
10643.79031  
10518.76427  
10671.48109  
10570.75709  
10623.60015  
10620.50121  
10624.31749  
10632.81297  
10601.37094  
10664.2935  
10569.30017  
10718.74953  
10560.15267  
10621.18659  
10522.30622  
10617.6273  
10601.10351  
10529.30604  
10574.52405  
10601.52772  
10582.24862  
10541.19356  
10637.36373  
10466.6428  
10586.97368  
10573.68096  
10802.08157  
10604.52792  
10709.80996  
10556.9265  
10518.77392  
10571.33372  
10460.88804  
10631.92383  
10594.60572  
10732.44745  
10624.28743  
10620.22623  
10676.04994  
10545.44031  
10494.96068  
10499.2274  
10647.4741  
10550.82952  
10465.29042  
10717.93491  
10573.07799  
10710.82764  
10589.77333  
10671.96086  
10563.11217  
10606.65725  
10579.35616  
10562.86165  
10642.3548  
10564.94985  
10626.61414  
10524.24893  
10495.83894  
10486.71559  
10631.82979  
10542.85088  
10559.69553  
10714.15428  
10572.05614  
10740.82298  
10551.24276  
10717.41343  
10641.70336  
10653.98843  
10627.76915  
10622.09523  
10509.52226  
10514.02873  
10478.77182  
10634.75337  
10494.77667  
10557.26015  
10712.55975  
10557.37998  
10555.84033  
10701.20296  
10556.66621  
10585.32362  
10585.71256  
10580.09056  
10647.16824  
10533.14701  
10556.95586  
10607.954  
10671.85164  
10774.87035  
10603.51512  
10560.86086  
10635.73425  
10569.23026  
10506.93191  
10646.65793  
10691.67138  
10600.92661  
10621.13909  
10668.91317  
10633.48419  
10672.65858  
10682.39981  
10575.13216  
10471.91971  
10524.68586  
10646.77589  
10551.0608  
10560.25359  
10660.6274  
10571.94591  
10518.84933  
10562.83434  
10621.01786  
10580.17136  
10747.7989  
10619.63229  
10749.43828  
10594.98118  
10625.82902  
10536.53043  
10660.38929  
10623.07809  
10497.20229  
10520.88323  
10613.07311  
10505.90639  
10486.55715  
10549.69621  
10706.76866  
10570.07426  
10699.53885  
10554.7839  
10611.50528  
10616.69145  
10567.15861  
10632.88976  
10598.85123  
10605.56346  
10523.2738  
10437.01372  
10486.24689  
10581.26933  
10595.47515  
10750.9406  
10707.89987  
10675.79541  
10577.96803  
10686.92908  
