10648.61865  
10643.31857  
10580.68138  
10575.38113  
10518.00346  
10551.70587  
10569.89671  
10558.23043  
10611.77187  
10539.23521  
10569.80163  
10509.09767  
10541.36608  
10527.13681  
10573.84114  
10605.05001  
10561.66684  
10602.94586  
10517.53118  
10599.08713  
10527.99106  
10589.3239  
10551.00234  
10566.37521  
10524.10879  
10613.83983  
10629.17105  
10633.32887  
10623.38589  
10649.03942  
10634.10146  
10543.12777  
10561.87768  
10547.69662  
10662.20804  
10730.26733  
10661.98117  
10558.97923  
10588.98625  
10558.04258  
10544.98884  
10542.8386  
10520.39374  
10590.99448  
10606.84997  
10687.19915  
10695.43312  
10567.29762  
10556.86419  
10550.07372  
10552.55291  
10507.42349  
10525.55816  
10533.06495  
10496.47348  
10567.62556  
10540.8572  
10547.0355  
10506.97098  
10533.32719  
10538.92333  
10594.67979  
10565.57816  
10644.31094  
10609.96742  
10531.50792  
10576.85487  
10584.75565  
10536.86896  
10517.22482  
10566.54158  
10590.36369  
10558.43447  
10599.37139  
10543.17588  
10566.93462  
10497.32773  
10557.65171  
10483.6678  
10644.75563  
10572.4808  
10554.62505  
10569.58071  
10565.14024  
10532.58826  
10566.79175  
10591.03035  
10554.30831  
10568.10932  
10605.93184  
10556.37579  
10518.95738  
10530.29328  
10498.80025  
10579.86537  
10522.96436  
10552.2592  
10689.35596  
10684.00206  
10706.02512  
10599.32538  
10729.05951  
10632.55323  
10554.59101  
10568.01172  
10567.68979  
10584.34659  
10608.52325  
10601.42066  
10618.37428  
10565.96908  
10654.37283  
10672.56352  
10597.31176  
10604.94482  
10581.68625  
10580.71784  
10548.94355  
10616.63244  
10609.62861  
10555.67206  
10556.84531  
10542.91836  
10541.20557  
10580.18054  
10561.43643  
10557.14694  
10567.06473  
10526.3723  
10533.43313  
10485.4532  
10474.30643  
10559.68995  
10492.83768  
10548.80612  
10551.69669  
10526.50383  
10527.90142  
10575.7981  
10557.24856  
10548.44509  
10618.13796  
10561.74013  
10528.28697  
10562.67877  
10521.54509  
10590.3989  
10556.45804  
10617.37672  
10548.54548  
10581.43304  
10569.22474  
10581.45622  
10523.48743  
10610.96892  
10586.9986  
10688.77074  
10641.45063  
10603.39508  
10629.29465  
