10584.45236  
10648.0497  
10661.06741  
10615.95897  
10569.27913  
10542.15854  
10508.11388  
10504.66283  
10496.45586  
10462.67954  
10558.34715  
10718.19894  
10536.87896  
10635.14346  
10584.27762  
10677.15768  
10564.5875  
10509.27732  
10588.77113  
10462.93391  
10445.41071  
10580.24548  
10480.36067  
10632.172  
10450.08825  
10573.99177  
10618.03367  
10494.66119  
10625.001  
10459.80415  
10589.6658  
10503.82601  
10485.25146  
10605.77193  
10655.24718  
10493.08822  
10457.86616  
10522.81379  
10659.07182  
10678.70028  
10514.87936  
10542.11003  
10649.85559  
10534.8967  
10476.66068  
10488.53791  
10639.21827  
10520.52839  
10524.51283  
10507.48501  
10553.27003  
10619.60176  
10514.06347  
10499.36015  
10557.33309  
10539.47316  
10493.59131  
10502.23895  
10681.83976  
10510.90116  
10525.68895  
10636.787  
10714.35111  
10541.30414  
10659.21504  
10521.50586  
10537.76307  
10518.42992  
10486.39261  
10592.0716  
10529.23375  
10596.88152  
10604.57197  
10524.42428  
10502.82907  
10637.88561  
10599.42585  
10508.20528  
10605.15573  
10691.21221  
10525.92578  
10554.20198  
10652.80031  
10467.2381  
10600.7101  
10520.14983  
10540.58329  
10583.17439  
10590.56297  
10564.17447  
10488.7137  
10542.36007  
10604.25229  
10567.2589  
10489.73793  
10652.03651  
10495.84888  
10529.0014  
10715.27054  
10489.47852  
10487.58422  
10671.30306  
10524.11819  
10547.48811  
10628.37413  
10726.34212  
10559.45953  
10588.51691  
10472.83157  
10539.5431  
10566.47978  
10618.10523  
10613.27486  
10633.80553  
10524.67711  
10594.41563  
10513.67929  
10586.00987  
10527.02186  
10508.43882  
10679.27671  
10579.92751  
10489.61105  
10494.8066  
10626.51605  
10477.88037  
10568.15949  
10482.04187  
10554.1004  
10613.18231  
10475.10461  
10505.18374  
10606.1374  
10545.26095  
10487.51989  
10705.48128  
10525.30314  
10530.35883  
10625.36049  
10521.85253  
10497.67861  
10714.89317  
10538.98539  
10496.49467  
10654.95394  
10497.76369  
10491.29487  
10698.11408  
10549.37166  
10531.41655  
10616.31435  
10496.26044  
10592.11483  
10607.64573  
10440.83107  
10607.6395  
10681.42091  
10518.71494  
10557.31579  
10580.64495  
