11623.37563  
11498.67746  
11577.02376  
11867.11703  
11571.89744  
11525.17644  
11553.04602  
11617.74903  
11539.40212  
11565.95872  
11546.02607  
11634.34687  
11689.91667  
11703.1628  
11865.15067  
11647.82515  
11596.95754  
11613.19502  
11587.11889  
11472.77626  
11589.45401  
11545.3289  
11522.56504  
11558.7055  
11633.90086  
11480.49132  
11547.28009  
11504.21298  
11606.16242  
11561.0304  
11459.88485  
11548.07443  
11526.42318  
11630.19312  
11667.43367  
11656.9721  
11603.80603  
11551.0945  
11533.50452  
11572.37758  
11606.9489  
11584.1213  
11563.31897  
11540.01932  
11561.94866  
11597.90652  
11623.96775  
11587.93137  
11639.46072  
11567.43679  
11591.49321  
11631.80067  
11705.92894  
11643.95125  
11619.07845  
11653.19487  
11628.54808  
11517.22213  
11623.28597  
11682.49255  
11552.16315  
11585.38234  
11671.83467  
11618.20186  
11594.84555  
11700.51218  
11502.2771  
11515.9331  
11398.85301  
11426.18962  
11565.24239  
11569.06461  
11544.94575  
11674.57789  
11590.73909  
11558.5821  
11688.0321  
11687.9233  
11644.84422  
11715.77288  
11689.97727  
11643.74317  
11612.02213  
11498.18422  
11435.32421  
11588.70694  
11590.91836  
11615.70845  
11635.4057  
11648.4953  
11595.31357  
11538.04945  
11492.24049  
11531.92512  
11454.44052  
11504.01613  
11625.8553  
11522.19179  
11636.94744  
11689.13545  
11546.29588  
11600.76476  
11665.8422  
11611.20524  
11755.62828  
11723.65994  
11770.88941  
11585.13439  
11563.89525  
11537.4814  
11574.17167  
11661.70415  
11627.40357  
11688.63492  
11641.44141  
11665.82423  
11682.32699  
11509.18792  
11549.36628  
11600.67419  
11643.75366  
11673.63011  
11638.63762  
11516.04971  
11618.13401  
11537.72228  
11527.11449  
11422.7178  
11489.71468  
11627.40428  
11440.30538  
11591.97366  
11510.68494  
11600.66366  
11642.07016  
11722.45556  
11730.87961  
11572.9177  
11590.6254  
11714.66601  
11573.25663  
11566.82135  
11670.98859  
11540.37337  
11650.49197  
11702.31801  
11618.4782  
11605.55231  
11670.12202  
11549.17884  
11566.02253  
11660.95648  
11587.65356  
11537.20366  
11442.43293  
11486.98429  
11647.15227  
11695.6301  
11597.83043  
11638.75402  
