10900.91696  
10850.46015  
10861.56591  
10941.82085  
10766.68471  
10848.9884  
10825.86077  
10688.3919  
10833.48979  
10840.84005  
10980.22338  
10828.98197  
11016.12319  
11043.60142  
10903.57784  
10906.18839  
10726.00944  
10680.1513  
10745.87523  
10625.88185  
10720.44019  
10795.46368  
10745.142  
10779.39919  
10853.31968  
10842.71462  
10879.16144  
10845.41018  
10752.09683  
10796.00276  
10739.44857  
10850.93219  
10830.5138  
10766.88276  
10872.77103  
11004.92406  
10935.51892  
10849.61111  
10741.83213  
10839.4994  
10949.0976  
10796.97099  
10731.94724  
10920.62747  
10870.31734  
10809.80013  
10745.12156  
10918.16037  
10949.39047  
10893.87771  
10793.54599  
10817.14795  
10918.6239  
10871.99911  
10754.95462  
10900.05278  
10889.23129  
10795.10549  
10767.87511  
10916.01317  
10886.19339  
10747.60865  
11001.87389  
10928.43066  
10813.4067  
10890.43477  
10757.45659  
10861.26337  
10775.56663  
10731.52689  
10889.123  
10816.05309  
10765.87177  
10857.61282  
10767.80382  
10714.10334  
10855.63766  
10910.90626  
10830.89585  
10857.80174  
10910.82733  
10793.1759  
10789.00627  
10826.56813  
10755.97915  
10851.24954  
10859.02029  
10812.3579  
10794.93681  
10875.9484  
10859.02615  
10777.9182  
10737.66998  
10854.70943  
10805.32005  
10769.168  
10864.26285  
10791.54199  
10811.76619  
10907.89063  
10780.62233  
10841.63958  
10811.10728  
10748.14697  
10801.41744  
10891.92374  
10946.71214  
10787.33795  
10846.04274  
10891.17369  
10910.54849  
10828.05556  
10891.58818  
10897.38727  
10862.54505  
10924.34793  
10875.65716  
10704.66818  
10860.55848  
10827.10778  
10737.63748  
10886.76771  
10831.12597  
10809.98555  
10983.84414  
10790.12021  
10812.79385  
10850.06268  
10789.89403  
10908.40153  
10782.93578  
10829.4472  
10780.42567  
10967.81625  
10862.76756  
10899.52222  
10930.63118  
10794.13959  
10775.64967  
10932.79739  
10829.6162  
10831.92973  
10915.79223  
10800.05036  
10827.27588  
10861.52225  
10777.27708  
10795.66957  
10862.92649  
10888.11107  
10839.11603  
10879.62991  
10814.83013  
10851.15562  
10810.54557  
10789.3503  
10796.04012  
10868.59735  
10759.65204  
10869.2136  
