10478.48449  
10443.65949  
10514.53109  
10522.37956  
10400.61336  
10500.99444  
10397.04372  
10369.03863  
10485.16879  
10422.86662  
10373.3396  
10474.06597  
10594.89822  
10542.98458  
10650.48932  
10414.91655  
10381.82691  
10465.02682  
10581.98014  
10325.27536  
10475.98272  
10442.16624  
10414.81808  
10452.78986  
10587.54701  
10467.1934  
10455.61162  
10358.70426  
10363.51725  
10483.39362  
10434.25471  
10576.97936  
10380.2913  
10382.72397  
10553.46105  
10618.60815  
10415.84533  
10446.7325  
10368.36759  
10437.32215  
10489.80557  
10357.88103  
10385.44347  
10471.52752  
10494.61548  
10364.48057  
10408.62255  
10485.74306  
10566.62666  
10402.85346  
10462.29268  
10429.27716  
10521.41522  
10434.0951  
10405.06381  
10510.71073  
10497.29278  
10359.17056  
10441.04173  
10577.90142  
10383.38344  
10413.58184  
10585.53725  
10421.01425  
10399.53672  
10610.80129  
10408.4732  
10476.71682  
10375.1269  
10381.36315  
10527.52984  
10415.15528  
10414.23509  
10634.80778  
10393.84017  
10405.64269  
10553.08545  
10504.27858  
10493.75592  
10458.44892  
10490.71524  
10395.55933  
10412.61081  
10475.48186  
10381.70051  
10441.11231  
10445.93283  
10502.26411  
10499.18712  
10539.34059  
10398.65932  
10402.79021  
10384.09292  
10482.25313  
10379.97106  
10436.11605  
10579.22521  
10407.10872  
10467.27698  
10552.42412  
10391.85223  
10426.5226  
10507.52892  
10444.11263  
10422.11551  
10514.08431  
10595.74526  
10384.3845  
10596.48121  
10460.58197  
10496.82666  
10447.80644  
10603.45197  
10477.71181  
10437.17817  
10451.29131  
10476.58233  
10365.03451  
10467.18781  
10401.77434  
10432.89268  
10551.58878  
10443.72599  
10441.42419  
10570.87456  
10391.80868  
10404.32127  
10388.75165  
10404.20019  
10500.40187  
10406.70718  
10577.6226  
10400.77265  
10520.37228  
10485.33795  
10538.50607  
10591.68575  
10388.12885  
10415.24376  
10577.05134  
10398.87521  
10451.34572  
10602.72751  
10400.01966  
10485.8873  
10506.02406  
10389.66394  
10410.86919  
10552.62816  
10392.71105  
10409.89783  
10536.39752  
10404.8741  
10440.91737  
10363.90502  
10420.08089  
10480.75624  
10554.46367  
10439.70224  
10532.9243  
