10957.57192  
10997.76106  
10966.58226  
10997.05581  
10909.83061  
10885.61318  
10886.61854  
10878.87469  
10855.43947  
10861.04871  
10924.41535  
11028.96652  
10886.29934  
10999.34162  
10951.41724  
10995.18613  
10934.43438  
10889.66677  
10919.6885  
10821.61052  
10840.70796  
10872.36705  
10846.79577  
10914.90359  
10837.53479  
10924.79892  
10925.43388  
10880.0816  
10941.7876  
10842.4549  
10947.57391  
10861.06612  
10860.21554  
10927.29838  
10973.11442  
10882.80588  
10840.84768  
10921.20317  
10971.67878  
10980.51145  
10902.31012  
10915.208  
10932.17566  
10885.69413  
10855.86008  
10868.0738  
10950.72498  
10871.81215  
10930.62707  
10883.87081  
10901.25096  
10922.68694  
10873.23156  
10873.55654  
10891.17272  
10915.2248  
10891.58331  
10869.48761  
10983.90059  
10893.09101  
10899.12777  
10994.05652  
11013.3451  
10884.89601  
10955.83381  
10900.22737  
10885.7841  
10866.97042  
10859.65627  
10895.42176  
10914.16914  
10966.22207  
10961.71554  
10914.67355  
10872.14323  
10950.47672  
10951.45619  
10909.93346  
10969.95827  
10991.09641  
10901.56658  
10917.38736  
10946.89557  
10850.94877  
10942.44979  
10894.69687  
10912.26764  
10926.81213  
10927.87187  
10917.20039  
10855.80182  
10923.50079  
10903.13789  
10918.5267  
10863.52169  
10987.4405  
10870.13872  
10909.34961  
11000.95775  
10865.51974  
10864.92012  
10981.79063  
10911.40435  
10956.14355  
10939.30993  
11036.68895  
10924.47617  
10955.02587  
10851.99919  
10908.14458  
10938.08524  
10968.27108  
10969.82996  
10987.38406  
10888.6277  
10909.76142  
10893.3867  
10931.1049  
10891.7546  
10881.22376  
11003.85829  
10929.21856  
10860.93595  
10876.54112  
10958.75401  
10844.17751  
10881.03664  
10884.08198  
10926.45963  
10935.15485  
10864.58301  
10886.38782  
10965.25398  
10906.31628  
10871.1954  
11013.80144  
10895.57218  
10874.72688  
10946.2897  
10905.64572  
10866.46157  
11012.28252  
10906.50178  
10861.25944  
10973.324  
10878.82039  
10849.54798  
10990.40919  
10924.23878  
10905.43657  
10957.59604  
10851.70609  
10949.46378  
10914.68631  
10842.42813  
10994.42457  
10983.91642  
10897.67551  
10921.30682  
10936.17878  
