10370.57709  
10488.4552  
10395.13797  
10327.92556  
10347.2894  
10173.65476  
10234.70235  
10237.29046  
10198.25062  
10285.41199  
10337.81045  
10370.86318  
10296.38815  
10439.90976  
10318.03009  
10406.37273  
10386.94487  
10291.32139  
10244.92188  
10238.45558  
10265.97242  
10279.14636  
10282.76272  
10387.61677  
10219.24438  
10369.34044  
10299.30192  
10337.3966  
10428.50247  
10228.3535  
10402.84303  
10223.03368  
10300.88666  
10390.85611  
10299.18738  
10292.70131  
10242.32946  
10309.82597  
10434.65836  
10375.74055  
10277.05552  
10300.31583  
10336.95962  
10247.43262  
10256.80016  
10271.92833  
10419.90593  
10300.95898  
10308.79177  
10327.81372  
10321.79333  
10318.63604  
10218.87454  
10271.33741  
10297.96189  
10237.33161  
10223.69017  
10260.8003  
10430.77565  
10266.00957  
10310.65659  
10453.07121  
10377.34263  
10284.88096  
10362.21662  
10322.22519  
10286.54508  
10290.43337  
10272.22431  
10355.09738  
10298.95914  
10386.75124  
10417.89666  
10340.31278  
10252.45552  
10329.20454  
10246.41998  
10282.80692  
10359.62135  
10338.6316  
10286.86986  
10316.34058  
10334.62614  
10267.26116  
10426.26732  
10224.45867  
10242.45436  
10391.32954  
10292.04803  
10236.10838  
10224.8759  
10378.13614  
10317.96307  
10203.91881  
10237.79937  
10487.91303  
10219.14041  
10310.60451  
10425.90372  
10268.26903  
10272.80596  
10304.46841  
10267.68822  
10431.31192  
10347.25082  
10433.10411  
10321.3346  
10363.21863  
10268.04112  
10374.11302  
10383.3007  
10375.60272  
10295.12883  
10411.27993  
10345.22505  
10233.92349  
10252.52451  
10343.76533  
10268.99087  
10266.01654  
10435.6243  
10293.20073  
10279.67078  
10310.01744  
10310.27912  
10222.51618  
10254.34664  
10297.89316  
10324.46146  
10308.37275  
10283.34098  
10271.926  
10474.41871  
10293.12721  
10375.92901  
10406.94053  
10273.36093  
10239.70536  
10414.74408  
10259.76983  
10275.2274  
10475.41091  
10263.15462  
10277.94621  
10358.99607  
10228.09222  
10238.49534  
10425.85274  
10312.93343  
10328.88628  
10420.82113  
10258.8934  
10398.33524  
10306.13985  
10225.4434  
10443.82231  
10337.73922  
10242.20693  
10332.9826  
10244.12062  
