10877.99719  
10942.83469  
10907.22573  
10853.59906  
10879.55285  
10800.87566  
10765.70945  
10884.25783  
10843.68752  
10818.66079  
10913.23966  
10872.24072  
10909.12133  
10952.3009  
10847.09381  
10823.27053  
10898.87089  
10804.24736  
10764.75228  
10855.56752  
10818.49363  
10808.11671  
10851.23256  
10892.70735  
10831.61277  
10889.46277  
10832.35406  
10829.45174  
10837.39256  
10799.24712  
10881.68014  
10791.11702  
10830.24816  
10927.384  
10899.80424  
10865.29592  
10828.68995  
10914.11202  
10852.54658  
10902.71408  
10844.68254  
10879.54456  
10866.29984  
10843.77549  
10821.1093  
10852.44047  
10866.38362  
10826.1789  
10802.37344  
10838.10749  
10924.69033  
10898.30456  
10835.40718  
10874.05267  
10890.35873  
10803.64447  
10804.70937  
10853.01764  
10883.30588  
10794.17285  
10843.95341  
10908.8608  
10898.70444  
10908.71689  
10880.59056  
10805.93821  
10902.80846  
10859.35299  
10857.8128  
10869.75383  
10819.82913  
10844.2809  
10872.158  
10824.97315  
10878.9305  
10873.10449  
10830.98651  
10823.86257  
10935.60995  
10870.94585  
10808.46234  
10875.09221  
10877.69639  
10839.1936  
10889.36931  
10838.18902  
10844.51834  
10925.74484  
10861.66102  
10815.54821  
10859.9311  
10911.48939  
10888.75594  
10824.78311  
10840.2906  
10875.84162  
10834.84766  
10897.69695  
10904.37918  
10810.74895  
10876.64591  
10833.61494  
10828.1849  
10903.63242  
10879.38087  
10890.05708  
10823.68079  
10873.55025  
10820.18657  
10795.21149  
10858.13085  
10906.14616  
10845.40337  
10853.96058  
10860.79194  
10844.27163  
10825.92222  
10869.43563  
10799.15684  
10795.24532  
10882.53515  
10840.49427  
10868.6472  
10929.65225  
10841.35346  
10886.88812  
10854.70654  
10782.15894  
10869.24205  
10860.86283  
10924.67926  
10809.94535  
10868.82493  
10844.16702  
10939.69061  
10864.37075  
10837.12457  
10863.92087  
10895.82155  
10821.43297  
10889.48231  
10902.70268  
10870.90936  
10930.43203  
10877.11784  
10794.76562  
10878.65924  
10832.49768  
10818.87492  
10864.8388  
10896.6852  
10821.39756  
10878.39652  
10837.60536  
10811.3636  
10883.03347  
10864.88791  
10832.54254  
10906.96878  
10818.74043  
