11157.5027  
11241.35043  
11213.06248  
11214.40619  
11186.80973  
11287.54743  
11105.33594  
11204.28054  
11232.70999  
11089.57622  
11076.34339  
11214.69683  
11129.92755  
11095.37766  
11116.30042  
11159.89006  
11116.53116  
11136.06262  
11227.9618  
11156.84733  
11195.63005  
11234.55086  
11308.3396  
11096.04842  
11146.77382  
11134.19964  
11068.76889  
11074.49988  
11240.19524  
11250.98951  
11299.12298  
11357.70682  
11222.29695  
11417.86279  
11128.68843  
11149.50478  
11343.86629  
11224.20141  
11171.17824  
11219.90087  
11336.78211  
11286.51943  
11172.27607  
11338.98474  
11206.57547  
11171.53908  
11232.98683  
11320.38012  
11200.64265  
11136.05605  
11200.90187  
11164.25811  
10999.61037  
11148.01923  
11219.6806  
11076.42698  
11133.78585  
11198.45738  
11067.31383  
11065.30812  
11131.31723  
11154.91152  
11175.21804  
11202.93764  
11146.76555  
11159.64884  
11259.6045  
11140.85114  
11103.53317  
11184.92374  
11102.73881  
11090.1743  
11101.69168  
11180.3679  
11137.19895  
11165.12806  
11278.01644  
11176.70567  
11121.3203  
11218.94319  
11155.01173  
11053.64671  
11172.3236  
11178.62547  
11305.86535  
11207.99558  
11307.80629  
11257.2365  
11101.04819  
11163.12534  
11168.92298  
11122.11632  
11221.82124  
11196.12407  
11116.78127  
11250.04561  
11214.79144  
11171.24143  
11143.65321  
11247.62586  
11194.81403  
11233.50752  
11372.48866  
11314.20144  
11231.69712  
11201.96836  
11365.22627  
11228.28367  
11142.9512  
11263.15077  
11134.48618  
11135.29305  
11237.08806  
11078.62836  
11064.06875  
11064.04303  
11144.75494  
11064.97881  
11143.1955  
11206.96176  
11201.75828  
11138.81321  
11257.50129  
11141.52986  
11116.77023  
11233.22464  
11198.09464  
11053.28321  
11091.5174  
11106.24515  
11027.98276  
11093.6567  
11134.63816  
11120.79473  
11118.58897  
11164.2295  
11133.38152  
11210.21996  
11263.15338  
11319.20254  
11149.23791  
11216.48734  
11252.01708  
11220.22646  
11266.35409  
11362.26858  
11222.45491  
11162.96217  
11353.51831  
11164.41295  
11155.77576  
11272.75053  
11166.07498  
11060.25314  
11191.03297  
11189.89386  
11076.47647  
11075.93917  
11196.98308  
11132.99971  
