10393.80215  
10468.19316  
10439.69018  
10429.98619  
10448.4166  
10538.23133  
10425.33659  
10479.73726  
10507.50962  
10382.18282  
10405.08102  
10497.15928  
10415.5827  
10389.65794  
10447.79164  
10463.30913  
10364.40729  
10399.53285  
10487.49022  
10405.20128  
10413.46328  
10466.72711  
10537.7872  
10425.05145  
10452.56877  
10422.99247  
10361.84776  
10355.69352  
10437.25285  
10453.72138  
10483.6668  
10544.55052  
10403.26845  
10637.29685  
10386.56983  
10412.37105  
10479.39179  
10450.99575  
10407.08336  
10432.08156  
10518.96651  
10491.10403  
10427.0055  
10514.11229  
10475.73641  
10452.60395  
10470.77102  
10519.69218  
10435.6902  
10447.7119  
10511.52907  
10492.05363  
10380.94941  
10470.45312  
10516.79331  
10412.66597  
10487.78647  
10504.32113  
10366.23695  
10375.85958  
10457.66583  
10402.94627  
10432.35635  
10487.70546  
10418.75454  
10397.60993  
10479.03021  
10372.00763  
10358.68494  
10454.99315  
10370.81912  
10357.30408  
10361.55218  
10423.62087  
10418.36819  
10421.09245  
10467.56775  
10461.74963  
10464.69747  
10506.36244  
10472.72453  
10427.99515  
10429.11011  
10420.26424  
10461.0735  
10435.36207  
10506.4022  
10490.32224  
10414.97183  
10473.47134  
10501.52083  
10389.10097  
10459.01706  
10397.28838  
10426.9018  
10483.28605  
10483.65433  
10421.235  
10409.9323  
10468.39908  
10425.0476  
10449.53751  
10539.87652  
10487.34425  
10439.75316  
10428.40907  
10508.15725  
10449.43022  
10432.1671  
10493.091  
10425.42281  
10439.73806  
10535.10314  
10423.66881  
10384.85072  
10437.83204  
10453.20944  
10392.02411  
10421.82269  
10432.14959  
10435.9804  
10433.9512  
10520.14559  
10422.18734  
10378.67759  
10468.532  
10447.85947  
10347.0339  
10395.24315  
10402.60928  
10337.162  
10386.89797  
10393.22325  
10388.58235  
10413.95049  
10418.11237  
10395.16099  
10397.75176  
10514.08239  
10509.36138  
10432.3845  
10481.77884  
10475.66437  
10424.83625  
10425.06455  
10513.92035  
10475.12378  
10406.95088  
10523.13393  
10419.80009  
10457.53647  
10548.5101  
10435.48794  
10398.90907  
10529.21545  
10481.06589  
10384.8698  
10388.4525  
10452.42723  
10389.78615  
