10977.61692  
11063.0052  
11040.39906  
11118.71922  
11044.04841  
11133.28927  
10930.77926  
11022.63276  
11060.59518  
10883.80181  
10865.18885  
11047.33455  
10949.30873  
10879.72348  
10904.74324  
10951.93693  
10917.00377  
10934.18669  
11030.02659  
10988.77006  
11058.42668  
11108.7137  
11151.9984  
10891.12296  
10919.33602  
10937.57329  
10899.38636  
10903.63865  
11059.79682  
11095.7216  
11134.28812  
11222.82471  
11014.17212  
11279.55779  
11006.10267  
11000.30279  
11208.64335  
11121.29451  
11014.54678  
11063.974  
11162.97485  
11168.94069  
11053.34788  
11202.15293  
11073.35139  
11010.44757  
11064.68874  
11183.4264  
11064.9277  
10975.67391  
11021.11927  
10980.5518  
10775.75062  
10937.40034  
11031.00809  
10843.89535  
10886.55126  
10999.46828  
10882.48993  
10837.26534  
10931.06172  
10959.42834  
10966.39977  
11021.74452  
10962.23058  
10957.3386  
11076.1672  
10976.69642  
10921.04229  
10982.44651  
10914.34821  
10924.14096  
10912.01555  
10993.96041  
10993.8599  
11055.3402  
11074.15338  
10995.87228  
10945.75634  
11045.13764  
10994.36245  
10878.35763  
11011.10387  
11000.83721  
11192.38726  
11074.53833  
11172.98531  
11108.55602  
10916.15887  
10965.64894  
10986.58538  
10908.88518  
11004.70679  
11021.45333  
10921.58361  
11090.54708  
11032.24247  
11040.65777  
10990.15133  
11061.64628  
11064.79605  
11068.20239  
11228.24437  
11114.17201  
11096.62532  
11075.11013  
11202.91553  
11062.64406  
10983.32827  
11085.60881  
11009.4757  
10988.94284  
11081.44351  
10880.2308  
10880.2302  
10886.66744  
10949.83284  
10911.82961  
10984.10113  
11044.8565  
11059.61895  
10978.18555  
11101.73293  
10995.09576  
10960.91849  
11082.20964  
11025.71554  
10828.77405  
10868.1821  
10888.63022  
10819.94196  
10860.86785  
10917.81116  
10930.00608  
10908.05506  
10952.09987  
10966.09527  
10999.17959  
11108.77943  
11108.07889  
10966.15862  
11034.21159  
11053.07499  
11091.71434  
11138.53927  
11213.27051  
11085.18904  
11013.3855  
11234.49132  
11043.59236  
11002.8319  
11126.22001  
11010.93564  
10866.35241  
10979.30395  
10998.00423  
10879.4274  
10856.5145  
11011.1533  
10969.92169  
