11057.84833  
11036.557  
11129.79959  
11052.95092  
10998.87182  
11029.75029  
10991.20146  
11002.33916  
11001.47916  
10945.71098  
10964.80706  
10969.59521  
10906.35627  
10968.30649  
11011.87732  
10978.02954  
10955.60316  
11013.10132  
11031.53292  
11081.51812  
11042.48346  
11170.97906  
11064.23709  
10970.38625  
11027.33077  
10973.96879  
10956.55875  
11079.7239  
11097.47527  
10996.24952  
11070.69115  
11128.75069  
11116.50898  
11035.6137  
10923.41598  
10897.57411  
11109.71546  
11008.39017  
11060.98635  
11077.72278  
11171.00063  
11089.36454  
10994.93927  
11025.53769  
10983.2868  
10925.40959  
10972.92882  
11038.6663  
11037.55384  
11020.58188  
11027.34732  
10999.97285  
11028.80314  
11010.54605  
11003.12552  
10983.34712  
11014.39843  
10992.388  
11007.45426  
10952.97413  
10959.45085  
10987.60079  
11006.81955  
10983.14475  
10992.63043  
11058.02037  
11092.49615  
10986.95199  
11015.11834  
10981.57306  
11001.68095  
11012.01572  
11124.10286  
11162.29687  
11154.87368  
11020.2619  
11050.75174  
11010.12831  
10928.21578  
10948.68183  
10937.97468  
11038.87264  
11060.35677  
11124.30911  
11085.00855  
10966.96794  
10991.17898  
11030.80107  
10959.38241  
10995.80847  
11014.38857  
11001.74935  
11001.57305  
11051.58059  
11065.88759  
11015.76113  
10964.76979  
10997.09593  
11051.58117  
11110.7567  
11081.06064  
11055.82599  
11079.24426  
11076.32868  
10936.9666  
10919.92401  
11018.7257  
11076.02999  
10936.27395  
10987.7488  
10944.83427  
10882.2589  
10970.22576  
10928.28754  
10991.48669  
11006.04071  
10956.87416  
10952.00994  
11072.23887  
11147.03297  
11068.40194  
10959.45601  
11025.76694  
10936.66643  
10918.74673  
10973.43726  
11003.80861  
11073.02744  
11040.60403  
11001.03978  
11036.93891  
11014.47642  
10990.50702  
10996.71589  
10982.13953  
10994.28514  
10992.96297  
11120.86355  
11049.46189  
11127.04404  
11117.02341  
11058.15125  
11030.97185  
11142.84119  
11040.27857  
11100.95765  
11083.935  
10961.10861  
11027.09106  
10958.38372  
10920.93651  
11014.48796  
11002.57329  
10940.00696  
11032.59893  
11007.38985  
11022.29728  
11023.58743  
10985.6422  
10958.8908  
