10951.16327  
10969.91517  
10953.13428  
10984.23347  
11044.5319  
11010.46334  
11080.12765  
11085.19332  
11030.16081  
11046.51746  
11063.25266  
11016.55873  
10993.12588  
11044.69042  
11075.08299  
11037.96978  
10995.43863  
10977.60197  
10988.77787  
10957.55919  
10935.62143  
11073.36271  
11000.04343  
11047.65123  
11052.51784  
11019.87876  
11035.12341  
10950.17097  
10992.42102  
10954.75599  
11162.37851  
11077.41004  
11054.70749  
10900.4885  
10930.17335  
10997.32671  
10987.57568  
10995.37561  
10981.46648  
11004.04874  
11011.75112  
10992.31307  
11015.17347  
11002.17614  
10969.49141  
11036.66433  
11024.04844  
10998.36062  
10979.38192  
11070.51716  
11027.44839  
11001.87618  
11111.66087  
11065.85619  
11000.51412  
11072.47345  
11072.03397  
11021.32996  
11066.49739  
11044.70865  
11009.15236  
11043.57133  
11047.49345  
11038.95469  
11018.5376  
10987.81415  
10981.52836  
11016.8102  
10995.48964  
10990.39476  
10993.17872  
11004.93122  
10994.9641  
10991.23974  
10959.91192  
10981.17499  
10982.98611  
10983.63028  
11025.48429  
11018.0195  
10981.51487  
11085.65485  
11040.98826  
10996.24227  
10981.93032  
11019.58142  
11030.61149  
10999.00763  
11067.72767  
11075.58046  
11043.93106  
11095.45306  
11011.95277  
10973.45719  
11094.8609  
11042.3598  
11012.7035  
10991.12279  
10973.05719  
11012.52676  
11009.29563  
10977.17955  
11028.5256  
10986.04042  
10944.95144  
10992.59835  
11005.89833  
10998.35708  
11029.77986  
11000.86551  
10968.77213  
11006.39141  
11017.12952  
10992.94939  
11060.59152  
11044.72909  
10994.49058  
11013.95503  
10947.69213  
10965.10789  
10967.97666  
11035.2287  
11020.00204  
10996.42552  
11021.6698  
10966.7764  
10982.73488  
11092.82806  
11028.01246  
11019.75658  
11080.9062  
11018.03776  
11005.16913  
11012.36285  
11034.75683  
11043.50147  
11007.53548  
10915.17305  
10997.60324  
10960.79678  
11118.50335  
11063.82735  
11010.82147  
10948.29423  
11008.66295  
11018.01051  
10980.69601  
11041.25713  
10990.58699  
10959.85986  
11024.44279  
11006.03123  
10961.41244  
11033.56329  
11061.84608  
11014.76096  
11083.33191  
11060.11868  
10980.48358  
11000.10154  
