9711.276042  
9786.916872  
9755.543191  
9734.665142  
9774.841077  
9817.086537  
9726.275476  
9757.297869  
9785.008069  
9682.485197  
9723.78101  
9756.553848  
9672.991057  
9719.261787  
9773.677066  
9763.489258  
9619.662812  
9678.604972  
9767.19634  
9731.56017  
9739.362647  
9762.730195  
9753.621111  
9744.170145  
9760.163994  
9739.849267  
9673.780462  
9665.687911  
9726.891927  
9672.577542  
9800.069113  
9908.110163  
9728.309245  
9920.512627  
9660.931692  
9705.7494  
9751.724181  
9734.052375  
9713.452628  
9793.127861  
9861.302169  
9816.054876  
9718.657038  
9806.847468  
9735.205438  
9718.698448  
9781.108296  
9812.81286  
9713.848102  
9781.298091  
9828.709601  
9753.270114  
9701.121539  
9787.381613  
9797.106291  
9695.669973  
9794.042044  
9815.46594  
9672.070844  
9697.399997  
9729.67143  
9705.309964  
9790.997978  
9804.416153  
9739.861585  
9776.773592  
9808.192417  
9675.572248  
9689.467534  
9768.000565  
9676.970258  
9663.705352  
9714.272581  
9766.845189  
9700.330952  
9717.61998  
9766.162966  
9739.149722  
9727.712908  
9808.276539  
9766.005363  
9749.858964  
9716.852042  
9746.720994  
9727.160053  
9697.470515  
9793.128872  
9734.553043  
9752.42376  
9785.488538  
9771.465238  
9623.701857  
9733.284882  
9669.305921  
9783.616331  
9791.567828  
9790.603567  
9714.933868  
9745.295727  
9788.120374  
9695.444302  
9676.236654  
9801.397067  
9747.2549  
9698.338507  
9698.953622  
9797.608004  
9680.647906  
9707.08604  
9769.996625  
9681.622738  
9724.009748  
9820.810804  
9730.215118  
9714.910739  
9768.23285  
9768.644805  
9705.915262  
9787.482953  
9798.683063  
9708.927889  
9750.159539  
9829.003872  
9707.752707  
9703.006116  
9802.202011  
9782.989977  
9691.620426  
9738.058936  
9705.004078  
9641.774585  
9704.359187  
9719.654006  
9738.415879  
9721.085578  
9747.975929  
9721.76715  
9734.771861  
9835.891276  
9805.049102  
9717.737013  
9796.900391  
9788.902669  
9722.652361  
9706.517869  
9786.145611  
9691.828125  
9673.095515  
9813.328159  
9662.697865  
9732.29595  
9804.247139  
9651.986705  
9689.591437  
9832.202714  
9794.092859  
9708.660156  
9750.705626  
9802.098016  
9688.14006  
