11068.44371  
11136.43052  
11125.22579  
11074.5546  
11021.04109  
11090.2457  
11005.97805  
11033.45636  
11047.13047  
10971.52002  
10984.3914  
11018.66465  
11014.18086  
10991.44895  
11021.15454  
11051.80573  
11019.24598  
11048.94061  
11173.60549  
11076.99073  
11055.85059  
11078.1983  
11084.20451  
10995.3299  
11024.80198  
11034.69532  
11013.71636  
11030.06838  
11156.61993  
11110.2627  
11093.19912  
11135.2006  
11008.05764  
11237.72197  
10928.93934  
10963.07885  
11187.02888  
11072.37034  
11076.75027  
11115.20996  
11199.34275  
11141.31998  
11031.3379  
11127.86756  
11047.20088  
10988.04194  
11032.15431  
11123.57678  
11031.96266  
10954.81405  
11037.76224  
11032.31865  
10950.79744  
10991.84908  
11062.90454  
11034.31407  
11018.82246  
11079.50511  
11007.4355  
11019.17066  
11039.7384  
11045.3009  
11071.55391  
11136.13891  
11063.31113  
11073.38051  
11157.13695  
11046.80366  
10999.83465  
11102.09323  
11042.24805  
10998.49708  
11032.21014  
11132.49932  
11073.6274  
11051.82803  
11145.20706  
11075.55681  
10992.06089  
11033.08296  
10983.91607  
10937.92082  
11032.33532  
11074.50901  
11099.39073  
11016.0612  
11077.89666  
11066.82608  
10961.43526  
10997.872  
11057.38892  
11008.0676  
11106.87786  
11114.31354  
11062.04769  
11106.86213  
11118.91139  
11068.00982  
11071.09197  
11156.98619  
11074.13755  
11085.14431  
11171.78787  
11171.29373  
11060.55299  
11024.51474  
11185.16035  
11104.54306  
10979.95748  
11065.25285  
10960.50016  
10953.31377  
11034.23453  
11003.17905  
11000.01998  
11016.43638  
11070.02899  
11011.03101  
11053.01355  
11124.49837  
11091.51332  
10995.14062  
11043.94364  
10974.2895  
10945.94263  
11002.47553  
11024.6654  
11006.18634  
11050.83376  
11025.3681  
10974.10386  
11031.9512  
11039.11944  
11053.45881  
11056.14892  
11077.41843  
11069.43651  
11114.89375  
11081.32423  
11154.27224  
11022.16335  
11080.98578  
11138.76562  
11081.91895  
11077.58405  
11144.03061  
11057.40077  
10979.74391  
11129.65476  
10992.78932  
10970.64403  
11044.63346  
11003.84194  
10981.34428  
11057.65853  
11085.9193  
11018.62342  
11043.29145  
11105.80573  
11077.08854  
