12081.88183  
12011.96081  
11957.06062  
11982.62044  
11923.73408  
11938.44642  
11888.3921  
11914.82159  
12016.78475  
12041.20386  
11955.08792  
11925.59685  
11990.19813  
11954.61019  
11905.17348  
11927.86435  
11960.62053  
11888.19467  
11947.39263  
11963.83669  
11984.16311  
11977.29409  
11949.85856  
11926.11764  
11915.64101  
11971.09463  
11980.84373  
11967.30071  
11926.01474  
12021.97678  
11925.67543  
11946.66076  
11935.59091  
11979.68177  
11968.04745  
12031.20269  
11909.29694  
11950.36231  
11885.34727  
11898.28475  
11902.48822  
11917.34033  
11983.58643  
12000.79749  
11964.23642  
11957.7199  
12033.23437  
12077.77398  
12000.88909  
11967.83749  
12025.91723  
11940.15594  
11907.28076  
11891.6562  
11931.5996  
11866.80237  
11948.84763  
11974.97221  
11917.76971  
11890.13245  
11967.62839  
11994.77669  
11949.07553  
12016.51788  
11972.26042  
11970.37119  
12002.48794  
12063.20153  
11958.2711  
11942.1804  
11990.58781  
11968.43068  
11922.63135  
11896.48873  
11942.32699  
12030.00283  
11994.06889  
11928.09711  
11979.43834  
12005.73183  
11933.68006  
11964.46258  
11927.74727  
11934.44414  
11976.38243  
11970.21846  
11922.40533  
11929.24336  
12061.10233  
11953.38606  
11948.62483  
12025.37749  
11911.12112  
11957.0642  
11966.85335  
11926.63747  
12002.00082  
12001.54909  
11969.33223  
12000.55165  
11944.56926  
11950.43831  
11966.87764  
11921.25788  
11883.50927  
12035.87109  
11973.65127  
11946.37596  
11934.54868  
11912.99601  
11948.64594  
11962.61765  
12045.37113  
11941.80867  
11951.76477  
11952.65775  
11948.81934  
11923.24299  
11984.62862  
12045.10193  
11961.95809  
11950.02175  
11946.82306  
11962.61566  
11871.13059  
11859.89494  
11901.97475  
11974.98149  
11882.51157  
11986.35763  
12012.5035  
11949.45565  
11948.55139  
11921.52127  
11998.1  
12016.04176  
11939.72346  
11927.82215  
11936.04685  
11922.89754  
11890.46408  
11964.50396  
11966.87301  
11951.28638  
11952.39016  
11971.29772  
11957.06143  
12001.94159  
12017.56123  
11959.35256  
12026.58613  
11912.26455  
11951.67862  
11951.49356  
11922.25363  
11984.06754  
12025.12465  
11927.00142  
12005.34842  
11939.20765  
