11150.64339  
10974.1085  
11026.18266  
11112.00276  
10966.4978  
10898.62386  
10929.87069  
10976.5899  
10944.75121  
10893.32725  
10953.09553  
11049.18911  
11058.96039  
10998.53659  
11094.59108  
11089.33147  
11014.03105  
11014.92187  
11067.55633  
11038.37333  
11087.40857  
10983.17572  
10984.84316  
10947.24665  
10968.72935  
11000.14125  
11040.39769  
11075.27958  
10876.97001  
11001.86373  
11115.31297  
10975.06712  
10998.55273  
10906.98325  
11057.05156  
11055.20963  
11022.45161  
10991.72696  
10897.50942  
10986.58285  
10950.228  
10983.40548  
11039.11042  
11005.83506  
11066.84639  
10943.41388  
11047.08091  
11005.41535  
11080.01264  
11136.66528  
11039.59847  
11083.88906  
11088.15513  
10971.75854  
11017.79549  
11041.15389  
11048.24909  
11052.65432  
11025.77459  
11012.49109  
10948.67958  
10941.40629  
10985.45375  
10983.05189  
10894.126  
11048.88403  
10983.29069  
10960.33448  
11016.65838  
11091.99679  
11047.64794  
10987.97766  
10969.50728  
11003.04907  
10939.65245  
10913.04872  
10947.32374  
10983.84901  
10987.51129  
10969.17881  
11081.3911  
11024.44434  
11006.74663  
11141.31809  
11008.446  
10922.58698  
11011.51678  
11035.40931  
11023.04218  
11008.53608  
11085.30725  
11050.75948  
11112.43466  
10986.19031  
10995.52379  
11029.74969  
11002.88029  
10978.1353  
11128.25142  
11026.15967  
10976.92084  
11057.83821  
10964.36309  
10876.84794  
10976.696  
10932.0595  
11007.56189  
11084.77755  
11017.97178  
10956.44312  
11002.59805  
10995.00292  
10952.4734  
10997.00151  
11075.71658  
10936.00437  
10976.37695  
10996.95165  
11058.01825  
10949.1628  
11012.30689  
11088.90142  
11003.15965  
10959.40444  
11004.56829  
10960.36821  
10904.02944  
10898.07261  
11013.91653  
11075.89174  
11006.32841  
11020.36152  
11075.02023  
10940.44761  
10919.29238  
10962.53133  
11040.12674  
11012.12213  
10915.82478  
10891.92339  
10971.03915  
11003.27928  
10966.84436  
11082.68193  
11077.47748  
10987.57374  
10985.68742  
11046.30381  
10997.06573  
11066.53138  
11008.22409  
11080.3814  
11026.99436  
10938.30215  
11027.82104  
11054.88219  
11047.31052  
11080.9214  
10923.17988  
10985.25548  
