11428.80464  
11176.5374  
11215.38523  
11332.87522  
11191.83162  
11096.26559  
11132.55058  
11229.99512  
11157.64803  
11108.60574  
11171.77443  
11269.62207  
11343.58837  
11226.46155  
11290.91764  
11330.43436  
11238.20429  
11216.69692  
11302.6034  
11240.77628  
11277.02853  
11225.42549  
11202.1226  
11169.32394  
11160.35905  
11243.187  
11258.70364  
11296.93969  
11061.37987  
11239.6604  
11355.05424  
11184.36203  
11218.9491  
11068.47834  
11295.34384  
11289.90906  
11222.79054  
11222.30126  
11092.14859  
11233.96378  
11148.76927  
11195.46692  
11291.07033  
11228.99465  
11290.98587  
11113.83779  
11279.25368  
11234.06569  
11303.86462  
11366.21885  
11288.4141  
11275.45684  
11339.47363  
11197.1751  
11215.97548  
11225.49044  
11302.60651  
11239.74683  
11228.57715  
11239.1325  
11151.31272  
11128.69199  
11186.58028  
11207.07352  
11096.06473  
11310.32963  
11207.13261  
11162.1138  
11259.1325  
11280.93426  
11303.06067  
11209.15702  
11170.31613  
11241.07257  
11195.53713  
11109.41939  
11159.7108  
11217.47314  
11242.47245  
11210.40491  
11296.7523  
11274.51049  
11198.27186  
11379.02111  
11273.61352  
11133.79657  
11226.76033  
11291.13202  
11237.12034  
11214.87162  
11329.89105  
11270.42904  
11309.08571  
11219.09527  
11190.37661  
11269.44151  
11233.921  
11192.44345  
11357.47432  
11263.08926  
11149.06538  
11242.16142  
11213.95566  
11066.76172  
11209.02638  
11141.26706  
11215.18543  
11246.3689  
11230.66855  
11135.30926  
11231.49967  
11225.77022  
11146.63852  
11216.87937  
11351.05825  
11119.70415  
11140.03863  
11224.41488  
11308.49089  
11156.90123  
11227.16634  
11298.02878  
11256.64642  
11151.0023  
11231.42482  
11184.69014  
11088.73052  
11096.72084  
11218.95049  
11324.03509  
11239.03812  
11239.63223  
11269.82821  
11171.94865  
11127.71599  
11194.43745  
11261.77474  
11242.58302  
11121.70722  
11105.95241  
11193.37676  
11244.77411  
11166.47427  
11300.61912  
11317.90856  
11180.71474  
11199.85951  
11303.69072  
11203.72593  
11277.01357  
11217.86181  
11274.50166  
11285.65767  
11126.55541  
11295.52162  
11281.0547  
11295.86806  
11331.7501  
11138.80625  
11162.57598  
