10941.08459  
10873.52555  
10871.31206  
10945.51073  
10828.233  
10772.67696  
10761.68246  
10787.3374  
10806.3356  
10748.95261  
10789.46512  
10883.43147  
10889.41912  
10875.95773  
10899.94242  
10920.08077  
10889.15702  
10839.38286  
10893.06632  
10867.99804  
10910.76562  
10866.80482  
10838.26738  
10798.46893  
10787.9821  
10775.62976  
10876.80534  
10917.42234  
10770.50997  
10796.08025  
10944.37972  
10802.40446  
10782.96304  
10750.77908  
10836.04551  
10896.85243  
10882.93105  
10866.66896  
10774.78994  
10816.35736  
10832.67441  
10837.93764  
10840.1498  
10887.51042  
10883.31139  
10822.83301  
10851.92586  
10824.59441  
10861.46136  
10880.33513  
10896.1746  
10901.56786  
10947.08997  
10856.5672  
10897.35015  
10873.13616  
10896.83742  
10883.07812  
10853.82365  
10834.14872  
10803.58041  
10777.19883  
10812.14105  
10826.66765  
10779.10292  
10854.38116  
10828.24112  
10828.98506  
10870.88574  
10902.61853  
10908.90867  
10853.49105  
10805.64782  
10827.53224  
10789.8367  
10808.5062  
10776.77378  
10800.63002  
10792.96678  
10853.86735  
10928.98545  
10897.8787  
10854.54356  
10933.94203  
10856.66684  
10801.8211  
10814.26446  
10850.04827  
10881.05837  
10842.13253  
10879.8719  
10891.68232  
10903.10715  
10832.54383  
10823.48972  
10809.4014  
10834.17722  
10821.4498  
10930.59431  
10885.23174  
10864.00812  
10899.34566  
10848.0189  
10762.22602  
10796.59497  
10799.55572  
10870.70114  
10929.11965  
10898.37358  
10803.9518  
10822.23855  
10803.65233  
10810.63728  
10848.59775  
10885.95275  
10805.44133  
10790.43722  
10826.34747  
10845.83988  
10822.79042  
10828.72431  
10903.87528  
10896.11995  
10829.07937  
10844.50375  
10811.75436  
10777.59974  
10758.56973  
10825.05441  
10865.84868  
10883.25625  
10877.10607  
10891.24356  
10754.5125  
10767.63603  
10801.92078  
10875.68323  
10895.06753  
10813.47503  
10739.71607  
10778.28929  
10834.92862  
10822.62779  
10898.61928  
10905.49194  
10848.74975  
10819.43593  
10859.18269  
10839.12601  
10906.96939  
10910.12686  
10879.96897  
10873.6616  
10779.43429  
10826.61876  
10913.85801  
10932.99946  
10888.98475  
10804.43526  
10787.31616  
