11380.57513  
11334.4157  
11393.95946  
11476.92888  
11343.31529  
11275.9691  
11284.80098  
11346.79544  
11415.53198  
11339.15694  
11388.17558  
11348.82393  
11442.63774  
11431.817  
11435.2837  
11368.47655  
11521.02521  
11398.62622  
11341.52656  
11415.3868  
11462.75597  
11409.09985  
11345.38133  
11380.10973  
11458.32575  
11424.24354  
11454.73241  
11481.64451  
11421.10609  
11346.64474  
11304.73577  
11301.4217  
11346.20078  
11389.93829  
11323.02257  
11346.84305  
11447.94817  
11388.09441  
11217.6424  
11454.7366  
11540.6095  
11410.05541  
11384.12486  
11380.08188  
11343.74884  
11279.32448  
11335.65765  
11485.44199  
11475.10759  
11405.64809  
11390.52185  
11390.43106  
11456.15884  
11437.65585  
11421.35637  
11443.28282  
11415.64956  
11359.64319  
11325.80823  
11383.20779  
11378.86664  
11396.89848  
11402.98586  
11383.16771  
11329.04739  
11369.51874  
11383.95542  
11377.5026  
11450.31804  
11464.66767  
11474.69773  
11497.37124  
11498.48258  
11494.01441  
11487.63243  
11364.4812  
11285.14817  
11232.71651  
11247.99829  
11296.99405  
11288.03857  
11311.24142  
11383.69902  
11375.95395  
11337.75017  
11368.12012  
11384.20365  
11352.89133  
11338.38387  
11365.34501  
11414.23765  
11458.28774  
11372.63119  
11378.56217  
11391.10013  
11305.34549  
11305.50043  
11367.55514  
11327.70219  
11303.34939  
11298.61224  
11368.9115  
11452.88086  
11402.528  
11348.21608  
11541.07637  
11519.22434  
11364.4864  
11277.53617  
11277.13034  
11296.13163  
11287.91651  
11346.36977  
11464.63717  
11510.83663  
11419.05488  
11331.05776  
11390.16594  
11458.61553  
11377.96207  
11322.12472  
11304.84511  
11302.39218  
11361.20082  
11431.09336  
11397.87718  
11451.31132  
11399.05353  
11378.35359  
11361.30836  
11297.04864  
11287.45832  
11356.16813  
11536.36642  
11491.24217  
11279.07656  
11286.82866  
11371.26962  
11422.67826  
11359.50056  
11422.95416  
11435.91807  
11455.21484  
11397.04042  
11354.06633  
11265.79525  
11302.74532  
11345.86526  
11363.45368  
11445.52046  
11429.2473  
11363.35926  
11287.28662  
11508.04551  
11554.51389  
11490.06161  
11374.75039  
11362.31111  
11382.62194  
11231.0112  
