10870.64335  
10897.81978  
10898.39343  
10867.2899  
10903.17358  
10853.31  
10843.08091  
10875.14458  
10935.44364  
10935.20691  
10868.89291  
10823.4836  
10857.30845  
10861.3036  
10928.39201  
10974.27169  
10923.25121  
10878.28819  
10923.70035  
10878.53791  
10863.90241  
10854.37685  
10921.5969  
10912.92047  
10906.81015  
10909.5112  
10880.24098  
10857.03372  
10841.46113  
10859.76618  
10858.31632  
10869.94525  
10891.51271  
10935.52225  
10914.38896  
10886.56278  
10874.44582  
10811.42129  
10838.03413  
10880.41446  
10915.81843  
10916.53186  
10872.33525  
10859.9253  
10872.42784  
10911.07338  
10922.39345  
10899.65233  
10856.76998  
10856.62386  
10885.86259  
10912.75861  
10888.70827  
10879.65923  
10878.4341  
10833.13078  
10856.01513  
10850.42671  
10851.11366  
10886.84418  
10926.95483  
10878.78518  
10861.36887  
10884.56829  
10865.4422  
10869.10874  
10869.42229  
10869.23666  
10848.57997  
10876.34859  
10896.00026  
10900.86968  
10933.60231  
10947.23648  
10839.11346  
10805.63707  
10817.95932  
10840.93902  
10897.45579  
10903.74446  
10872.49978  
10825.65065  
10869.66571  
10926.14988  
10922.88222  
10961.64662  
10924.8089  
10896.88775  
10915.63126  
10954.87747  
10907.33476  
10914.1578  
10922.02641  
10924.45431  
10920.49164  
10920.68561  
10921.18074  
10915.53372  
10933.78459  
10937.87677  
10907.78126  
10854.09381  
10851.90631  
10884.83345  
10869.54766  
10884.69462  
10859.57524  
10913.6195  
10902.8597  
10900.49574  
10865.16688  
10848.70241  
10940.88974  
10977.21685  
10917.14458  
10912.33024  
10917.71174  
10880.19908  
10873.56036  
10883.75973  
10909.37501  
10929.96814  
10903.65367  
10863.87845  
10849.82346  
10868.80117  
10892.49476  
10890.84597  
10856.70045  
10843.82468  
10853.07809  
10824.40833  
10802.73025  
10828.5044  
10847.54345  
10889.20702  
10891.23878  
10903.84132  
10886.25863  
10831.94377  
10871.57452  
10899.27117  
10901.56277  
10878.89482  
10876.27694  
10857.8206  
10853.78415  
10855.50922  
10930.89061  
10932.34926  
10923.0653  
10852.57802  
10811.74822  
10887.90147  
10961.27251  
10948.43275  
10902.22342  
10940.33158  
10924.44333  
10832.94518  
