10888.15888  
10930.09532  
11042.57558  
11005.61873  
10803.14294  
10885.08255  
10955.23058  
10901.37642  
10923.30234  
10958.21961  
10982.84433  
10967.56442  
11024.11349  
11062.36132  
10944.87806  
10928.55307  
11064.19287  
10982.30175  
11013.3983  
11086.76345  
11052.16303  
10987.27998  
10975.8407  
11079.80363  
11116.76236  
11119.35262  
11040.49368  
11013.69063  
10941.51182  
10987.43579  
10961.29621  
10963.0628  
11033.48151  
10971.64188  
10943.49937  
10997.5985  
11021.12166  
10887.91692  
10850.78058  
10913.55899  
11153.83193  
11028.3251  
10966.28069  
10913.38641  
10933.96839  
10864.18103  
10895.79801  
10989.67897  
10986.73838  
10941.48171  
10895.67524  
10972.95576  
11068.53635  
11037.60322  
11008.88666  
10959.3153  
10933.85323  
10963.78398  
11017.95993  
10936.45861  
10939.94424  
10957.67352  
11028.01081  
10953.35119  
10857.16132  
10930.46098  
10997.45102  
10998.83815  
10951.94107  
10973.96282  
10968.28933  
11074.59836  
11113.33346  
11014.39587  
11009.45717  
10853.09371  
10759.11635  
10851.30768  
10853.51938  
10885.71305  
11001.79046  
10999.89579  
10976.1731  
10915.16222  
10951.63789  
10913.45269  
11020.99406  
11037.52356  
10967.24117  
10948.4965  
10919.51236  
10973.32861  
11034.68121  
11065.10783  
11097.05314  
11009.37424  
10906.86334  
10969.3387  
11003.01769  
10938.28828  
11031.74073  
11046.2406  
11026.16226  
10922.25635  
10925.26122  
11018.6451  
10965.61809  
10899.69412  
10983.60244  
11047.92249  
11048.35754  
11031.0431  
11019.45184  
11124.51652  
11026.25938  
10944.79787  
10914.02214  
11021.15858  
10940.62735  
10902.29453  
10942.24374  
10971.85021  
10954.86791  
11021.23347  
10986.23944  
10883.54557  
10912.67431  
10994.75514  
10957.38583  
10929.48054  
10972.35456  
10939.35426  
10909.12015  
10988.92092  
10943.4664  
10920.37841  
10954.87368  
10939.06471  
10934.74014  
10885.86821  
10974.83599  
11033.76392  
10984.81895  
10914.10926  
10863.72301  
10956.28924  
10986.88012  
10965.51051  
10957.41568  
11053.99212  
11009.38747  
10970.11688  
10882.3472  
10993.28256  
11136.38433  
11066.09072  
11020.28782  
11010.18101  
10999.66623  
10861.94727  
