10442.38816  
10443.39525  
10540.35603  
10581.93641  
10416.82117  
10431.92137  
10461.44425  
10440.12915  
10464.21663  
10457.70092  
10477.76696  
10487.17109  
10563.4786  
10580.19093  
10494.98783  
10443.25376  
10562.98641  
10499.95524  
10514.75848  
10575.43303  
10583.26424  
10535.11084  
10490.71828  
10580.09445  
10619.034  
10615.61281  
10569.345  
10555.15102  
10482.48978  
10497.82655  
10470.91285  
10489.93815  
10520.30767  
10482.14038  
10482.3385  
10535.04035  
10524.53947  
10423.19437  
10419.43029  
10506.01457  
10611.98762  
10536.4112  
10490.39445  
10465.73295  
10473.45278  
10388.89308  
10432.86296  
10501.27024  
10519.77286  
10480.78646  
10441.65394  
10486.76267  
10551.87404  
10571.61232  
10563.24427  
10521.22401  
10476.42309  
10480.6051  
10536.03125  
10482.63642  
10459.86468  
10473.76341  
10550.89964  
10490.35839  
10420.69206  
10490.51369  
10531.49005  
10523.44872  
10517.92823  
10541.7626  
10502.78636  
10561.6539  
10599.9651  
10502.68773  
10511.34664  
10399.30181  
10342.12778  
10378.65086  
10381.31457  
10416.09896  
10505.88731  
10495.51903  
10480.97508  
10440.38671  
10466.51129  
10447.91486  
10528.77051  
10538.53201  
10475.96346  
10482.14817  
10489.41846  
10522.54944  
10540.88634  
10563.11668  
10588.54252  
10528.80813  
10464.26067  
10498.90988  
10525.04005  
10478.12327  
10527.56256  
10533.49142  
10543.85357  
10449.74037  
10457.41435  
10569.06368  
10530.73286  
10436.94297  
10460.94188  
10544.42051  
10565.97694  
10508.46159  
10507.03737  
10640.53276  
10584.60473  
10524.76085  
10483.28698  
10534.60754  
10509.66331  
10461.70599  
10463.03188  
10491.23274  
10482.48659  
10538.04868  
10524.96294  
10469.44955  
10468.36213  
10488.31759  
10462.59392  
10446.56885  
10495.35085  
10460.52735  
10438.13871  
10547.13207  
10491.33534  
10438.72956  
10497.89948  
10445.20332  
10476.9853  
10435.63047  
10513.6064  
10549.33222  
10532.4015  
10473.57584  
10432.59516  
10466.03456  
10492.64733  
10493.568  
10488.08779  
10543.91016  
10508.35263  
10479.60409  
10388.02334  
10496.4188  
10656.2973  
10578.62469  
10571.4047  
10603.82232  
10487.61246  
10403.13465  
