11010.68935  
10972.86673  
11028.17473  
11040.81008  
10950.50508  
10976.88189  
11003.52699  
10986.50835  
10992.77332  
11014.65929  
11035.71338  
11109.39683  
11106.57544  
11143.08764  
11032.56559  
10983.66717  
11073.11751  
11014.30942  
11019.78573  
11099.23554  
11114.98125  
11079.10716  
11004.02362  
11088.1413  
11150.37474  
11149.50319  
11105.47055  
11100.1959  
11039.94667  
11034.39399  
10975.06578  
11003.00953  
11026.37188  
11013.72279  
11032.07399  
11058.33541  
11090.27059  
10988.97505  
10970.72374  
11080.19088  
11165.18071  
11072.69344  
11055.84915  
11038.49284  
11009.22087  
10905.8901  
10911.75642  
10993.97853  
11012.76828  
11022.36622  
10950.18036  
10991.01246  
11071.59173  
11083.34141  
11067.38871  
11057.20948  
10993.85554  
11008.34303  
11072.31377  
11025.21582  
10992.11341  
11019.27754  
11085.9043  
11010.354  
10973.66622  
11010.79532  
11040.40431  
11032.11625  
11027.04961  
11064.9307  
11074.80837  
11133.78414  
11110.4458  
11073.70571  
11106.92482  
10981.01198  
10910.61849  
10918.45458  
10930.09362  
10964.49401  
11014.45079  
11030.01951  
11023.34042  
10971.97296  
11004.38124  
10987.62813  
11058.86616  
11045.93309  
10992.55665  
10993.83225  
11008.41376  
11046.62401  
11101.64272  
11092.53165  
11095.48286  
11059.98099  
11008.37055  
11036.11433  
11053.59097  
11005.8778  
11069.65153  
11075.71222  
11114.19809  
11019.84239  
10994.07218  
11028.60111  
11064.81855  
10982.89647  
11016.75157  
11073.5048  
11062.54655  
11062.94593  
11019.92492  
11120.528  
11106.16699  
11047.53847  
11011.89054  
11057.71184  
11034.4312  
11015.91387  
10979.37198  
11020.55275  
11022.9378  
11048.54629  
10997.42255  
10949.67419  
11002.28259  
11018.39104  
11001.71721  
10970.45795  
11050.8915  
11013.24722  
10983.33533  
11039.4814  
11014.92556  
10991.20121  
11020.01637  
10972.00793  
11018.78451  
11021.41727  
11088.44355  
11148.09298  
11124.03343  
11052.16268  
11001.58643  
11000.76824  
11037.8282  
10994.93549  
11010.50348  
11068.65852  
11042.9654  
11088.65034  
10967.354  
11085.70316  
11139.33873  
11080.19571  
11079.91927  
11051.22147  
10996.69368  
10905.36136  
