10852.91735  
10804.43765  
10841.87394  
10988.86569  
10856.90798  
10739.23059  
10766.36327  
10824.22327  
10895.73499  
10849.66671  
10813.25092  
11032.98119  
10992.24926  
10967.48797  
10941.15342  
10921.94871  
10909.57789  
10916.58865  
10872.32447  
10930.37295  
11053.65559  
11053.08659  
10912.12925  
10890.05137  
10964.05839  
10982.45726  
10960.08053  
11001.55815  
10940.15696  
10875.51165  
10810.05144  
10807.34587  
10854.20796  
10872.86576  
10867.59883  
10889.13133  
10946.41314  
10906.64825  
10750.4419  
10943.98646  
10950.84871  
10887.82098  
10959.73378  
11035.25039  
10880.11423  
10795.60426  
10774.12339  
10894.13543  
10956.66124  
10895.63994  
10867.03807  
10891.80897  
10909.33985  
10937.88562  
10927.09318  
10991.35525  
10881.1068  
10822.7374  
10822.68149  
10848.69441  
10867.43662  
10855.62607  
10847.96767  
10937.8451  
10909.23098  
10856.89071  
10917.39929  
10934.69319  
10968.16069  
10997.82835  
10971.67061  
10961.134  
10911.96238  
10905.29989  
10935.40787  
10907.4822  
10709.065  
10742.56598  
10816.69213  
10834.71522  
10784.11084  
10768.93495  
10796.9863  
10784.27317  
10815.51945  
10853.47505  
10864.43574  
10844.47774  
10826.91598  
10963.36315  
10893.0325  
10909.43611  
10905.73076  
10905.24871  
10910.62622  
10890.14983  
10928.81999  
10917.96617  
10923.01996  
10925.01357  
10905.73735  
10859.69478  
10945.67  
10896.94291  
10869.57438  
10936.52742  
10993.38441  
10871.8305  
10803.37239  
10817.93828  
10854.11156  
10837.70198  
10853.92619  
10999.17071  
11034.85866  
11050.21615  
10901.27752  
10995.98143  
11034.17384  
10968.9378  
10884.15588  
10872.14425  
10824.58527  
10888.55555  
10999.52885  
11037.55138  
11006.69278  
10944.16203  
10864.61485  
10833.38546  
10826.70592  
10768.61657  
10739.57792  
10823.6987  
10886.26994  
10837.47595  
10789.40238  
10832.49025  
10889.08244  
10940.67129  
10926.73468  
10959.15701  
10967.3812  
10977.83953  
10805.43468  
10747.34625  
10788.25107  
10802.75446  
10819.84449  
10856.44903  
10909.90758  
10969.65892  
10886.34147  
11027.14817  
10993.16679  
10933.68521  
10904.74973  
10977.31972  
10904.95902  
10839.68751  
