10722.74248  
10766.75848  
10875.60681  
10957.61359  
10636.98701  
10708.56562  
10780.33313  
10711.26835  
10758.06701  
10790.0924  
10795.72327  
10792.78793  
10891.00768  
10900.46257  
10779.38041  
10771.33032  
10877.9676  
10876.94444  
10907.75332  
10885.98287  
10895.98595  
10864.89367  
10879.0122  
10933.34577  
10927.23033  
10973.54225  
10952.35074  
10888.84163  
10783.23852  
10844.82324  
10854.05443  
10828.04538  
10928.17188  
10826.22716  
10812.3283  
10840.59981  
10844.45657  
10718.97858  
10690.79544  
10650.90301  
10944.12188  
10835.05703  
10836.71791  
10736.13884  
10759.50747  
10710.99616  
10696.94478  
10839.90231  
10857.18493  
10779.98999  
10745.17097  
10838.20874  
10871.55853  
10828.21315  
10919.30638  
10810.06426  
10784.29194  
10824.64124  
10880.50425  
10771.98825  
10794.92047  
10809.99729  
10870.00134  
10822.09779  
10702.34894  
10800.1833  
10833.22696  
10846.6586  
10835.22985  
10854.50142  
10812.15757  
10876.48201  
10965.47437  
10846.29396  
10847.92179  
10663.98124  
10585.04131  
10697.33246  
10687.0406  
10718.49824  
10876.28656  
10840.79211  
10769.98482  
10719.69829  
10776.55284  
10736.80763  
10862.23463  
10899.71378  
10795.1078  
10799.03206  
10735.41507  
10817.86414  
10879.87435  
10918.38865  
10970.16046  
10862.06305  
10746.90976  
10796.87342  
10865.84894  
10811.59425  
10912.75701  
10928.78678  
10859.1416  
10756.96226  
10763.94958  
10923.49979  
10830.37952  
10752.07413  
10830.51701  
10863.75898  
10888.70306  
10838.5522  
10824.99825  
10987.99472  
10921.52042  
10787.80707  
10723.58798  
10888.14631  
10799.82754  
10727.51888  
10754.54131  
10837.35525  
10811.6656  
10851.17863  
10923.54463  
10795.96628  
10780.74616  
10861.24597  
10823.0588  
10794.64791  
10825.22439  
10776.02068  
10749.38334  
10834.71459  
10826.82902  
10807.5982  
10792.6986  
10770.58758  
10785.97367  
10704.07814  
10799.6282  
10825.71289  
10829.79826  
10757.36499  
10727.14081  
10822.69153  
10799.94781  
10810.23184  
10792.72161  
10870.1268  
10817.52964  
10815.31216  
10711.89705  
10766.61947  
10997.54785  
10932.93448  
10901.31848  
10867.73342  
10864.04187  
10759.90068  
