11292.24099  
11393.40022  
11308.34489  
11293.39366  
11386.23605  
11349.73879  
11327.97925  
11314.94401  
11386.9265  
11379.98351  
11339.8399  
11417.87561  
11382.06259  
11334.76454  
11366.98203  
11408.15679  
11281.55484  
11304.4723  
11362.79155  
11312.14232  
11304.65475  
11311.75998  
11374.2129  
11311.86978  
11384.20187  
11451.41603  
11435.62758  
11323.87788  
11366.05818  
11440.61625  
11437.43575  
11380.05507  
11411.97409  
11344.52321  
11428.51566  
11372.80757  
11376.82626  
11456.77684  
11312.83755  
11327.52006  
11367.97718  
11367.07233  
11289.05183  
11314.68484  
11295.44071  
11269.28087  
11437.17936  
11281.96074  
11264.97376  
11348.19111  
11261.83401  
11288.88814  
11328.13211  
11272.1362  
11343.51769  
11256.03982  
11323.67077  
11333.464  
11262.12242  
11347.55048  
11276.03024  
11387.10783  
11277.19175  
11303.06623  
11314.90636  
11331.44238  
11361.18052  
11300.6642  
11334.83206  
11318.24964  
11283.46953  
11439.83592  
11331.11683  
11376.86657  
11466.13137  
11394.82903  
11352.92419  
11433.92287  
11349.43523  
11304.55802  
11339.39692  
11382.6348  
11485.26128  
11391.20838  
11443.83995  
11344.96394  
11427.10482  
11504.74141  
11306.87147  
11364.14962  
11365.51826  
11316.31388  
11429.55005  
11344.80284  
11350.75547  
11312.64859  
11329.059  
11418.86094  
11283.58128  
11342.79378  
11360.05939  
11298.8193  
11291.0026  
11418.43786  
11358.83188  
11325.20758  
11365.64942  
11366.91369  
11297.43702  
11264.13531  
11292.99998  
11332.04472  
11292.58592  
11339.91031  
11393.83111  
11343.07402  
11385.55414  
11367.73606  
11267.69236  
11428.3719  
11333.10582  
11287.75049  
11411.36939  
11391.91135  
11356.69013  
11328.7968  
11351.79983  
11379.9264  
11274.15448  
11312.3039  
11426.16899  
11341.83573  
11327.77801  
11295.84693  
11301.46769  
11398.48382  
11292.90269  
11421.42081  
11349.89544  
11360.40302  
11450.49651  
11399.40819  
11337.95609  
11288.09988  
11376.94082  
11307.17217  
11423.61927  
11327.04083  
11335.73592  
11416.32078  
11372.09486  
11452.31303  
11340.94843  
11333.83883  
11270.07668  
11316.42294  
11427.63694  
11296.55503  
11349.50265  
11319.30246  
