10858.23821  
10833.21418  
10800.27206  
10799.9744  
10866.85205  
10834.04833  
10820.82567  
10825.06461  
10824.91973  
10771.75731  
10872.93111  
10804.95293  
10849.70724  
10832.05434  
10857.65244  
10881.68019  
10824.45366  
10796.70903  
10848.599  
10823.63235  
10814.74906  
10862.4214  
10889.47915  
10797.67938  
10881.55606  
10900.34705  
10788.75267  
10763.28491  
10893.3038  
10886.70004  
10852.03023  
10786.60336  
10834.43561  
10862.21187  
10848.08283  
10804.60612  
10842.54706  
10929.75777  
10917.12769  
10925.55357  
10915.51865  
10799.83791  
10742.6013  
10684.31559  
10691.64085  
10666.32766  
10749.10815  
10784.53193  
10770.73236  
10796.56682  
10792.69739  
10817.28073  
10834.35794  
10805.19638  
10802.51281  
10797.81846  
10843.99272  
10850.91781  
10877.1343  
10913.98567  
10919.67354  
10898.64283  
10894.54477  
10910.13371  
10847.22182  
10785.03525  
10773.58831  
10769.24235  
10794.61877  
10780.42318  
10748.81358  
10839.09696  
10847.51711  
10826.74199  
10851.94673  
10792.18598  
10769.4463  
10819.97284  
10833.27546  
10773.68064  
10757.23098  
10774.05457  
10832.33664  
10858.97417  
10878.98772  
10796.298  
10878.39039  
10837.95497  
10833.13807  
10815.89079  
10845.08647  
10898.35204  
10922.68286  
10920.34052  
10934.08097  
10921.55746  
10851.25813  
10869.07945  
10906.41664  
10920.8237  
10823.23192  
10712.14254  
10772.58805  
10786.12943  
10769.85024  
10858.0496  
10876.60976  
10877.37705  
10807.14567  
10881.48957  
10800.21927  
10726.22627  
10736.30698  
10700.33033  
10777.72747  
10834.02027  
10851.65783  
10897.8914  
10896.51262  
10929.67553  
10859.84993  
10915.39651  
10912.66074  
10894.11398  
10834.0595  
10848.64193  
10803.81122  
10780.9268  
10676.39136  
10779.47498  
10830.17894  
10846.04189  
10779.62568  
10784.96934  
10803.48319  
10763.13309  
10770.50963  
10825.37846  
10809.55417  
10835.73886  
10856.23886  
10832.86441  
10898.86594  
10830.07926  
10789.55139  
10788.91243  
10869.08236  
10922.72403  
10859.16576  
10948.31628  
10971.40196  
10863.01424  
10858.02244  
10736.4067  
10764.78051  
10821.16943  
10807.63515  
10759.60368  
10816.73811  
10901.59092  
