10992.39711  
11062.01205  
10941.1291  
10992.41475  
11066.76968  
10986.35082  
11035.56314  
11018.65931  
11047.34687  
10969.68129  
10960.30129  
11079.76389  
11142.29395  
10978.74757  
11060.26756  
11139.94144  
11017.38271  
11029.44664  
11029.13446  
10978.32237  
11020.95996  
11036.42907  
11010.76841  
11013.62234  
11039.2619  
11144.7202  
11062.54949  
11000.99959  
11033.15733  
11082.96084  
11029.14717  
11039.43248  
11066.35001  
11055.62615  
11061.17174  
10949.57818  
10983.65021  
11109.91536  
11036.38479  
11054.08678  
11091.83584  
10998.92367  
10963.08047  
10934.39552  
10908.05828  
10922.80672  
11070.20491  
11026.94922  
11003.3853  
11015.43692  
10964.82132  
10985.60121  
10978.27849  
10990.17488  
11012.76224  
10910.89271  
10979.54807  
10999.83685  
10948.37826  
11014.31774  
10972.01384  
10951.67358  
10915.8897  
11008.5475  
11061.85577  
11069.98555  
11102.45496  
10917.31736  
10995.99394  
10955.64945  
10982.32932  
11137.22613  
11080.03619  
11056.23034  
11073.20011  
11034.11384  
11056.99607  
11081.31144  
11073.42398  
11043.27766  
11035.38724  
11082.76787  
11108.98173  
11123.26068  
11103.44052  
10984.87305  
11116.60388  
11172.22648  
11040.64877  
11067.6814  
11007.86663  
10928.10288  
10998.70755  
11037.61831  
11115.11316  
10983.38225  
10995.14046  
11066.75026  
10934.18965  
11030.97613  
11090.20357  
10952.49582  
10974.83385  
11010.69611  
10971.79473  
11057.42555  
11091.49547  
11077.90256  
10987.80706  
10993.5558  
11005.26489  
10990.48353  
10887.23396  
10928.20506  
10967.62445  
11024.62855  
11109.04858  
11082.54668  
11003.41655  
11056.3421  
10962.4118  
10992.78693  
11069.99166  
11069.87833  
11119.49203  
11046.38019  
11055.02698  
11066.77807  
10914.63365  
10985.83416  
11039.45948  
11023.5464  
11029.11232  
11010.92033  
11015.70327  
11062.56412  
10982.01272  
11023.12449  
11016.93573  
11020.07891  
11090.28071  
11072.4733  
11060.2889  
11093.85741  
11055.9487  
10954.13281  
11077.89875  
10936.24942  
10950.58304  
11050.51174  
11108.37714  
11182.82791  
11059.6791  
10965.2977  
10959.12016  
10970.50321  
11048.56346  
10946.52726  
11002.74388  
11080.75859  
