11190.42701  
11277.63236  
11166.44532  
11228.63173  
11233.60885  
11209.21474  
11207.04114  
11213.11423  
11230.62349  
11219.39046  
11202.14225  
11268.83469  
11292.58732  
11176.87154  
11255.62519  
11267.39569  
11188.08489  
11204.7723  
11227.91542  
11216.87019  
11201.21341  
11210.29315  
11244.49079  
11231.0974  
11265.75667  
11333.35917  
11278.65226  
11234.79676  
11275.49554  
11330.09415  
11226.69046  
11236.57986  
11240.91274  
11236.16352  
11225.25322  
11231.5697  
11278.70025  
11324.36905  
11233.13625  
11222.01683  
11233.48392  
11248.94105  
11182.14039  
11194.61337  
11150.42576  
11159.33336  
11279.55064  
11178.07689  
11196.89002  
11188.25208  
11139.01043  
11185.34058  
11171.8959  
11177.229  
11249.29303  
11141.46072  
11210.94489  
11225.35697  
11189.41269  
11231.8956  
11185.1464  
11172.3524  
11167.68351  
11196.91727  
11179.5983  
11226.34202  
11264.01886  
11119.02643  
11189.45264  
11202.82237  
11208.05352  
11289.28444  
11207.05752  
11250.7871  
11253.71283  
11252.87143  
11259.23225  
11288.22754  
11243.12355  
11237.54681  
11215.40372  
11265.09988  
11260.98586  
11291.06963  
11290.3453  
11235.59013  
11332.44693  
11317.75187  
11178.95467  
11236.20703  
11231.82685  
11228.60305  
11286.32197  
11223.03793  
11243.99798  
11201.2391  
11239.40925  
11329.97965  
11190.88348  
11248.67192  
11250.21822  
11166.62291  
11227.67864  
11254.42764  
11208.85052  
11241.37967  
11281.80744  
11287.28173  
11167.14269  
11171.86459  
11179.64751  
11224.28675  
11183.50314  
11189.47061  
11207.71827  
11257.44501  
11273.89118  
11240.83266  
11179.0245  
11236.92192  
11217.14516  
11242.68387  
11237.42143  
11265.75677  
11296.75117  
11217.47023  
11269.45632  
11282.66559  
11163.70825  
11216.46165  
11253.4104  
11206.70126  
11241.22018  
11234.39601  
11198.43148  
11223.76885  
11198.83863  
11234.40914  
11231.8467  
11175.80097  
11237.3394  
11238.82189  
11216.59274  
11229.99292  
11222.89312  
11219.3122  
11269.05701  
11220.04257  
11204.25614  
11231.25794  
11279.34496  
11260.76528  
11243.64609  
11181.03313  
11217.90494  
11270.38786  
11228.07337  
11176.62655  
11268.05128  
11226.68522  
