12008.88083  
12092.24531  
11912.32367  
11866.80405  
11983.84972  
12037.53547  
11948.55546  
11839.06771  
11986.87573  
12101.24787  
11879.6115  
11952.81544  
12189.67874  
11950.91692  
12004.84771  
12053.9969  
12036.09129  
11945.69401  
11893.6673  
12073.79888  
11941.44537  
11891.2064  
11991.92699  
11891.33127  
12017.07207  
12195.70288  
12129.76364  
11944.05074  
11997.06909  
12286.12695  
12057.70209  
12041.78945  
12113.06633  
11990.8622  
11963.56251  
11911.53246  
11883.81111  
12165.54552  
11961.05886  
11852.77938  
11911.01411  
12152.89792  
11926.3364  
11846.31581  
11968.422  
11856.55539  
11970.8208  
11923.97855  
11884.61624  
11987.07632  
11946.54733  
11900.66798  
12125.34253  
11999.46276  
12100.22441  
11809.26612  
11813.49596  
12028.09444  
11852.64303  
12089.85721  
11893.41953  
11906.22701  
11972.38739  
12010.83044  
11990.63759  
12012.81453  
12162.26166  
11787.1194  
11838.46792  
11885.98235  
11800.28363  
12022.62722  
11912.9789  
12016.08141  
12079.23765  
12021.74721  
11934.70729  
12092.75896  
12013.18225  
11934.8371  
11963.32507  
12043.79254  
12195.19928  
12214.12878  
12199.84755  
11941.40526  
12105.67994  
12254.88526  
11969.75905  
11887.02251  
11843.34823  
11795.04982  
12159.64078  
11956.8965  
11839.30678  
11974.90597  
11972.43829  
12094.05548  
11828.08448  
12010.49243  
12094.67218  
11917.63362  
11813.70496  
11951.88733  
12140.51468  
12004.66038  
12041.82875  
12035.95337  
11929.54355  
11868.39659  
11850.92353  
12014.58676  
11849.17353  
11993.91595  
12254.22895  
12050.24126  
12194.99661  
12344.74906  
12035.44714  
12079.83242  
12022.12397  
11923.64446  
12052.18577  
12164.67382  
12117.28112  
11901.42598  
11968.78252  
11937.11727  
11683.83363  
11812.3784  
12065.57148  
11885.07152  
11906.28236  
12050.97827  
11849.81379  
12077.06013  
11945.39656  
11997.99699  
12007.21495  
11822.71381  
12039.02319  
12199.86235  
11940.32268  
11905.57055  
12049.41155  
11761.95828  
12054.36578  
11926.00184  
11970.37522  
12124.93137  
12051.56476  
12149.51292  
11876.26123  
11816.83891  
11934.92148  
11995.11849  
12146.95813  
12055.51692  
11958.46659  
12083.59393  
