10014.71118  
10051.52875  
10022.17465  
10035.4623  
10043.41233  
10069.28902  
10009.12604  
10037.82543  
10074.53709  
10063.33383  
10069.64058  
10095.91185  
10091.08628  
10042.45065  
10076.7913  
10082.18043  
10026.06912  
10030.55605  
10070.99334  
10069.99264  
10022.23275  
10024.42663  
10107.66803  
10020.34542  
10090.91895  
10128.95421  
10104.31599  
10025.51187  
10033.94705  
10117.75905  
10065.10488  
10083.78915  
10084.55321  
10053.34494  
10100.36215  
10078.01319  
10072.43296  
10121.45911  
10043.30408  
10050.1232  
10077.82509  
10078.96884  
10030.01339  
10052.06304  
10008.58227  
10000.96949  
10082.02036  
10051.68709  
9965.822287  
9995.675174  
9982.297808  
10027.97999  
10042.59712  
10007.72769  
10067.81133  
9995.53775  
10040.23707  
10029.24154  
9977.592144  
10025.1665  
10009.04143  
10064.18431  
10027.52917  
10019.74776  
10032.14915  
10023.5377  
10074.92819  
10030.48993  
10047.58459  
10073.86328  
10027.17681  
10061.71738  
10075.91734  
10060.52711  
10091.52289  
10072.72457  
10065.83765  
10093.5276  
10074.95141  
10048.07702  
10089.05438  
10042.07498  
10145.11634  
10106.51372  
10122.26111  
10075.71662  
10094.8548  
10171.05642  
10068.60408  
10053.21133  
10069.85725  
10022.11468  
10102.62092  
10023.14714  
10026.22897  
9994.602496  
10025.27945  
10070.52279  
10027.07839  
10071.74731  
10060.60369  
10027.49507  
10037.73067  
10077.71643  
10076.42012  
10028.81434  
10052.72007  
10075.53867  
10033.69108  
9997.243359  
10065.01482  
10024.14781  
10024.25024  
10012.18969  
10067.51853  
10046.13346  
10058.22676  
10078.86819  
10008.28431  
10054.42298  
10044.38559  
10006.11276  
10065.92227  
10094.55768  
10055.71343  
10075.56204  
10060.67932  
10043.97971  
10043.4987  
10039.6151  
10104.68409  
10077.59379  
10016.1398  
10065.91217  
10023.16033  
10052.65026  
10023.03435  
10099.92866  
10097.87335  
10061.19188  
10083.72808  
10115.46877  
10068.50213  
10018.65245  
10095.73592  
10054.16667  
10095.28427  
10045.8234  
10043.91532  
10063.9388  
10070.12493  
10091.32237  
10055.0888  
10024.06905  
10028.74863  
10048.20786  
10077.06929  
10012.63919  
10058.93806  
10002.18921  
