11706.48323  
11842.88559  
11729.95954  
11718.43833  
11829.59704  
11736.3373  
11758.87794  
11704.78484  
11832.48023  
11779.21135  
11789.42797  
11842.96446  
11858.37501  
11771.87794  
11777.55325  
11842.03131  
11682.90388  
11749.30505  
11863.19455  
11711.56434  
11734.28634  
11794.7304  
11808.547  
11728.82374  
11765.68673  
11904.39838  
11850.38569  
11772.71472  
11806.72517  
11887.76357  
11842.25709  
11829.19928  
11840.89471  
11752.36353  
11828.12161  
11744.90196  
11786.91767  
11899.10818  
11769.06584  
11787.56767  
11816.023  
11783.54221  
11701.59146  
11729.33449  
11665.83369  
11643.7351  
11839.62647  
11710.41371  
11681.53056  
11785.41956  
11689.54137  
11736.03841  
11764.31543  
11699.84628  
11771.98671  
11662.88523  
11742.60003  
11728.51183  
11703.16402  
11782.91907  
11716.09328  
11814.55436  
11683.11075  
11772.93202  
11716.61201  
11719.3462  
11809.13149  
11723.63637  
11762.33323  
11734.40473  
11713.82258  
11884.62692  
11740.95922  
11786.35281  
11876.41213  
11797.70466  
11828.18987  
11925.4693  
11768.82886  
11776.16646  
11718.09578  
11797.65037  
11927.39637  
11800.49424  
11891.88146  
11779.55119  
11896.5316  
11947.55429  
11746.59321  
11796.04602  
11790.08683  
11759.06477  
11858.30636  
11793.84831  
11802.88546  
11707.25134  
11751.67511  
11872.64441  
11756.04748  
11788.04953  
11791.93513  
11720.72597  
11764.54688  
11864.22603  
11774.41011  
11786.98635  
11751.16749  
11812.72069  
11716.73551  
11697.52071  
11704.19842  
11783.2915  
11720.69489  
11783.19451  
11827.43382  
11773.11834  
11787.82254  
11755.86785  
11699.60058  
11866.16358  
11714.7535  
11757.3526  
11875.7592  
11820.35696  
11781.32699  
11777.51795  
11788.40165  
11814.46179  
11651.08591  
11719.84981  
11868.65586  
11783.88962  
11826.1884  
11697.44139  
11772.40703  
11836.43092  
11711.25427  
11861.66323  
11711.71664  
11750.95429  
11869.48291  
11814.29983  
11776.89821  
11755.3897  
11787.82053  
11729.04761  
11827.89853  
11734.15116  
11773.61345  
11815.26565  
11795.88301  
11868.66887  
11749.4351  
11777.43265  
11700.62499  
11780.50667  
11846.92716  
11691.34344  
11783.41533  
11837.81898  
