10888.95272  
10980.43396  
10895.25785  
10897.89756  
10975.64438  
10933.47826  
10936.09059  
10890.82346  
10967.67393  
10973.14588  
10937.71767  
10971.16803  
11009.77061  
10931.48097  
10970.99192  
10994.94825  
10879.6676  
10923.78801  
10958.94148  
10918.12815  
10919.3038  
10906.22615  
10979.89309  
10931.8377  
10976.69117  
11047.24069  
11044.74192  
10933.85556  
10974.92026  
11044.9701  
11011.83258  
10946.78302  
11004.04472  
10931.44398  
10960.27317  
10951.34463  
10966.7564  
11046.09219  
10919.41175  
10931.25263  
10921.45213  
10966.95574  
10892.67256  
10903.18305  
10866.46825  
10839.3386  
11023.41768  
10879.27988  
10868.87771  
10920.52551  
10866.04193  
10897.8898  
10921.86678  
10877.52282  
10935.13603  
10840.61197  
10888.68558  
10929.30509  
10881.30675  
10939.87228  
10877.06405  
10940.47227  
10871.85599  
10922.62825  
10909.05613  
10932.17775  
10981.58397  
10885.74053  
10894.25736  
10925.49655  
10884.68862  
11022.41904  
10924.50355  
10969.72131  
11020.083  
10990.59838  
10972.71557  
11018.32729  
10928.87024  
10909.88313  
10921.74269  
10990.04931  
11050.23709  
11000.62208  
11030.38528  
10936.41818  
11047.69423  
11096.66538  
10886.2516  
10942.18794  
10951.89675  
10910.80691  
11024.39178  
10955.79599  
10948.6563  
10893.50212  
10936.745  
11040.89821  
10889.69652  
10950.15432  
10983.26077  
10898.94294  
10897.37085  
11003.92578  
10946.19081  
10954.14678  
10937.7083  
10963.13784  
10869.6253  
10866.64658  
10869.84792  
10923.48582  
10863.88379  
10918.2054  
10990.21287  
10944.82778  
10986.90995  
10958.07338  
10862.27049  
11015.3162  
10934.64603  
10907.19445  
10976.54467  
10994.68398  
10958.35424  
10923.9176  
10969.84029  
10991.1499  
10874.97513  
10914.09179  
11005.15807  
10950.9029  
10924.86256  
10905.08466  
10920.21578  
10980.68816  
10894.11384  
11006.19794  
10943.96322  
10947.00975  
11005.97396  
10993.23111  
10945.39145  
10884.23858  
10979.07306  
10910.06595  
11007.0891  
10904.76909  
10887.53309  
11010.13164  
10984.71104  
11018.66664  
10944.80302  
10901.18179  
10883.44987  
10939.34324  
11018.77163  
10884.33921  
10962.16547  
10929.92916  
