12201.06187  
12345.20349  
12274.04544  
12201.59664  
12330.27485  
12258.90265  
12271.45881  
12185.81617  
12319.42289  
12295.46463  
12332.66994  
12361.90278  
12328.15577  
12306.08092  
12279.90156  
12331.66309  
12190.16693  
12278.88891  
12398.24575  
12210.52936  
12251.7452  
12347.07754  
12312.0541  
12235.39086  
12280.05757  
12380.5299  
12382.70684  
12285.52582  
12333.70312  
12370.4671  
12411.39698  
12360.46936  
12363.2385  
12252.7383  
12340.79703  
12257.50703  
12259.75456  
12386.90341  
12285.91161  
12293.16452  
12343.5342  
12251.06803  
12203.75139  
12269.57424  
12193.31057  
12158.90664  
12331.21947  
12218.18027  
12163.57854  
12284.11736  
12216.9549  
12263.41437  
12292.63372  
12177.12706  
12228.9689  
12185.16897  
12261.53006  
12229.32771  
12190.31196  
12256.49151  
12224.62932  
12352.3248  
12181.19518  
12300.55349  
12230.0224  
12204.91656  
12307.43713  
12267.26263  
12271.15543  
12267.61291  
12184.23129  
12385.32148  
12240.07901  
12295.53424  
12400.16252  
12311.2138  
12354.74913  
12413.76424  
12300.32585  
12302.40985  
12217.90263  
12300.33401  
12454.03303  
12311.94442  
12361.08911  
12308.57459  
12428.13171  
12481.23266  
12253.12799  
12317.69021  
12339.13696  
12250.51013  
12368.79475  
12320.73648  
12322.41808  
12207.81456  
12241.22854  
12368.85558  
12273.72177  
12296.81949  
12316.62865  
12253.75922  
12259.71751  
12351.00169  
12295.66124  
12301.56925  
12245.57574  
12310.9301  
12227.10506  
12212.41482  
12201.97385  
12259.04008  
12219.10028  
12288.53819  
12350.94403  
12276.9737  
12305.7383  
12212.82708  
12195.64842  
12394.88678  
12208.87359  
12265.92068  
12402.73279  
12329.99763  
12288.22993  
12310.75224  
12309.16085  
12305.03401  
12152.45169  
12235.38288  
12386.35712  
12310.24499  
12357.00777  
12165.80972  
12289.65438  
12364.32895  
12216.38069  
12395.87383  
12224.84661  
12314.84863  
12375.38407  
12306.1186  
12321.39019  
12252.5003  
12313.48507  
12219.44555  
12309.62917  
12244.5181  
12295.60668  
12300.96658  
12297.4457  
12385.70111  
12270.89551  
12294.21914  
12201.56536  
12281.31571  
12386.71697  
12197.33544  
12258.67463  
12346.70586  
