10770.71421  
10805.27521  
10818.02887  
10801.16646  
10747.73306  
10740.92948  
10806.28424  
10810.76366  
10837.98119  
10767.18225  
10819.15075  
10802.39177  
10813.48382  
10819.86174  
10806.03626  
10970.52367  
10760.23419  
10731.05594  
10808.23869  
10889.98139  
10826.67757  
10763.01222  
10767.68987  
10771.5157  
10757.41746  
10836.44886  
10914.6874  
10855.7561  
10857.40911  
10991.77802  
10859.31238  
10951.9264  
10740.69893  
10674.17286  
10588.17279  
10532.33126  
10559.67881  
10679.27751  
10766.77427  
10892.03961  
10944.57818  
10878.38666  
10761.08241  
10769.53881  
10758.80277  
10756.74782  
10708.62591  
10763.05838  
10822.06449  
10774.69787  
10806.93409  
10816.22495  
10831.9328  
10842.31182  
10747.86934  
10809.12559  
10850.91218  
10803.98329  
10937.72959  
10814.34873  
11027.57096  
10930.74466  
10899.11343  
10908.9465  
10936.28189  
10868.58353  
10755.72847  
10795.12376  
10824.05932  
10748.05531  
10763.07131  
10769.85277  
10760.74905  
10758.40402  
10781.46663  
10801.92811  
10715.10856  
10759.86901  
10758.55143  
10700.47821  
10711.76785  
10781.84494  
10772.42258  
10766.17794  
10722.52788  
10770.66044  
10730.66527  
10703.33769  
10734.46382  
10827.28031  
10828.66835  
10845.9816  
10925.83488  
10892.31282  
10833.95062  
10884.76745  
10925.57246  
10762.72269  
10759.59092  
10789.25799  
10812.05647  
10821.01412  
10948.58471  
10809.30539  
10748.04365  
10749.90178  
10761.95998  
10733.50031  
10786.88143  
10858.48658  
10805.41746  
10723.96146  
10732.84639  
10768.85854  
10921.73883  
10912.48862  
10853.6755  
10846.06969  
10901.82596  
10833.36198  
10757.22951  
10787.23368  
10862.09992  
10799.44059  
10756.40168  
10761.66538  
10799.20593  
10788.84528  
10714.28305  
10734.93737  
10796.70994  
10737.80775  
10726.28827  
10719.46893  
10794.20286  
10903.18027  
10887.25842  
10783.09181  
10731.27586  
10736.30538  
10747.53204  
10710.33143  
10706.97886  
10802.574  
10731.78417  
10824.77677  
10887.30847  
10897.99016  
10896.41059  
10855.25984  
10761.41693  
10822.0611  
10753.51437  
10778.06716  
10723.57987  
10731.93998  
10841.70247  
10822.93545  
10860.81758  
10929.14436  
