11232.475  
11316.69586  
11290.94776  
11265.13349  
11191.08684  
11203.41621  
11308.11701  
11238.40591  
11267.19254  
11244.59399  
11269.60784  
11253.73112  
11221.31033  
11222.51362  
11183.92875  
11270.6242  
11186.9147  
11144.93709  
11257.16604  
11153.22633  
11325.19959  
11220.51275  
11251.35586  
11246.34188  
11171.05307  
11224.62828  
11266.45038  
11185.42475  
11264.52151  
11404.3475  
11273.32322  
11187.30741  
11111.7867  
11282.42362  
11062.75  
11128.45853  
11084.21286  
11105.84721  
11076.15357  
11266.2579  
11229.08939  
11161.24322  
11160.82849  
11170.97201  
11267.20125  
11266.07664  
11239.73247  
11303.50367  
11299.74157  
11243.09365  
11221.19605  
11258.84728  
11359.46655  
11372.79596  
11253.4477  
11201.66326  
11420.53931  
11305.19122  
11169.52202  
11320.30454  
11344.06144  
11278.61595  
11260.2494  
11240.09422  
11315.77287  
11260.8913  
11252.26844  
11276.35577  
11289.72277  
11201.66118  
11290.61307  
11287.44477  
11228.80747  
11218.13163  
11283.78683  
11314.15475  
11196.29165  
11300.85248  
11304.51098  
11236.33599  
11191.9535  
11242.98705  
11274.79963  
11191.86659  
11177.9399  
11255.50478  
11266.1727  
11151.33667  
11119.12996  
11223.4992  
11172.61262  
11204.63544  
11298.97132  
11255.59902  
11190.11431  
11188.00838  
11239.33366  
11215.45867  
11111.78478  
11266.86355  
11137.29701  
11187.07303  
11261.19708  
11183.24859  
11164.13278  
11297.05552  
11274.09004  
11208.53305  
11167.06858  
11282.00932  
11306.3998  
11202.72965  
11133.96889  
11184.70706  
11264.14284  
11210.79357  
11192.36743  
11259.40934  
11307.7088  
11276.80531  
11210.54318  
11204.276  
11389.1904  
11312.54733  
11188.71148  
11153.22298  
11304.21892  
11320.7497  
11187.34001  
11150.14491  
11337.46832  
11277.81743  
11176.55308  
11169.18989  
11233.37208  
11239.01491  
11193.98575  
11195.78832  
11217.17044  
11282.17375  
11280.3683  
11169.5679  
11151.42684  
11262.01479  
11166.49348  
11188.64379  
11239.76857  
11258.85206  
11322.15024  
11326.50411  
11243.46266  
11309.29729  
11261.25036  
11314.5543  
11179.58436  
11162.86639  
11278.76792  
11175.23277  
11166.80264  
11294.29906  
