11746.03011  
11872.97346  
11860.01725  
11769.36201  
11650.78713  
11706.29791  
11813.57305  
11825.82142  
11992.99387  
11759.72741  
11736.98092  
11759.91599  
11724.22205  
11702.36694  
11708.40205  
11745.85747  
11679.30186  
11506.21383  
11628.74635  
11937.10654  
11780.50568  
11681.31895  
11720.45176  
11695.75684  
11721.08323  
11792.05555  
11931.89048  
11921.83707  
12131.89753  
12187.41858  
12038.06422  
12066.46959  
11911.25158  
11628.57286  
11452.04798  
11391.63613  
11451.10042  
11520.79647  
11641.56873  
11834.38718  
11829.75367  
11809.72801  
11726.78754  
11716.55446  
11725.36086  
11736.92624  
11677.02804  
11726.16629  
11756.70418  
11740.87262  
11754.61333  
11826.77214  
11850.33378  
11843.74139  
11773.69533  
11724.18327  
11849.39778  
11744.03603  
11965.54249  
11918.47116  
11885.3524  
11840.26236  
11831.62646  
11834.7509  
11925.17491  
11879.67843  
11789.18345  
11804.80388  
11856.78904  
11718.15572  
11734.09064  
11819.53026  
11774.69787  
11631.01135  
11671.09315  
11708.91855  
11684.14913  
11818.99234  
11766.76159  
11733.02314  
11661.90437  
11744.21533  
11774.36723  
11689.10619  
11640.68025  
11628.23108  
11726.26402  
11646.05594  
11596.32357  
11784.2922  
11808.73615  
11821.58495  
11895.19016  
11899.8045  
11798.95741  
11784.57253  
11840.8916  
11908.66254  
11781.92929  
11677.72788  
11713.32418  
11743.04433  
11830.61464  
11741.1448  
11626.99716  
11678.36183  
11760.4799  
11733.55583  
11771.51569  
11826.94821  
11890.61652  
11833.58994  
11795.6472  
11767.23676  
11902.80148  
11864.01617  
11808.17294  
11862.07681  
11861.19328  
11841.97666  
11774.51581  
11892.76223  
11844.7049  
11793.77475  
11706.68772  
11701.02299  
11734.6017  
11809.83241  
11667.26412  
11633.53982  
11653.74781  
11703.94247  
11639.5479  
11656.70645  
11825.78864  
11856.13002  
11844.7112  
11763.37671  
11727.0526  
11677.04245  
11691.4757  
11629.96326  
11615.91023  
11822.72597  
11785.39823  
11846.35405  
11844.50891  
11880.04115  
11919.18171  
11834.07747  
11806.26352  
11734.36356  
11698.70456  
11805.46971  
11649.47057  
11653.42778  
11840.6308  
11814.47467  
11772.6806  
11888.66336  
