10665.86771  
10710.928  
10640.28983  
10681.19673  
10612.78884  
10614.06247  
10688.23331  
10644.60911  
10625.95644  
10616.4353  
10678.11175  
10619.05824  
10625.43474  
10632.39561  
10592.48424  
10691.51803  
10611.52351  
10587.68229  
10656.27175  
10608.51732  
10744.42719  
10703.53013  
10678.0263  
10659.98089  
10592.16368  
10636.33062  
10667.76641  
10590.51489  
10662.75734  
10756.4269  
10700.15724  
10519.38686  
10591.25846  
10670.23438  
10475.45775  
10508.30716  
10482.16821  
10574.79954  
10508.50936  
10616.6559  
10588.0012  
10579.57342  
10579.23554  
10628.79447  
10700.09787  
10651.66588  
10623.77307  
10702.04926  
10647.31423  
10590.31097  
10582.13374  
10643.62831  
10718.18975  
10687.47731  
10624.36893  
10578.5445  
10861.84628  
10747.73253  
10691.84206  
10755.74554  
10773.43016  
10696.16872  
10682.38086  
10691.40433  
10733.82315  
10672.59276  
10666.13785  
10676.33674  
10704.77089  
10619.7514  
10662.76332  
10657.40281  
10634.95916  
10661.16267  
10668.22817  
10679.8133  
10617.97049  
10667.14439  
10669.08123  
10609.99588  
10633.06581  
10638.36496  
10643.48195  
10603.94387  
10624.41935  
10687.52539  
10652.00539  
10595.34399  
10565.6593  
10611.8939  
10596.13035  
10589.49486  
10629.32771  
10597.5722  
10571.71946  
10620.56342  
10652.30293  
10610.73785  
10575.43588  
10752.72299  
10678.54072  
10664.19897  
10659.29159  
10602.11365  
10597.93209  
10728.48732  
10692.12878  
10623.39675  
10609.11633  
10666.31009  
10715.70061  
10626.7937  
10560.41795  
10594.36295  
10654.97273  
10588.49775  
10589.09764  
10626.59227  
10638.24425  
10623.81691  
10621.61891  
10617.43553  
10713.57431  
10686.92766  
10609.68896  
10601.56644  
10679.16849  
10707.2056  
10662.76137  
10586.39436  
10736.72437  
10689.56958  
10621.015  
10606.89786  
10664.61933  
10623.96788  
10596.65219  
10631.49438  
10624.86548  
10661.50685  
10652.74151  
10607.20768  
10631.34858  
10676.69364  
10612.57706  
10601.26904  
10637.55528  
10630.96026  
10720.78432  
10697.84801  
10634.12451  
10710.05957  
10709.71488  
10666.64947  
10590.90691  
10586.79921  
10667.42008  
10598.92896  
10584.8764  
10641.03704  
