11628.20815  
11669.81981  
11649.73899  
11569.91292  
11499.06383  
11591.6981  
11683.20351  
11640.5331  
11698.21139  
11599.06861  
11685.9466  
11615.44406  
11588.03523  
11602.02495  
11593.59883  
11673.35651  
11483.57253  
11426.37703  
11539.72965  
11515.14628  
11667.74228  
11525.78991  
11653.50091  
11652.72245  
11607.22576  
11665.91435  
11779.39042  
11679.77437  
11705.80863  
11842.55227  
11705.21974  
11732.16942  
11443.01422  
11602.44144  
11429.23922  
11257.2195  
11314.77599  
11370.25884  
11389.75913  
11661.56645  
11615.93496  
11607.97602  
11572.94643  
11583.24403  
11652.75472  
11580.55939  
11549.65594  
11699.80264  
11685.78969  
11654.01857  
11643.70295  
11704.39061  
11765.56512  
11725.20125  
11599.05542  
11560.79533  
11760.98145  
11616.28126  
11559.11217  
11714.56929  
11723.69028  
11667.50975  
11653.51396  
11648.37659  
11767.07329  
11672.13103  
11672.85468  
11723.71162  
11684.77967  
11553.92908  
11593.3345  
11627.46946  
11544.98225  
11536.06716  
11582.11957  
11611.34845  
11554.01826  
11669.14252  
11638.53698  
11576.68526  
11520.41338  
11587.6589  
11629.13404  
11524.25069  
11531.41907  
11636.11718  
11603.58168  
11520.43435  
11490.75514  
11560.41531  
11517.57374  
11573.58378  
11718.03886  
11673.64079  
11551.29902  
11540.54355  
11712.91343  
11562.68152  
11599.9852  
11610.17007  
11524.36478  
11579.35361  
11674.4815  
11609.07814  
11562.74633  
11689.58837  
11608.58086  
11568.11776  
11523.12557  
11615.11306  
11657.46752  
11543.09399  
11500.29529  
11551.13481  
11644.58015  
11610.07214  
11590.17901  
11723.63928  
11774.16533  
11675.52185  
11639.34589  
11644.74861  
11741.09268  
11630.44246  
11528.78745  
11539.79112  
11686.6642  
11669.2469  
11537.36739  
11526.54536  
11676.8367  
11601.28912  
11510.58819  
11512.93184  
11622.1782  
11626.54683  
11595.53281  
11653.92191  
11612.26504  
11624.42653  
11561.70468  
11473.20263  
11498.24871  
11607.48134  
11489.85736  
11556.39239  
11639.48221  
11663.2223  
11712.62849  
11678.61572  
11600.41208  
11697.45927  
11679.54715  
11624.47286  
11520.83326  
11556.61384  
11691.03523  
11509.00037  
11543.75308  
11758.77384  
