11179.63086  
11215.70537  
11226.84068  
11195.21016  
11244.94557  
11231.49734  
11231.40282  
11170.37552  
11167.64071  
11219.37985  
11214.54427  
11183.51147  
11211.59248  
11245.2423  
11254.73238  
11214.34876  
11223.50316  
11227.66334  
11235.8828  
11322.34364  
11160.51091  
11152.30029  
11141.44062  
11127.38367  
11162.27445  
11222.16455  
11263.9623  
11184.18848  
11114.20464  
11142.36004  
11187.20056  
11277.24555  
11328.85019  
11138.29735  
11072.84718  
11016.3048  
11084.1717  
11172.87257  
11186.96026  
11201.17516  
11186.50131  
11215.12346  
11231.77215  
11271.10508  
11263.23645  
11232.09605  
11255.64682  
11234.85232  
11231.94465  
11221.01932  
11269.6232  
11302.73615  
11300.17507  
11276.9396  
11265.27874  
11337.89312  
11300.40634  
11219.25847  
11232.7322  
11071.51365  
11098.59052  
11103.66387  
11122.83511  
11185.17548  
11215.62454  
11163.64756  
11171.02916  
11211.78118  
11187.98803  
11240.6252  
11238.47396  
11205.7726  
11200.3816  
11258.11322  
11250.66567  
11189.07233  
11206.43898  
11226.18867  
11192.08276  
11177.19517  
11226.02383  
11241.64414  
11210.58752  
11251.87031  
11181.56354  
11223.18642  
11159.1511  
11189.01388  
11193.90594  
11151.24927  
11154.9301  
11174.07281  
11171.86901  
11144.57573  
11158.43445  
11189.36614  
11216.82642  
11233.50759  
11152.28406  
11164.49831  
11167.09403  
11187.13872  
11166.45423  
11141.4522  
11166.58351  
11187.39126  
11153.86725  
11216.12024  
11292.91594  
11286.39363  
11235.91013  
11202.7981  
11225.53324  
11211.17578  
11209.99047  
11227.29777  
11220.59743  
11247.04755  
11234.97445  
11214.59894  
11228.9971  
11272.09528  
11277.50809  
11226.90997  
11213.36527  
11213.70717  
11235.84493  
11175.71475  
11203.08692  
11205.9567  
11236.69488  
11197.82791  
11179.8078  
11191.60588  
11164.90043  
11159.88677  
11172.37295  
11214.31701  
11225.00187  
11280.36238  
11213.41112  
11201.72609  
11204.2956  
11185.45143  
11186.80802  
11181.73984  
11201.64865  
11193.78715  
11192.21732  
11224.28195  
11218.83672  
11188.66209  
11208.80672  
11194.37883  
11209.48165  
11211.21177  
11205.26825  
11189.71332  
11217.07065  
11244.1232  
