11204.23326  
11271.24464  
11264.24225  
11228.6528  
11176.80732  
11166.29251  
11257.17505  
11212.28696  
11258.42705  
11199.94439  
11255.37707  
11220.24294  
11200.59664  
11203.46354  
11198.16845  
11310.70307  
11199.79958  
11105.17358  
11196.40219  
11158.44725  
11307.52936  
11175.1761  
11214.34798  
11247.28927  
11159.33858  
11227.63487  
11303.80284  
11232.8748  
11270.32024  
11372.37529  
11255.03875  
11172.03432  
11117.41698  
11234.12776  
11088.77968  
11043.27099  
11040.43495  
11073.46152  
11077.6438  
11279.89351  
11242.90792  
11167.55358  
11136.55423  
11138.89446  
11221.57925  
11220.74798  
11179.46987  
11230.40054  
11242.46271  
11186.36075  
11176.41114  
11216.77119  
11279.38332  
11300.30719  
11199.44307  
11188.68786  
11418.01807  
11253.67695  
11172.5538  
11335.73752  
11374.62052  
11305.26798  
11271.30824  
11250.54961  
11345.26358  
11272.27855  
11230.48678  
11250.28248  
11243.82071  
11188.45842  
11222.29028  
11238.20545  
11193.48642  
11190.66456  
11227.68131  
11246.00152  
11156.9873  
11237.65646  
11247.64799  
11189.60813  
11151.69494  
11214.43429  
11244.16819  
11179.52439  
11154.71143  
11237.54504  
11237.26864  
11143.19752  
11124.23905  
11237.29324  
11194.58405  
11196.40295  
11326.32112  
11279.07893  
11193.2152  
11184.12333  
11273.7322  
11175.47529  
11100.83673  
11247.37255  
11148.12156  
11217.25175  
11286.92805  
11172.10025  
11124.04287  
11243.68538  
11199.67059  
11184.83006  
11152.44604  
11244.54197  
11269.43628  
11188.29277  
11140.37393  
11184.77543  
11299.61101  
11222.25268  
11185.18896  
11271.47693  
11292.91772  
11226.56824  
11163.48485  
11175.18104  
11332.14705  
11271.78025  
11160.18648  
11139.55253  
11246.12544  
11282.4427  
11165.05226  
11140.88141  
11299.46049  
11247.76805  
11164.66907  
11157.36493  
11257.40128  
11259.81885  
11197.48983  
11176.48324  
11157.83649  
11210.84975  
11237.96654  
11148.46714  
11138.58727  
11258.13626  
11169.11904  
11198.24459  
11244.07393  
11212.60315  
11255.74901  
11278.04016  
11217.53072  
11280.73268  
11211.32187  
11245.8175  
11151.23569  
11150.34602  
11284.44746  
11166.7868  
11178.14332  
11322.2945  
