11060.90222  
10989.97977  
11013.29153  
11035.32206  
11022.06098  
10962.6388  
11051.45803  
10999.21515  
10987.35621  
11047.32702  
11010.05731  
10973.57065  
10932.03079  
11046.11498  
11010.93611  
10971.71546  
11006.52588  
11060.07198  
10933.97222  
11004.02716  
11038.58308  
10974.5817  
11040.69274  
10998.53945  
10972.88471  
11030.7903  
10948.80037  
10929.1745  
10987.83062  
11084.39983  
11081.70138  
11021.46019  
10989.42627  
11059.01534  
11000.49815  
10910.57113  
10937.60382  
11033.67221  
11019.86063  
10986.70608  
11096.15006  
11053.8897  
11057.87066  
10991.8244  
11023.95927  
10998.53492  
11089.48905  
11083.52601  
10942.03089  
11024.50465  
11083.93334  
11032.63631  
11007.47348  
11050.28151  
10958.88099  
11014.34946  
10950.13795  
11007.5046  
11044.69724  
11046.9569  
10926.87348  
10937.83452  
11057.29495  
10945.32167  
11009.45284  
10965.13171  
10952.90586  
10981.84033  
10957.80813  
10957.38001  
10997.15132  
10932.85724  
11000.03873  
11021.80037  
10982.64895  
10926.26735  
11084.07435  
11049.89826  
11015.39723  
11019.94832  
10949.27254  
11045.83789  
11138.70585  
10973.25802  
11004.11351  
10952.93449  
10960.65355  
10967.47027  
11030.18472  
11004.57633  
10970.62413  
10941.78289  
11001.26067  
10981.2207  
11005.96574  
11014.68275  
11012.85226  
10972.21608  
10962.17547  
11016.60005  
10887.84424  
10894.19531  
11004.86662  
10991.12682  
10924.82183  
10937.42833  
10943.41918  
11013.18208  
10939.11541  
10952.26467  
11039.20207  
10913.15903  
10998.75889  
10948.31558  
11013.06296  
10918.53534  
10985.6433  
11003.3825  
10961.18303  
11081.23473  
10946.45073  
11025.20886  
11032.73923  
11087.64345  
10996.67583  
11005.53958  
11037.70868  
11072.77501  
11002.61953  
11004.35971  
11032.24075  
11021.65548  
11081.21698  
11021.63222  
10987.67732  
11063.6894  
10991.68323  
11063.32445  
11026.78675  
11000.48245  
11067.09912  
10998.21107  
10983.14839  
10924.57466  
11036.27542  
11004.73242  
11008.12711  
11059.48155  
10937.44611  
10989.16558  
11022.79929  
11050.21466  
10970.35639  
11016.10447  
11076.95125  
10953.76899  
11004.19071  
10986.00385  
10971.7721  
10987.41542  
