10664.69095  
10655.58258  
10647.52313  
10719.6548  
10675.85115  
10658.85082  
10661.39284  
10632.7315  
10656.24187  
10702.19111  
10682.65315  
10619.25757  
10650.47947  
10688.42188  
10671.21889  
10620.82373  
10718.51635  
10687.63196  
10664.67008  
10648.24286  
10670.54429  
10632.49578  
10658.79624  
10646.95023  
10639.20448  
10694.15676  
10667.7324  
10616.59402  
10647.02987  
10711.79134  
10743.24061  
10692.55538  
10640.71534  
10685.70009  
10724.75693  
10684.72207  
10640.17515  
10685.25187  
10706.66512  
10620.73679  
10731.95015  
10744.87631  
10676.77837  
10668.85854  
10713.73556  
10614.26975  
10651.62868  
10735.73003  
10598.5726  
10654.18571  
10678.59079  
10665.69062  
10679.65669  
10661.16278  
10599.37212  
10654.96396  
10658.27085  
10612.66959  
10644.20047  
10676.46672  
10644.86622  
10559.03528  
10674.20653  
10645.2033  
10667.4219  
10673.46238  
10636.08699  
10652.53169  
10692.89957  
10622.57793  
10637.5032  
10678.99168  
10621.76477  
10674.03809  
10692.62619  
10616.81748  
10690.79272  
10695.21824  
10665.70549  
10629.15203  
10643.79  
10670.16642  
10702.68943  
10603.22854  
10608.94467  
10640.4955  
10681.139  
10620.49421  
10622.00474  
10695.76011  
10641.88438  
10652.41316  
10719.41921  
10642.67076  
10640.24444  
10692.33383  
10655.03463  
10633.32545  
10625.72385  
10701.64494  
10637.62306  
10592.60049  
10661.10867  
10673.93826  
10621.75196  
10603.64606  
10675.01155  
10650.99764  
10613.46559  
10650.11463  
10673.40494  
10620.47759  
10639.88048  
10703.76088  
10705.11116  
10601.51586  
10663.28824  
10677.69168  
10621.56677  
10670.2652  
10640.03161  
10621.77981  
10722.18493  
10706.81144  
10655.19692  
10724.40402  
10682.80904  
10684.99515  
10721.92361  
10662.42193  
10654.34184  
10720.27384  
10673.05524  
10681.43699  
10733.22454  
10700.39205  
10665.0919  
10777.36223  
10673.58841  
10648.21089  
10656.49166  
10702.47558  
10688.28841  
10613.91327  
10642.09911  
10664.20424  
10595.24105  
10657.66874  
10670.35877  
10614.82464  
10684.33264  
10694.07371  
10625.9368  
10671.30967  
10696.41246  
10647.22496  
10714.18153  
10646.98577  
10610.92093  
10678.9563  
