11000.34592  
10958.38505  
10978.98421  
11021.16619  
10996.85544  
10969.6357  
10985.44922  
10928.67999  
10972.58369  
11012.77085  
10967.76572  
10936.00938  
10962.55247  
11015.01562  
10980.36056  
10945.98514  
11007.21799  
10996.42983  
10956.63194  
10977.08185  
10987.95605  
10949.73643  
10994.54047  
10962.72075  
10970.41708  
11011.94951  
10958.59376  
10947.6411  
10963.94627  
11024.83619  
11022.0123  
10984.66531  
10963.63339  
11008.57232  
11046.04993  
10985.55083  
10958.96379  
11002.32123  
10994.99574  
10954.83558  
11029.95076  
11020.5191  
11001.85945  
10981.63229  
10986.76084  
10957.66839  
11014.54517  
11013.0489  
10930.07806  
10969.02786  
10978.45088  
10972.84978  
10993.75418  
10978.46292  
10913.77669  
10969.26268  
10953.48416  
10958.9417  
10984.35004  
11011.20576  
10938.19699  
10918.56815  
10986.67718  
10937.54329  
10983.6569  
10972.48412  
10940.05068  
10958.17046  
10968.90663  
10951.02562  
10954.04943  
10968.2315  
10948.62294  
10976.7147  
10973.4711  
10934.36212  
11024.08459  
11000.57294  
10967.84887  
10954.73732  
10968.02093  
10989.40921  
11039.90785  
10935.81445  
10929.98893  
10961.98416  
10981.53905  
10933.4199  
10939.17632  
10992.24407  
10944.53514  
10950.94776  
10999.05484  
10957.071  
10956.03507  
10991.21687  
10963.79783  
10941.75599  
10948.81431  
11011.85474  
10939.99488  
10935.29541  
10974.34689  
10967.95026  
10933.07289  
10922.47861  
10972.85975  
10966.32004  
10933.80254  
10958.24107  
10985.31798  
10922.4573  
10965.07496  
10988.12354  
10992.38511  
10936.78793  
10966.3546  
10973.67996  
10964.03538  
11005.32196  
10944.09264  
10968.3321  
11007.14018  
11012.81112  
10980.68045  
11039.91697  
10998.33315  
11009.11695  
11021.0886  
10986.98977  
10988.08012  
11012.83941  
10982.54031  
11015.97275  
11023.85176  
11001.08136  
10993.4678  
11059.65286  
10975.29962  
10974.92566  
10999.13413  
11021.61936  
10978.65899  
10951.07814  
10960.18995  
10963.69971  
10942.58086  
10982.08312  
10957.00479  
10960.72941  
10983.54711  
10992.22273  
10937.6076  
10983.69711  
11022.15647  
10967.89631  
11015.19061  
10946.86127  
10935.47136  
10972.78027  
