11379.52205  
11103.28847  
11113.13134  
11370.73647  
11245.14129  
11186.03238  
11430.99705  
11151.73946  
11245.96194  
11311.69398  
11182.69891  
11127.55321  
11298.12644  
11273.11766  
11159.9393  
11162.84097  
11329.38473  
11213.60789  
11114.69356  
11335.05989  
11180.18874  
11194.3434  
11410.99796  
11158.31391  
11198.87947  
11403.78178  
11193.84616  
11092.99711  
11155.2865  
11325.89782  
11178.68918  
11363.60879  
11341.02882  
11315.48502  
11422.39028  
11154.9837  
11208.67433  
11401.38454  
11217.35712  
11158.1855  
11370.77708  
11230.29473  
11144.55846  
11172.58908  
11182.21389  
11085.68142  
11327.49064  
11226.59182  
11144.68249  
11424.7436  
11229.75625  
11174.9867  
11418.99718  
11179.92168  
11184.70626  
11388.50466  
11175.45021  
11197.07762  
11282.49101  
11331.34847  
11147.67597  
11114.99429  
11382.64533  
11140.23612  
11362.58989  
11136.46557  
11123.00083  
11253.45247  
11227.62869  
11089.31249  
11283.094  
11200.70465  
11171.12369  
11388.69524  
11211.52058  
11185.96031  
11460.60365  
11306.77179  
11163.60644  
11188.18376  
11261.71763  
11321.18809  
11294.32617  
11089.48885  
11126.70894  
11385.92143  
11151.37907  
11098.69619  
11201.65329  
11242.80869  
11122.22503  
11279.18306  
11193.26301  
11173.03039  
11174.09653  
11344.38215  
11117.99191  
11164.79093  
11348.11717  
11288.17327  
11148.13706  
11119.88958  
11365.87178  
11264.39185  
11071.99973  
11165.12366  
11307.38992  
11105.76152  
11115.3784  
11315.4465  
11225.73895  
11080.59648  
11365.96444  
11170.65351  
11175.69758  
11117.44022  
11359.23895  
11175.62138  
11190.23992  
11288.75851  
11164.94321  
11117.77505  
11282.26915  
11183.21024  
11186.93304  
11310.1594  
11164.71017  
11318.58169  
11353.36145  
11155.85983  
11190.2915  
11321.85831  
11226.72064  
11349.8943  
11320.92636  
11250.1005  
11301.69971  
11295.15307  
11238.85666  
11173.74784  
11288.6129  
11361.04657  
11218.93367  
11167.77693  
11242.5326  
11244.15046  
11178.21304  
11396.63643  
11219.95506  
11140.56677  
11348.13935  
11295.58242  
11148.12948  
11371.89918  
11229.24122  
11179.24824  
11318.03562  
11118.97948  
11127.71948  
11195.28538  
