10328.20792  
10282.37578  
10280.43899  
10355.7005  
10319.92197  
10283.6559  
10325.00657  
10249.33838  
10285.97704  
10329.39989  
10307.24795  
10251.07412  
10292.10198  
10356.79795  
10291.49452  
10241.17963  
10334.98359  
10322.95041  
10273.31582  
10306.96804  
10314.37001  
10264.30563  
10309.91789  
10294.77559  
10293.57004  
10337.92281  
10318.69081  
10270.0502  
10281.3313  
10364.34576  
10329.15358  
10324.65465  
10269.73482  
10342.29491  
10378.74968  
10323.77483  
10278.96481  
10338.36849  
10337.16279  
10262.03496  
10375.3971  
10351.88064  
10299.5531  
10288.16574  
10318.604  
10243.50716  
10310.33569  
10354.94322  
10233.51635  
10313.09242  
10322.9828  
10278.84825  
10341.17928  
10313.85619  
10220.94763  
10306.3569  
10290.66118  
10257.92948  
10283.5372  
10331.67006  
10286.65202  
10210.39892  
10318.12707  
10249.54031  
10309.19823  
10305.55291  
10243.89377  
10290.23638  
10329.2711  
10243.76502  
10272.53537  
10316.44478  
10241.63142  
10306.72341  
10301.22068  
10250.42815  
10346.70992  
10341.18745  
10310.17502  
10259.152  
10279.18366  
10306.37567  
10379.03474  
10250.90418  
10261.3902  
10304.47514  
10329.28444  
10250.52388  
10254.2805  
10333.66132  
10279.66256  
10268.69887  
10335.54223  
10263.8733  
10266.78976  
10332.91964  
10290.9524  
10242.15557  
10272.94389  
10346.44892  
10279.04505  
10232.44862  
10309.2118  
10317.31561  
10245.57683  
10221.07698  
10324.93406  
10295.38824  
10222.63259  
10305.94643  
10335.83552  
10226.28775  
10291.97825  
10324.85575  
10309.32228  
10235.29067  
10309.95245  
10303.18133  
10259.70545  
10324.89105  
10272.99283  
10256.67478  
10352.65702  
10335.66964  
10277.9289  
10359.24986  
10300.17767  
10343.59352  
10355.35391  
10315.99811  
10283.12596  
10341.74414  
10290.82064  
10318.41322  
10353.61007  
10328.87013  
10314.05699  
10405.04002  
10312.3973  
10282.04724  
10322.61023  
10363.61985  
10319.61193  
10253.69018  
10284.19003  
10309.90442  
10247.71034  
10315.72327  
10300.06307  
10256.55015  
10329.5194  
10326.58141  
10241.67891  
10312.20316  
10354.8415  
10260.54429  
10352.45507  
10287.56139  
10227.25283  
10300.15445  
