10025.00422  
10104.98558  
10066.54542  
10017.08567  
10100.35021  
10107.97565  
10027.48728  
10082.41292  
9991.427007  
10079.77589  
10140.14164  
10047.99728  
9945.493974  
10074.14405  
10101.31044  
10048.89129  
10024.13647  
10078.21119  
10127.51797  
9979.349111  
10080.73969  
10094.1843  
10015.2853  
10085.89968  
10020.57966  
10042.40897  
10096.43993  
10044.28401  
10029.50374  
10110.52907  
10143.13628  
10011.39316  
10067.43856  
10087.68054  
10066.25717  
10047.97426  
10012.5529  
9995.959774  
10084.2522  
10028.50519  
10100.97205  
10221.41651  
10094.23433  
10049.60925  
10175.11532  
10062.66427  
10025.64468  
10184.79303  
10018.46526  
10012.66464  
10106.85057  
10108.78507  
9986.241917  
10078.21044  
10092.07538  
9990.924742  
10053.71615  
9988.378013  
9995.365546  
10020.62226  
10038.61482  
9947.772419  
10091.14919  
10111.46112  
10000.14008  
10022.23608  
10047.87768  
10023.98026  
10131.58893  
10092.00972  
10038.5188  
10121.30824  
10049.80433  
10069.62816  
10135.50534  
10027.38493  
10097.36376  
10110.49109  
10123.44323  
10038.71364  
9962.476313  
10034.84018  
10174.45227  
10004.08425  
10035.7752  
9924.817071  
9999.620512  
10024.37645  
10005.61906  
10032.9022  
10057.39862  
9998.116045  
10104.13936  
10117.15691  
10023.75505  
10042.94708  
10065.96036  
10059.63038  
9966.276035  
10030.7932  
10012.67842  
9931.651159  
10000.9663  
10067.34013  
10088.58527  
9984.074302  
9967.543364  
10054.21302  
10003.82482  
9942.900931  
10081.72507  
10058.73221  
10007.33702  
10050.70822  
10135.07603  
9965.611058  
10036.22426  
10136.9156  
9962.632958  
10055.71385  
10096.27595  
10013.32237  
10036.27799  
10116.03023  
10044.44533  
10030.35298  
10141.032  
10044.00004  
10055.56535  
10093.0113  
10080.09984  
10088.34311  
10173.99495  
10038.49505  
10118.11702  
10189.85084  
10039.15081  
10144.83328  
10125.45705  
10083.30982  
10055.3829  
10083.85219  
10071.26951  
10051.54158  
10058.08989  
10069.81796  
9985.045711  
10035.12566  
10045.59082  
10008.00769  
10017.18376  
10079.20948  
10094.15974  
10032.04365  
10117.72207  
10040.40953  
10032.86291  
10097.30053  
10026.85096  
9998.322619  
