10629.25993  
10672.63441  
10624.67084  
10659.9311  
10655.82107  
10634.72682  
10661.83998  
10695.55891  
10624.71775  
10664.43341  
10704.16263  
10648.00474  
10585.92193  
10709.28795  
10710.42395  
10609.29454  
10636.27288  
10696.83231  
10692.73822  
10635.08139  
10695.12239  
10595.67953  
10614.14908  
10686.11701  
10586.97945  
10598.37494  
10688.07211  
10644.48551  
10579.7381  
10729.0281  
10738.46156  
10667.385  
10595.5923  
10675.28679  
10704.40713  
10749.40304  
10607.86167  
10659.37845  
10709.30778  
10581.68935  
10695.86159  
10783.00068  
10695.4786  
10595.20338  
10779.86916  
10626.8137  
10622.35682  
10742.3024  
10602.93465  
10637.53135  
10672.41147  
10626.13873  
10694.54319  
10709.87765  
10608.98946  
10635.95354  
10695.54131  
10593.91803  
10582.13722  
10653.22586  
10677.6135  
10529.9197  
10618.97577  
10644.41934  
10634.3571  
10689.92377  
10610.33885  
10611.6466  
10748.88821  
10595.14057  
10583.08237  
10731.72268  
10575.83905  
10610.32992  
10699.05279  
10574.21213  
10639.58123  
10726.61137  
10708.56979  
10574.39587  
10564.87464  
10590.26505  
10734.2111  
10661.69892  
10552.44392  
10597.7676  
10727.7276  
10613.57631  
10566.24199  
10728.28727  
10669.31623  
10580.14933  
10735.00008  
10651.19278  
10557.74326  
10672.6832  
10687.10449  
10586.47531  
10569.49013  
10648.49587  
10635.73216  
10554.8928  
10580.17712  
10672.87321  
10629.38477  
10545.83287  
10649.89732  
10685.13297  
10593.3987  
10634.84796  
10707.04211  
10594.7151  
10629.43638  
10708.51042  
10717.94384  
10559.8308  
10609.64674  
10698.5568  
10587.34028  
10659.83462  
10642.77822  
10569.15113  
10697.34696  
10695.37169  
10654.7434  
10720.66721  
10660.88989  
10659.80172  
10759.06525  
10691.02697  
10577.22254  
10714.59449  
10689.66803  
10628.91524  
10746.05529  
10705.22152  
10627.04201  
10784.16189  
10697.54855  
10663.50395  
10638.39037  
10686.17538  
10700.5466  
10628.23848  
10613.4332  
10730.6317  
10582.05044  
10630.36872  
10684.30503  
10614.43158  
10654.77326  
10685.19043  
10602.75094  
10648.75989  
10688.67536  
10588.64318  
10672.39585  
10663.38905  
10552.30983  
10683.79004  
