10405.72281  
10434.65632  
10465.10843  
10519.42694  
10386.21945  
10430.85754  
10497.65468  
10340.92762  
10445.29561  
10474.56217  
10352.62244  
10390.41833  
10479.35785  
10508.23493  
10381.19938  
10421.90576  
10556.2719  
10393.76476  
10384.54272  
10493.05105  
10346.27757  
10317.5591  
10442.13693  
10430.73432  
10401.6732  
10414.72245  
10471.12069  
10401.21827  
10412.44563  
10460.21696  
10462.21278  
10362.26363  
10493.61735  
10342.17064  
10339.976  
10502.75308  
10391.29984  
10513.02789  
10391.98356  
10379.78646  
10504.992  
10391.64177  
10446.10318  
10485.51645  
10472.90164  
10456.79324  
10367.54523  
10421.50704  
10435.50053  
10394.5577  
10392.2186  
10434.93279  
10447.68809  
10432.07766  
10382.67396  
10498.17321  
10475.10395  
10420.91823  
10454.03701  
10488.02239  
10417.54007  
10493.42556  
10408.61759  
10492.28229  
10520.51246  
10411.22867  
10349.61588  
10474.70093  
10405.22378  
10374.78675  
10465.6499  
10304.64915  
10373.80086  
10484.39642  
10364.03427  
10350.15697  
10404.16302  
10357.4219  
10417.02628  
10375.48358  
10406.51211  
10487.92199  
10328.25265  
10345.59681  
10438.44964  
10504.24603  
10389.40779  
10409.30752  
10372.10266  
10407.12324  
10444.14119  
10455.75918  
10420.21003  
10435.9276  
10430.68246  
10467.02523  
10398.07255  
10335.26872  
10444.65073  
10423.54798  
10332.20731  
10378.99321  
10376.69176  
10432.3459  
10425.44981  
10430.12144  
10533.94382  
10575.88731  
10458.7671  
10533.68485  
10451.04179  
10414.61844  
10394.10676  
10354.0074  
10420.80824  
10449.55381  
10321.69815  
10386.55465  
10460.56971  
10417.40814  
10425.56656  
10594.65374  
10503.52821  
10510.96973  
10423.34466  
10408.72925  
10408.93796  
10444.22494  
10435.12435  
10367.11773  
10385.01528  
10431.37118  
10445.39957  
10473.6762  
10415.48013  
10393.29052  
10420.57711  
10479.54051  
10376.04431  
10408.00549  
10400.85455  
10395.82924  
10602.02096  
10518.74442  
10419.2752  
10410.40843  
10449.31073  
10371.88563  
10423.04263  
10433.56328  
10397.4801  
10446.25376  
10410.50207  
10441.93475  
10376.56969  
10404.39885  
10414.50502  
10493.8635  
10386.67738  
10480.30889  
