10919.18395  
10943.21216  
10974.92754  
11017.67204  
10895.18281  
10959.16277  
10975.45728  
10862.03943  
10972.35371  
10940.68135  
10844.54228  
10886.91788  
10966.205  
10982.14785  
10874.90889  
10884.06395  
10968.70054  
10864.44624  
10860.50506  
10970.17523  
10834.31195  
10842.75946  
10960.18871  
10928.1321  
10927.31899  
10896.78428  
10917.79038  
10899.81256  
10927.9136  
10964.93071  
10921.67254  
10882.19601  
10976.6252  
10828.55767  
10857.30738  
11007.10893  
10890.60985  
11015.86828  
10885.08698  
10885.31672  
11007.0152  
10864.31802  
10934.14786  
10974.39684  
10948.26592  
10973.03797  
10855.24365  
10911.13075  
10898.79789  
10869.1259  
10880.4132  
10904.84508  
10942.77933  
10887.28495  
10897.77695  
10997.41807  
10983.6235  
10919.40442  
10934.82053  
11010.42231  
10916.61393  
10971.22408  
10904.83225  
10983.10919  
10990.11653  
10913.55435  
10868.55826  
10992.57555  
10915.8624  
10900.76255  
10971.01238  
10842.8662  
10897.85765  
10988.33287  
10895.36847  
10890.16983  
10948.88807  
10874.11195  
10911.13614  
10909.53313  
10917.81189  
10966.04688  
10802.94688  
10873.24074  
10969.04451  
11006.93962  
10889.89049  
10893.51642  
10864.48965  
10927.56782  
10883.13222  
10952.52166  
10917.19958  
10950.81436  
10896.63706  
10951.70414  
10932.49347  
10852.38706  
10933.2272  
10931.87328  
10840.81587  
10890.61508  
10889.31838  
10901.48014  
10971.14693  
10942.9683  
11075.02238  
11077.17516  
10905.76371  
11003.43237  
10903.71073  
10891.67773  
10915.55756  
10816.84301  
10868.23732  
10893.30528  
10813.88955  
10888.18706  
10895.37988  
10903.93432  
10961.34538  
11149.4214  
10962.05911  
11004.98333  
10917.49685  
10922.6848  
10928.94231  
10922.20844  
10891.92466  
10831.87029  
10895.77096  
10868.92503  
10948.66644  
10945.36613  
10892.69582  
10879.31891  
10906.77975  
10901.31903  
10851.50115  
10885.49967  
10879.38237  
10881.38655  
11059.02874  
11074.77812  
10904.8949  
10916.67479  
10928.0979  
10904.53464  
10943.82544  
10899.42562  
10925.99197  
10930.30866  
10910.4356  
10941.28838  
10889.43968  
10913.42467  
10931.98391  
10993.76328  
10868.48154  
10977.11287  
