10655.31309  
10667.8436  
10661.60991  
10720.24326  
10620.07317  
10662.41903  
10713.69201  
10592.06122  
10690.28453  
10668.63963  
10591.59661  
10617.52718  
10679.01502  
10692.25605  
10607.35022  
10636.01974  
10724.47463  
10611.51083  
10599.73143  
10694.35519  
10566.51315  
10548.69471  
10672.11867  
10642.57243  
10649.53218  
10654.0978  
10659.79605  
10655.80183  
10658.18348  
10663.22436  
10662.7019  
10599.89626  
10710.82593  
10597.15254  
10603.05824  
10727.36401  
10622.49808  
10728.8995  
10622.95316  
10623.71733  
10720.20964  
10607.78158  
10648.93171  
10679.54366  
10658.87176  
10680.18547  
10606.08952  
10647.46005  
10635.02088  
10624.51479  
10648.36762  
10646.73993  
10663.40318  
10652.31116  
10619.1184  
10691.31554  
10707.60583  
10643.62802  
10668.74979  
10697.51039  
10636.40007  
10703.68881  
10637.21809  
10680.97357  
10715.42916  
10629.91996  
10586.19168  
10699.1248  
10618.46933  
10626.83853  
10699.30123  
10566.71972  
10628.73744  
10709.37599  
10605.70225  
10599.53866  
10651.61632  
10592.48922  
10666.81475  
10647.51073  
10609.48575  
10684.57226  
10578.75405  
10587.04447  
10657.28301  
10702.08685  
10624.17676  
10648.54474  
10617.06  
10649.53691  
10647.41799  
10687.32774  
10646.40036  
10664.40299  
10609.31518  
10681.97058  
10646.21021  
10588.7397  
10646.75572  
10641.4882  
10569.88244  
10618.08549  
10632.04057  
10668.09683  
10679.20612  
10649.4022  
10748.57052  
10825.51329  
10659.35518  
10706.35516  
10637.97297  
10610.04598  
10602.91872  
10591.21984  
10643.86804  
10660.76833  
10555.30002  
10613.05897  
10666.62502  
10644.30394  
10643.13749  
10791.7735  
10726.25028  
10693.13409  
10625.33815  
10628.62491  
10616.91146  
10657.13401  
10664.70482  
10599.18556  
10606.93844  
10632.28485  
10690.77038  
10666.37504  
10627.43759  
10603.14027  
10637.25351  
10665.19802  
10590.64796  
10617.41794  
10632.06377  
10600.8385  
10794.0453  
10763.05603  
10638.35888  
10634.3783  
10645.58241  
10605.45567  
10658.00443  
10645.61154  
10642.43299  
10654.67492  
10620.8319  
10666.20753  
10623.78015  
10640.09632  
10632.31083  
10723.16987  
10620.8704  
10703.65657  
