10222.94645  
10236.63007  
10136.21643  
10260.44435  
10127.8783  
10187.54629  
10324.4586  
10108.67687  
10205.2458  
10024.86076  
10190.27086  
10159.13631  
10174.43704  
10185.67895  
10204.86369  
10099.96261  
10213.0218  
10169.79334  
10287.86219  
10112.01347  
10284.19776  
10071.06256  
10183.15697  
10112.64503  
10258.32328  
10119.75816  
10115.35272  
10174.39136  
10161.64929  
10153.33651  
10204.35895  
10370.22645  
10134.49103  
10139.95941  
10183.26087  
10134.57835  
10196.1966  
10133.45596  
10298.39602  
10167.9111  
10388.9988  
10136.77838  
10213.30749  
10165.08153  
10264.24893  
10167.86499  
10248.41307  
10125.03938  
10203.57809  
10165.59381  
10109.45139  
10180.52018  
10242.19321  
10089.70834  
10244.7229  
10168.06467  
10106.48082  
10204.99248  
10119.06458  
10140.20108  
10129.26338  
10206.27976  
10244.81232  
10130.86  
10306.77497  
10151.1257  
10419.81969  
10121.55863  
10227.68818  
10174.06668  
10248.17237  
10252.22538  
10258.11925  
10332.43531  
10188.22417  
10082.21615  
10205.88134  
10161.26356  
10144.68227  
10258.46355  
10051.78423  
10116.57674  
10120.45274  
10158.86498  
10305.62931  
10118.87316  
10237.15887  
10115.87962  
10202.34213  
10169.39523  
10164.70746  
10034.28392  
10145.42046  
10031.54087  
10188.9405  
10057.47382  
10234.86227  
10259.03287  
10113.44642  
10240.97903  
10123.01415  
10180.21355  
10177.22971  
10299.57986  
10118.2748  
10224.63418  
10178.07674  
10254.30756  
10162.45482  
10168.71381  
10231.51581  
10029.71772  
10147.05115  
10237.64575  
10147.71322  
10133.84578  
10129.91642  
10273.24197  
10128.47336  
10212.30439  
10225.10492  
10113.72848  
10210.94752  
10149.75568  
10104.8827  
10286.48303  
10307.91913  
10213.49626  
10221.94424  
10144.52974  
10039.19082  
10093.19867  
10062.29266  
10314.51209  
10233.39033  
10179.41415  
10226.17103  
10147.87395  
10368.23933  
10300.13383  
10087.19555  
10086.69883  
10124.64927  
10226.94712  
10204.11899  
10060.797  
10113.444  
10254.60232  
10192.96864  
10364.63849  
10057.31771  
10196.4136  
10127.47953  
10124.94911  
10346.4787  
10112.33024  
10141.99099  
10224.45445  
10082.97496  
10256.57199  
