10070.28664  
10229.51452  
10087.78387  
10226.76657  
10083.34082  
10072.96068  
10227.33992  
10005.91466  
10103.13675  
9977.076926  
10107.8143  
10053.41356  
10149.56035  
10069.55306  
10064.83665  
10070.70409  
10033.85642  
10079.71398  
10129.66078  
9992.170516  
10167.42224  
9978.09753  
10010.66396  
10062.25579  
10165.5732  
10058.71987  
10044.54284  
10040.32036  
10143.17594  
10130.59261  
10111.59101  
10222.3774  
10039.1119  
10123.17411  
10017.07683  
10074.06807  
10054.80638  
10093.51574  
10147.39478  
10104.01218  
10233.18643  
10086.24872  
10065.37981  
10097.92119  
10107.34465  
10072.35166  
10022.85159  
10011.86469  
10129.8797  
10162.18268  
10030.7605  
10122.24138  
10057.56252  
10057.55543  
10180.15858  
10056.76577  
10083.57614  
10161.93491  
10053.38994  
10100.3833  
10021.38755  
10110.58461  
10102.86721  
10044.65758  
10132.62065  
10113.98716  
10318.34035  
10083.2971  
10126.31828  
10127.15025  
10108.82439  
10184.78945  
10194.76388  
10289.78317  
10023.89526  
10023.59279  
10131.49826  
10065.53779  
10121.77979  
10197.0399  
10094.63726  
9980.504032  
10008.77425  
10088.80606  
10104.78003  
10063.70203  
10074.99799  
10007.40062  
10188.19821  
10073.127  
10039.68487  
10008.73414  
9996.925107  
10027.09149  
10039.83682  
10007.02736  
10131.63292  
10239.66379  
10023.4474  
10038.91386  
10094.1836  
10033.27516  
10095.65156  
10158.27513  
10074.10604  
10065.79805  
10172.02898  
10146.19791  
10033.73708  
10058.3928  
10125.60868  
10004.79134  
10015.03209  
10166.37687  
9988.694369  
10092.28807  
10070.11824  
10148.52454  
10062.58258  
10040.98885  
10231.11278  
10046.44009  
10025.69276  
10107.16281  
10089.51369  
10294.07593  
10111.17512  
10109.84969  
10081.97842  
10083.91918  
10015.41953  
10047.92429  
9944.872672  
10048.7684  
10113.13852  
10166.08029  
10172.05042  
10068.05322  
10239.60281  
10241.43587  
10070.97781  
10109.38674  
10080.38458  
10018.82987  
10174.27837  
10049.44494  
9997.438151  
10096.61532  
10103.42523  
10168.02711  
10027.23988  
9989.947844  
10145.01131  
10049.66416  
10294.29338  
10105.87695  
9994.918872  
10157.48825  
9993.107651  
10077.42198  
