10034.07962  
10148.78602  
10080.17034  
10152.90216  
10103.91426  
10055.06062  
10098.31038  
9999.205285  
10054.24271  
9997.58449  
10138.07009  
10082.34158  
10155.7479  
10021.85129  
10033.62119  
10103.21781  
10034.89311  
10135.23675  
10079.83934  
10020.27336  
10080.15508  
10023.08539  
9981.208813  
10076.41117  
10077.93285  
10048.8404  
10084.57919  
10016.73998  
10168.13012  
10129.02604  
10160.36517  
10127.38401  
10037.30423  
10114.9994  
10015.24344  
10099.12338  
10027.32827  
10098.3975  
10104.80615  
10128.58247  
10155.07336  
10085.75137  
10040.64277  
10154.59871  
10055.48233  
10088.77  
10014.46697  
9967.657675  
10157.31898  
10132.60707  
9985.135799  
10132.43775  
10066.08582  
10073.46913  
10070.9772  
10039.22171  
10088.1095  
10004.42148  
10007.53492  
10073.93984  
9976.536753  
10118.69857  
10066.78334  
9972.678108  
10077.31153  
10136.83345  
10231.55208  
10107.1889  
10085.79565  
10162.54444  
10070.25342  
10264.77098  
10207.28524  
10180.29485  
10042.2204  
10015.37827  
10129.0082  
10033.14688  
10156.99896  
10089.81428  
10089.39263  
9945.403377  
10016.97429  
10057.24667  
10043.33307  
10070.03345  
10035.28298  
9971.319314  
10121.70932  
10041.91221  
9950.550152  
10051.28212  
9969.26284  
10012.66798  
10053.6223  
10004.28418  
10147.76605  
10237.88963  
10022.62194  
10032.70958  
10120.8361  
10077.1119  
10151.63905  
10072.04989  
10068.79469  
9994.554155  
10111.48808  
10089.66745  
10028.69061  
10039.89383  
10022.31873  
10058.69899  
9987.5086  
10182.66226  
10021.99202  
10107.84264  
10059.26095  
10086.16048  
10166.18417  
10003.52962  
10124.26643  
10057.30845  
10000.86107  
10101.74458  
10102.87512  
10232.09543  
10115.80297  
10094.28352  
10031.16605  
10044.02569  
10010.17361  
10114.18684  
9958.064902  
10001.06367  
10040.96274  
10173.27194  
10209.80251  
10120.85755  
10149.04962  
10164.53844  
10114.00006  
10131.96621  
10093.33671  
10023.26632  
10189.50202  
10029.68421  
9956.260469  
10064.53519  
10151.20451  
10105.95112  
10067.94804  
9957.967624  
10071.64157  
10072.32898  
10169.23852  
10135.11734  
9973.845971  
10073.51098  
10032.26657  
10018.33782  
