9604.433617  
9765.022205  
9662.205826  
9779.13768  
9683.038368  
9629.091793  
9745.727821  
9560.374191  
9669.350082  
9565.682438  
9771.294064  
9684.157436  
9752.858902  
9628.873314  
9670.133148  
9663.974159  
9631.70203  
9697.668362  
9725.42247  
9613.392113  
9725.056  
9547.830101  
9588.156269  
9630.080532  
9716.699936  
9621.875317  
9681.562202  
9595.829945  
9744.026485  
9626.648403  
9707.171555  
9783.199005  
9625.848083  
9736.358803  
9570.771004  
9673.779205  
9594.289513  
9653.013474  
9711.422409  
9706.015175  
9807.742249  
9657.246326  
9630.585438  
9709.342377  
9677.931984  
9633.938389  
9599.833908  
9583.005245  
9741.97263  
9776.453709  
9580.679798  
9741.185314  
9656.130543  
9619.604198  
9708.010895  
9612.533607  
9682.46175  
9669.04142  
9597.448223  
9675.521915  
9567.127041  
9717.93372  
9668.913437  
9593.547649  
9706.123631  
9683.935093  
9869.068211  
9704.328167  
9699.618908  
9735.255043  
9701.155853  
9832.422443  
9828.067352  
9838.640503  
9652.005016  
9598.015625  
9747.762856  
9618.224052  
9726.561321  
9731.15741  
9717.238167  
9549.163235  
9576.187527  
9607.25732  
9627.297863  
9596.361145  
9641.757553  
9572.246849  
9756.25013  
9612.057858  
9568.785671  
9591.244797  
9541.097237  
9624.147736  
9672.730595  
9553.287781  
9741.860374  
9817.004791  
9570.816612  
9615.849155  
9729.265511  
9635.324707  
9720.619476  
9704.301983  
9623.28178  
9599.011292  
9721.685196  
9750.980179  
9605.690948  
9628.364635  
9653.086887  
9586.972996  
9574.011417  
9807.09803  
9600.000492  
9751.593861  
9661.408813  
9721.734173  
9726.067295  
9614.262096  
9771.053028  
9608.064663  
9582.461323  
9720.557369  
9684.438522  
9860.832966  
9695.720055  
9688.178696  
9612.672005  
9638.853035  
9597.267284  
9651.0755  
9547.593807  
9640.027946  
9684.412106  
9777.159481  
9769.589561  
9702.523098  
9801.403358  
9803.632095  
9682.448841  
9684.666172  
9659.261234  
9602.152237  
9791.304218  
9607.193405  
9533.924831  
9672.337406  
9698.370426  
9751.731209  
9655.38839  
9558.727329  
9696.750046  
9642.376152  
9844.320606  
9679.34198  
9540.646889  
9726.414528  
9584.311619  
9619.371803  
