9900.844928  
10144.21084  
9928.609375  
10176.89447  
9947.68805  
9948.269911  
10131.6408  
9834.454776  
9975.426091  
9850.028235  
10037.25821  
9882.896973  
10063.45988  
9929.775243  
9907.9365  
9987.312547  
9870.481794  
10019.08328  
9984.595719  
9844.848935  
10042.85845  
9872.769888  
9849.61542  
9927.210844  
10049.4886  
9910.025453  
9982.12045  
9907.840937  
10063.92229  
9962.707295  
10033.04652  
10125.00703  
9889.087015  
10069.31805  
9877.041023  
9977.485483  
9867.11239  
9985.887478  
10011.48851  
10012.62509  
10096.2482  
10019.00082  
9929.274127  
10024.06338  
9952.479415  
9958.538125  
9863.071204  
9848.647903  
10051.7976  
10110.68262  
9872.878519  
10054.83036  
9931.469424  
9918.248768  
10065.7678  
9897.280847  
9933.936624  
10035.83497  
9900.143307  
10035.49122  
9850.928912  
10065.10544  
9955.181207  
9879.458155  
9978.389703  
10001.44671  
10103.185  
9964.999171  
9975.544984  
10029.37519  
9930.748186  
10087.23429  
10089.71403  
10213.05077  
9890.291287  
9888.154684  
10044.13679  
9887.4938  
10044.85331  
10029.50792  
10024.91836  
9813.765594  
9841.409428  
9937.439445  
9970.450536  
9937.206109  
9910.946646  
9836.084969  
10101.42955  
9945.235871  
9879.991358  
9930.390253  
9800.076552  
9884.657002  
9918.547247  
9922.159823  
9995.831295  
10202.42973  
9903.005697  
9924.786799  
10044.32296  
9906.445561  
10033.34062  
9992.29617  
9965.836782  
9910.336271  
10029.61192  
9998.272004  
9917.217828  
9933.627434  
9976.955993  
9879.2336  
9876.746047  
10092.6821  
9825.111065  
10058.39024  
9925.213852  
10022.43052  
10004.25201  
9875.616071  
10192.26614  
9919.543736  
9880.918209  
10020.53505  
9944.463952  
10133.73844  
9966.157552  
9990.170488  
9924.738607  
9943.741273  
9889.968928  
9942.730391  
9769.350625  
9853.157777  
9981.429432  
10091.63025  
10067.91927  
9949.408738  
10099.60111  
10138.228  
10029.68786  
10029.2651  
9974.230771  
9830.360135  
10135.46621  
9917.767377  
9871.36618  
9990.710534  
10009.89935  
9988.511432  
9932.59778  
9847.904483  
10078.84661  
9907.053742  
10173.71188  
9994.970959  
9853.387835  
10047.27558  
9846.940468  
9894.291845  
