11360.58105  
11317.62627  
11373.99646  
11296.27821  
11350.04878  
11456.298  
11285.36278  
11348.25838  
11255.86239  
11343.14596  
11380.33879  
11339.47479  
11397.88238  
11398.26632  
11272.83907  
11378.45695  
11300.18302  
11337.07462  
11267.88098  
11384.33402  
11264.46715  
11362.72339  
11246.07845  
11344.25571  
11241.81336  
11331.00196  
11343.13743  
11291.06405  
11375.51625  
11252.83235  
11345.32386  
11332.00143  
11397.04803  
11419.1492  
11344.89627  
11387.45202  
11315.76482  
11423.81465  
11320.95733  
11399.62556  
11317.1742  
11444.87848  
11327.72977  
11445.2479  
11313.69238  
11410.71668  
11302.28637  
11352.59126  
11412.39172  
11363.97586  
11366.27529  
11399.89891  
11310.59924  
11389.47052  
11326.26088  
11268.51384  
11335.41509  
11213.44  
11292.93453  
11243.02076  
11278.51583  
11383.30334  
11302.06592  
11444.82289  
11266.56246  
11342.90081  
11306.92215  
11319.04641  
11225.61487  
11334.08711  
11268.13758  
11335.39668  
11378.6082  
11506.12622  
11294.80582  
11306.67897  
11306.17483  
11289.07942  
11368.37892  
11286.17544  
11343.85617  
11295.41036  
11361.58806  
11469.61174  
11311.11272  
11407.76296  
11304.93592  
11349.25202  
11422.36487  
11421.42408  
11248.54404  
11273.90341  
11228.74655  
11341.5744  
11299.16076  
11470.16942  
11403.06138  
11421.03276  
11388.55734  
11265.41708  
11348.16455  
11350.04331  
11401.20906  
11290.68906  
11425.88513  
11282.69396  
11262.68481  
11323.18935  
11301.70128  
11367.26063  
11238.36078  
11311.53304  
11298.61115  
11318.68551  
11271.81124  
11294.11805  
11492.68173  
11317.73134  
11346.81683  
11329.46077  
11345.72954  
11429.73441  
11308.38938  
11263.48732  
11373.88316  
11332.76184  
11378.61461  
11417.75433  
11361.91575  
11283.13916  
11404.88998  
11399.86904  
11324.98566  
11329.50952  
11257.6489  
11315.89136  
11340.54238  
11350.20613  
11281.19797  
11281.88144  
11322.94765  
11380.07643  
11370.52644  
11290.91967  
11335.37507  
11473.40656  
11354.94074  
11294.16843  
11392.37899  
11289.89993  
11346.99035  
11325.50456  
11305.52249  
11359.3149  
11336.31482  
11421.95607  
11331.97568  
11258.01798  
11396.6862  
11275.08829  
