9596.408949  
9624.795263  
9583.023226  
9661.980229  
9580.741497  
9613.364838  
9673.963628  
9535.625691  
9588.995523  
9504.599821  
9576.10148  
9568.011746  
9627.319704  
9628.264943  
9578.971311  
9612.8613  
9587.266344  
9609.261811  
9618.332768  
9558.124558  
9631.209058  
9573.57865  
9528.747466  
9584.775271  
9625.425579  
9580.971799  
9630.851148  
9597.758697  
9632.946547  
9579.700794  
9712.305231  
9691.30536  
9554.10031  
9643.77634  
9611.998554  
9617.808852  
9584.263377  
9591.113668  
9654.354474  
9660.217239  
9755.994417  
9624.578383  
9646.993956  
9678.336472  
9621.656969  
9621.030439  
9571.620062  
9516.340102  
9703.16432  
9656.962181  
9534.303729  
9639.484688  
9585.408332  
9565.703761  
9565.139934  
9578.811265  
9568.802992  
9513.08321  
9563.475954  
9574.467046  
9533.853304  
9646.293282  
9617.909235  
9516.201623  
9620.305167  
9677.803858  
9803.076725  
9592.625682  
9589.566885  
9609.245209  
9574.407337  
9689.395692  
9569.096588  
9665.246987  
9616.980137  
9545.587467  
9612.017191  
9543.481427  
9651.233463  
9636.836859  
9566.479851  
9525.171064  
9571.602382  
9606.682203  
9629.705631  
9595.175975  
9542.962301  
9484.401717  
9573.820147  
9590.121987  
9449.471606  
9489.97542  
9516.733104  
9470.607459  
9578.958008  
9580.159917  
9695.32186  
9746.413233  
9600.190439  
9647.672188  
9628.324965  
9646.365842  
9691.813366  
9647.84948  
9590.97168  
9566.366377  
9608.948141  
9622.933631  
9560.654306  
9597.542186  
9574.192125  
9533.524884  
9549.060317  
9657.361991  
9541.336499  
9538.691213  
9552.514796  
9610.26568  
9616.516307  
9570.593354  
9600.484522  
9559.658645  
9567.947008  
9540.239332  
9613.13823  
9771.197045  
9708.443323  
9657.513709  
9619.805775  
9518.914707  
9517.955916  
9616.747135  
9472.59035  
9611.397258  
9547.258826  
9598.872052  
9734.959187  
9611.572201  
9717.214531  
9723.267191  
9591.680821  
9650.169701  
9651.122522  
9600.7919  
9675.043835  
9561.749355  
9534.908747  
9625.254477  
9670.469598  
9638.026441  
9532.560796  
9515.620117  
9531.01439  
9596.127902  
9710.748102  
9583.855487  
9524.383605  
9587.890091  
9520.718612  
9617.995688  
