10591.4675  
10582.21016  
10736.30566  
10569.03922  
10600.09563  
10588.14344  
10616.90113  
10620.60884  
10799.73126  
10609.49395  
10549.74538  
10570.24975  
10542.225  
10596.58703  
10748.93182  
10652.74944  
10658.57604  
10606.56296  
10538.71269  
10551.18186  
10631.71025  
10599.32638  
10553.32397  
10672.44175  
10745.85123  
10769.77353  
10652.42481  
10553.44232  
10689.30574  
10718.22088  
10659.27767  
10678.52011  
10642.83335  
10477.47746  
10899.47269  
10740.97473  
10545.08871  
10635.8125  
10698.64871  
10779.93111  
10577.73392  
10746.52383  
10625.22843  
10653.01857  
10559.34788  
10658.65241  
10732.16022  
10724.77612  
10668.13006  
10670.95464  
10594.36111  
10655.92999  
10553.33543  
10455.89153  
10639.89034  
10570.13927  
10693.0149  
10566.72253  
10678.59583  
10736.12084  
10751.0581  
10516.87741  
10520.15973  
10685.37573  
10450.31728  
10539.89825  
10604.54466  
10636.54749  
10610.07482  
10508.04325  
10587.95961  
10626.11382  
10520.0305  
10667.62422  
10723.05836  
10668.42885  
10571.18746  
10547.49147  
10548.41423  
10497.52879  
10509.87128  
10530.51394  
10510.6798  
10528.67123  
10583.67826  
10636.79304  
10588.28622  
10595.77244  
10574.77086  
10525.52809  
10655.3358  
10600.92952  
10480.67876  
10635.9598  
10617.64408  
10481.5167  
10511.13222  
10830.45643  
10724.22924  
10779.27335  
10901.33645  
10666.92754  
10692.81706  
10594.69108  
10572.15617  
10546.03984  
10660.37126  
10591.64228  
10521.21961  
10558.34687  
10694.6562  
10654.36483  
10741.27654  
10569.23737  
10612.3854  
10594.2023  
10656.71583  
10602.61821  
10605.47043  
10713.14554  
10640.51562  
10593.98834  
10571.74681  
10631.46148  
10756.73286  
10749.28451  
10618.03852  
10737.81632  
10724.87284  
10572.92548  
10694.09624  
10636.21301  
10593.92438  
10698.40718  
10595.03124  
10643.53615  
10579.26307  
10554.05174  
10649.85851  
10584.59165  
10559.50977  
10643.50012  
10625.18059  
10536.61234  
10585.95809  
10527.22889  
10530.26858  
10687.33829  
10722.82105  
10744.45888  
10570.45862  
10575.25302  
10515.16253  
10547.6479  
10659.949  
10827.90794  
10732.84446  
10576.65851  
10714.79268  
10562.36256  
