11430.90902  
11367.96503  
11550.74813  
11391.33154  
11407.01601  
11414.29034  
11439.91169  
11484.88148  
11615.17838  
11479.75908  
11408.52564  
11383.80477  
11393.70202  
11427.85087  
11582.19719  
11473.23356  
11491.61278  
11425.15116  
11355.35342  
11390.09229  
11409.31758  
11404.63937  
11370.51842  
11434.37082  
11490.06695  
11557.10361  
11386.43985  
11431.13697  
11477.54572  
11392.59774  
11441.49607  
11452.16357  
11424.98291  
11337.04903  
11703.73081  
11627.70425  
11380.77893  
11397.9732  
11465.03631  
11603.25809  
11390.90122  
11553.29602  
11445.76231  
11441.71735  
11395.57217  
11489.43184  
11508.28489  
11586.26616  
11520.79034  
11567.45117  
11410.02952  
11406.18632  
11354.72457  
11270.70973  
11450.09812  
11336.91118  
11495.14669  
11401.17397  
11521.73028  
11648.85777  
11616.7008  
11357.46242  
11367.62536  
11459.38487  
11303.95809  
11395.1639  
11408.90062  
11420.49951  
11439.08107  
11344.63816  
11457.0904  
11486.46331  
11313.32859  
11522.89511  
11546.00875  
11466.08902  
11359.19271  
11371.48403  
11390.24295  
11300.08183  
11375.77531  
11360.48561  
11322.39224  
11341.67308  
11413.80033  
11451.58353  
11452.98682  
11447.78496  
11405.14686  
11413.69552  
11401.18289  
11447.72832  
11304.27747  
11422.19375  
11463.23092  
11316.97077  
11345.82868  
11649.95734  
11640.75901  
11612.84848  
11650.76728  
11444.87121  
11464.25267  
11344.137  
11347.76423  
11314.70604  
11454.14337  
11369.30105  
11337.91097  
11337.60182  
11500.27534  
11421.74136  
11547.23472  
11343.29991  
11406.65968  
11385.85091  
11432.32611  
11421.97119  
11431.38568  
11534.42219  
11443.30449  
11414.21648  
11414.50844  
11463.84813  
11581.98916  
11587.29838  
11440.3762  
11562.89256  
11510.64971  
11428.13573  
11486.99485  
11442.01885  
11441.40139  
11495.85356  
11380.48728  
11445.97674  
11372.42155  
11373.9893  
11492.22787  
11416.57342  
11355.59741  
11425.38628  
11459.01636  
11331.97781  
11393.66976  
11355.85919  
11367.82608  
11518.13666  
11568.04467  
11592.0024  
11379.07694  
11388.29788  
11363.51732  
11361.35913  
11441.06657  
11604.43026  
11551.16524  
11472.91112  
11526.18187  
11356.99075  
