10663.87187  
10571.45191  
10821.50616  
10815.20105  
10828.00436  
10774.42589  
10673.40081  
10605.16223  
10818.1648  
10819.90883  
10643.23635  
10687.87946  
10641.40835  
10704.76622  
10858.38745  
10789.86492  
10627.55986  
10571.38069  
10559.35393  
10696.35224  
10818.94912  
10715.1253  
10696.54777  
10796.11503  
10685.87116  
10908.49002  
10709.35319  
10841.68817  
10857.33544  
10832.1339  
10786.79474  
10671.90825  
10744.65959  
10712.2804  
10837.47792  
10934.27572  
10763.35657  
10671.37092  
10667.09713  
10863.19176  
10800.20748  
10651.08247  
10844.0793  
10781.65449  
10686.96945  
10724.5037  
10674.8645  
10926.11748  
10864.79325  
10836.44807  
10743.77112  
10654.87687  
10542.68635  
10562.71506  
10836.49142  
10686.19287  
10714.5664  
10806.14601  
10733.83475  
10806.75702  
10817.3223  
10775.86599  
10859.31352  
10692.91537  
10618.80781  
10611.08519  
10660.6587  
10561.76117  
10585.40201  
10667.96861  
10755.14662  
10830.3583  
10751.45843  
10852.53615  
10813.67046  
10677.91997  
10814.06453  
10624.24808  
10709.73492  
10507.96292  
10687.5649  
10591.44019  
10727.76947  
10786.45159  
10715.56232  
10690.02027  
10663.58001  
10684.42202  
10695.48693  
10615.34302  
10781.88597  
10835.43106  
10737.23106  
10653.80474  
10687.09783  
10631.2752  
10579.65226  
10914.16508  
10936.97702  
10857.8464  
10873.7637  
10626.95911  
10623.29969  
10709.80998  
10622.48001  
10669.09678  
10677.56713  
10648.7916  
10676.64188  
10747.13293  
10859.32119  
10852.9439  
10846.58521  
10678.15363  
10649.52377  
10619.20694  
10749.51726  
10691.99716  
10712.57881  
10657.9261  
10659.39115  
10757.6982  
10749.995  
10611.67566  
10732.77672  
10799.47498  
10710.08016  
10786.9002  
10829.19738  
10873.69218  
10694.12799  
10770.13644  
10828.33407  
10666.46619  
10657.91958  
10645.44124  
10653.99841  
10742.00625  
10724.45121  
10711.3442  
10673.63932  
10655.83436  
10625.76306  
10654.66011  
10675.59572  
10695.63275  
10689.42977  
10795.56189  
10836.1277  
10881.52135  
10748.17673  
10727.83708  
10679.86065  
10688.33432  
10666.48649  
10930.65632  
10679.25387  
10848.21285  
10761.18891  
10602.05487  
