10890.15555  
10907.37693  
11026.02493  
10868.92092  
10855.52063  
10788.45936  
10804.99109  
10838.93828  
11002.54707  
10778.32163  
10729.06473  
10816.17785  
10720.10415  
10771.33532  
11199.77932  
10920.17787  
10988.44294  
10941.61035  
10804.3126  
10759.7333  
10834.35746  
10732.59144  
10901.26582  
11135.91629  
11103.37608  
11202.60222  
10911.81114  
10637.94661  
11140.28749  
11088.89842  
10938.40027  
11030.1082  
11029.28506  
10665.97268  
11099.4141  
10986.20562  
10827.43094  
10895.88487  
10849.98808  
10955.6604  
10863.19643  
10997.27374  
10923.37725  
10988.35651  
10971.5337  
11013.96646  
11010.08566  
10926.3681  
10905.99143  
10952.46985  
10851.74442  
10893.62004  
10634.909  
10675.35605  
10950.05168  
10920.37223  
10988.78131  
10758.06463  
11004.90165  
11039.38654  
11052.32615  
10856.39764  
10887.33877  
11005.23701  
10675.71861  
10755.93377  
10843.05451  
10959.44491  
10946.79068  
10773.55118  
10934.70928  
10897.55517  
10863.72415  
10923.35461  
10805.60389  
10832.61426  
10688.09732  
10755.60848  
10760.67484  
10822.63658  
10762.00488  
10937.39579  
10842.27808  
10855.01403  
10857.0217  
10913.76028  
10922.26309  
10941.92148  
10873.11274  
10867.46538  
11063.26168  
10901.90015  
10824.22453  
11058.7441  
11010.34285  
10850.29664  
10801.19372  
11131.51614  
10996.16707  
10965.3919  
10995.1712  
10887.44515  
10858.57027  
10809.66418  
10781.45978  
10748.18734  
10901.06758  
10868.76997  
10698.67833  
10799.80325  
10852.48517  
10981.2394  
10920.29343  
10763.77433  
10824.16669  
10791.99316  
10811.83791  
10868.56487  
10834.8582  
10943.48575  
10832.53563  
10867.04893  
10876.40147  
10949.50568  
11059.94609  
10979.26337  
10825.08954  
10958.58883  
10905.59249  
10749.76285  
10916.34855  
10841.61808  
10752.26276  
10874.89328  
10819.12289  
10860.44713  
10784.58494  
10866.11804  
10925.57207  
10836.47891  
10893.11787  
10955.34403  
10955.65757  
10843.53223  
10880.5734  
10869.78149  
10811.81663  
10860.09919  
10963.76447  
10981.79506  
10909.59819  
10862.07986  
10796.81906  
10905.04684  
10939.3704  
10958.14128  
10941.94404  
10776.94878  
11042.32278  
10863.98661  
