11322.51474  
11230.85261  
11436.92111  
11235.40187  
11239.74022  
11261.06123  
11334.20724  
11359.53282  
11509.07544  
11289.20468  
11254.06726  
11222.62931  
11258.14811  
11276.99881  
11406.99526  
11394.67283  
11445.7394  
11366.82851  
11231.56512  
11249.2869  
11259.95914  
11273.46844  
11266.69352  
11344.50528  
11495.29299  
11539.21652  
11314.52759  
11291.31342  
11279.65606  
11342.41616  
11312.1906  
11369.95377  
11368.02223  
11243.1317  
11514.28496  
11480.49895  
11281.00884  
11249.76451  
11331.2692  
11485.33695  
11252.66931  
11389.03564  
11288.33705  
11303.77836  
11261.92297  
11391.19039  
11420.48371  
11515.34795  
11400.21645  
11509.44955  
11328.08085  
11292.59584  
11201.9314  
11109.69765  
11295.4259  
11195.79374  
11386.89031  
11285.36433  
11402.84541  
11465.73652  
11503.16856  
11259.30931  
11220.94552  
11352.51819  
11168.58036  
11236.53898  
11275.51594  
11306.54773  
11313.56042  
11188.8543  
11309.85768  
11335.04377  
11191.31921  
11420.04388  
11387.94533  
11375.93952  
11215.13492  
11247.02194  
11232.4692  
11140.13606  
11247.99827  
11220.33046  
11161.88065  
11198.1145  
11262.53561  
11347.60999  
11301.73589  
11302.32303  
11224.51086  
11325.03713  
11268.49902  
11289.61009  
11200.56208  
11305.72187  
11357.79429  
11214.00827  
11224.9021  
11519.3365  
11515.28948  
11489.97077  
11531.03891  
11363.54313  
11357.48226  
11229.01501  
11221.15079  
11191.52998  
11360.35114  
11332.27755  
11209.40496  
11194.86555  
11390.51221  
11282.56757  
11431.09759  
11223.54257  
11298.94451  
11243.56217  
11289.86574  
11253.81716  
11316.51249  
11413.26721  
11291.75274  
11272.32347  
11270.03022  
11353.49571  
11463.20384  
11486.68176  
11288.92927  
11446.48111  
11374.59173  
11277.22616  
11387.79733  
11316.00309  
11314.57309  
11390.41277  
11255.23158  
11318.22499  
11215.44132  
11253.92597  
11388.26812  
11306.76447  
11280.34649  
11348.08725  
11349.94927  
11168.57778  
11300.16985  
11227.11508  
11232.48596  
11364.49977  
11433.39035  
11415.90423  
11278.5594  
11275.64711  
11273.53162  
11269.29018  
11326.41844  
11429.16532  
11410.90948  
11381.72304  
11379.46887  
11214.05491  
