11521.19295  
11397.49591  
11289.39645  
11298.90388  
11322.70182  
11219.71833  
11241.6247  
11301.79969  
11293.23859  
11312.14984  
11353.04346  
11439.9461  
11348.53867  
11357.01886  
11377.63666  
11379.89688  
11350.04877  
11349.72321  
11380.49704  
11413.64743  
11348.16158  
11403.34849  
11482.12239  
11432.90431  
11290.02738  
11328.34227  
11338.36492  
11394.25344  
11374.10966  
11361.34883  
11350.1083  
11397.92535  
11375.78792  
11375.32892  
11389.73923  
11411.80861  
11385.51468  
11347.80325  
11328.48303  
11385.81973  
11372.61979  
11351.2374  
11300.82547  
11279.48945  
11339.21075  
11344.67451  
11454.22036  
11381.94804  
11368.68021  
11271.28021  
11405.84678  
11379.41978  
11343.72476  
11359.17937  
11386.2377  
11422.10755  
11413.53939  
11467.84106  
11305.67405  
11250.71645  
11344.3788  
11289.1003  
11301.4635  
11267.75355  
11291.49714  
11337.27217  
11295.9923  
11276.69951  
11333.56969  
11351.54889  
11329.96901  
11352.64178  
11382.98376  
11427.70028  
11372.09581  
11351.63397  
11393.62146  
11532.01975  
11400.83646  
11237.7227  
11308.94116  
11358.52102  
11425.35765  
11489.14943  
11443.7338  
11363.79972  
11367.97944  
11353.83904  
11355.50745  
11389.47533  
11250.5057  
11429.06424  
11427.84998  
11280.81358  
11179.16619  
11452.68017  
11291.69761  
11402.08946  
11276.26526  
11282.92614  
11190.29096  
11218.39422  
11227.81234  
11309.32749  
11279.19435  
11276.72579  
11411.19198  
11595.40268  
11377.14218  
11321.55288  
11284.44567  
11273.91082  
11287.047  
11352.29373  
11450.55371  
11396.02423  
11424.67921  
11466.60508  
11451.42561  
11249.79231  
11280.16319  
11306.97954  
11355.10507  
11426.75243  
11462.11403  
11313.54659  
11316.31925  
11258.84993  
11239.53046  
11305.29642  
11334.61684  
11297.96566  
11340.69901  
11419.72515  
11447.58475  
11364.67907  
11311.29608  
11436.78773  
11446.54158  
11520.83871  
11639.57197  
11418.348  
11338.05735  
11339.57931  
11322.43598  
11420.07935  
11368.28676  
11387.67695  
11380.62052  
11373.28002  
11353.85341  
11224.37966  
11236.61039  
11210.99483  
11264.84326  
11308.33057  
11342.29419  
11352.12274  
11331.60171  
11420.34456  
