11095.98923  
11067.62972  
10912.33987  
10940.59277  
10954.90824  
10805.15794  
10804.31852  
10868.3842  
10844.48327  
10857.95185  
10956.81124  
11061.91705  
10951.85105  
10953.46554  
11033.79932  
11025.97363  
10952.49406  
10987.53883  
11007.07592  
11104.56183  
10942.08582  
11013.01677  
11073.45305  
11017.77233  
10859.12402  
10917.85694  
10947.5554  
11001.61979  
10984.15066  
10941.96619  
10945.26456  
10994.28777  
10963.61033  
10955.66059  
11004.37643  
11025.44616  
10956.13383  
10898.49209  
10954.48157  
10949.55683  
10951.65349  
10833.46957  
10868.40312  
10827.67624  
10974.28638  
10970.34846  
11045.3967  
10968.9862  
10951.50592  
10900.15536  
11110.7022  
10918.40409  
10921.89333  
11011.29229  
10995.33517  
11015.00962  
11095.48875  
11182.9424  
10932.18974  
10870.24731  
10978.15984  
10913.22848  
10884.19488  
10847.0063  
10815.8952  
10890.43136  
10870.46856  
10877.58699  
11078.40616  
11041.68567  
11074.18347  
11026.74396  
10959.05612  
11034.63984  
11066.98238  
11003.83817  
11049.38333  
11222.3224  
10920.93949  
10797.52753  
10909.00285  
10937.28104  
11044.05086  
11140.69647  
11081.52851  
11014.18858  
10993.8477  
10988.21545  
10998.03403  
11023.9114  
10768.18648  
10923.17623  
11060.63257  
10885.00406  
10765.56266  
11022.49312  
10895.67807  
10984.22703  
10854.20872  
10857.47787  
10745.64558  
10788.59209  
10802.83147  
10851.71501  
10826.06074  
10814.95487  
10966.17184  
11259.23547  
10949.75841  
10855.07061  
10829.13849  
10806.51952  
10796.76616  
10866.16643  
11052.49509  
11041.93592  
11047.61522  
11122.61994  
11119.02248  
10835.84651  
10929.63764  
10935.41531  
10983.71166  
11114.30592  
11098.81451  
10863.51054  
10864.8901  
10815.78388  
10779.51582  
10876.41914  
10876.38543  
10920.15065  
10922.74677  
11047.98556  
11119.0804  
10970.89159  
10898.11687  
11019.82145  
11070.20809  
11217.89742  
11266.66327  
11029.60268  
10952.89528  
10946.24145  
10943.72285  
10961.86689  
11010.71605  
11031.23803  
10962.67186  
11003.56235  
10978.52157  
10733.01493  
10757.91542  
10789.47909  
10831.33025  
10946.13555  
10948.6615  
10951.78757  
10981.53041  
11070.95813  
