11294.43572  
11186.10152  
11061.7412  
11087.02882  
11143.72069  
11065.34765  
11063.27637  
11113.7513  
11079.44527  
11078.02394  
11129.39623  
11213.6978  
11128.84605  
11143.86885  
11158.30472  
11174.02154  
11139.18748  
11153.22765  
11169.65504  
11183.45512  
11120.45169  
11158.96192  
11202.15856  
11181.5028  
11101.3746  
11138.13995  
11140.70627  
11188.956  
11135.7995  
11127.61038  
11137.44975  
11174.44467  
11135.15991  
11154.27361  
11190.05624  
11179.89112  
11160.40694  
11119.21054  
11134.75913  
11124.70106  
11126.36598  
11120.88699  
11122.56592  
11057.04496  
11132.14219  
11144.40799  
11239.43371  
11169.70099  
11140.45251  
11084.38806  
11193.0552  
11169.86945  
11153.92999  
11186.40997  
11199.96445  
11214.66079  
11256.2873  
11264.4675  
11074.58424  
11095.2842  
11138.60028  
11049.24878  
11051.53583  
11031.31535  
11066.71698  
11077.77146  
11062.94736  
11068.07573  
11146.89075  
11106.99676  
11091.79036  
11114.47465  
11113.44729  
11164.56184  
11178.11883  
11130.98084  
11157.97205  
11294.43993  
11172.67156  
10987.23416  
11069.09639  
11106.57345  
11177.54989  
11282.67963  
11256.35278  
11185.51378  
11151.8502  
11151.41521  
11139.15748  
11175.02214  
11048.27567  
11243.26022  
11196.2303  
11101.25008  
10994.41054  
11274.73178  
11124.46173  
11204.90797  
11099.39403  
11162.52221  
11003.17408  
11040.4182  
11054.29901  
11088.20276  
11093.90839  
11103.3698  
11188.53418  
11372.32193  
11162.73299  
11121.70706  
11059.14276  
11047.1023  
11062.5669  
11111.26149  
11194.72392  
11163.18115  
11171.24994  
11279.99299  
11196.39635  
11015.28084  
11086.14056  
11086.38737  
11167.02857  
11253.19357  
11201.54367  
11081.48457  
11068.23101  
11023.31158  
11028.29153  
11085.45435  
11108.73117  
11109.58633  
11111.50736  
11153.68224  
11216.53872  
11121.70706  
11117.77043  
11206.53677  
11205.73307  
11327.85713  
11410.26871  
11194.68345  
11133.669  
11137.07294  
11156.03028  
11224.58967  
11160.48002  
11166.66009  
11163.56059  
11170.68465  
11119.68072  
11013.31136  
11054.1687  
11044.93742  
11066.44476  
11116.62805  
11121.66735  
11112.73927  
11102.74122  
11195.45658  
