11515.07853  
11362.59104  
11187.56978  
11373.7631  
11257.26689  
11179.01776  
11327.20113  
11296.23698  
11318.92055  
11321.12661  
11397.70194  
11478.32007  
11421.54136  
11375.3621  
11374.65938  
11479.13057  
11330.40263  
11335.8798  
11420.44076  
11450.27962  
11381.55741  
11468.01286  
11548.46751  
11477.06409  
11298.7135  
11314.3882  
11285.61747  
11356.74058  
11393.8125  
11394.03463  
11478.72182  
11484.78333  
11420.67501  
11422.15196  
11444.60024  
11441.41807  
11421.47306  
11370.98293  
11363.68929  
11452.51701  
11386.34845  
11313.94751  
11329.13289  
11265.50887  
11368.666  
11436.99833  
11460.99394  
11399.96621  
11330.71665  
11305.33551  
11454.21851  
11472.47917  
11428.45207  
11351.54159  
11433.14347  
11436.60819  
11370.74976  
11344.71946  
11219.28056  
11208.5342  
11318.67411  
11224.73934  
11309.43217  
11285.60286  
11313.49343  
11329.02732  
11247.53711  
11237.94556  
11327.20538  
11284.22164  
11323.75836  
11348.13997  
11376.83824  
11373.15737  
11328.58476  
11291.17216  
11401.86916  
11448.79112  
11373.31309  
11245.04938  
11347.75472  
11361.53524  
11417.47459  
11447.06187  
11440.66309  
11454.80806  
11490.64589  
11385.05825  
11408.92206  
11393.54559  
11400.61782  
11620.87874  
11458.3184  
11313.95882  
11238.23051  
11480.50191  
11387.55349  
11451.50155  
11279.86605  
11338.47921  
11273.65472  
11250.83171  
11289.66532  
11412.7996  
11327.49552  
11295.53416  
11438.90198  
11594.09462  
11325.44578  
11350.59495  
11304.99687  
11309.02688  
11282.57672  
11355.18748  
11476.56  
11428.88025  
11449.52913  
11411.91435  
11448.58677  
11239.2061  
11255.67631  
11284.34524  
11334.70583  
11383.74384  
11422.50028  
11336.18958  
11300.66768  
11264.59772  
11237.41237  
11283.3182  
11310.73594  
11243.34133  
11327.25875  
11470.17617  
11479.10215  
11384.25382  
11290.69275  
11360.19537  
11429.67841  
11539.69208  
11595.77065  
11314.59849  
11296.04787  
11349.36131  
11392.01385  
11386.85994  
11400.19763  
11428.91697  
11447.67619  
11397.94454  
11443.23623  
11281.11589  
11252.53424  
11265.3819  
11295.4692  
11291.18115  
11359.65474  
11414.19631  
11344.70516  
11464.4172  
