11510.68157  
11392.04555  
11230.76087  
11227.84746  
11052.92887  
11038.05837  
11011.64103  
11131.47041  
11227.75378  
11302.37905  
11356.42355  
11325.3764  
11262.58033  
11344.79092  
11281.85978  
11208.39644  
11267.70975  
11292.09979  
11356.9709  
11338.91424  
11321.2638  
11364.07473  
11397.56376  
11270.61933  
11214.2107  
11214.43182  
11249.11183  
11240.38819  
11173.21081  
11251.70078  
11377.98582  
11465.71845  
11369.64058  
11306.09022  
11318.12907  
11227.18892  
11292.80772  
11200.56636  
11205.98985  
11263.70573  
11209.56001  
11125.88644  
11188.9747  
11119.85624  
11173.3079  
11289.30089  
11294.29434  
11208.09423  
11310.12291  
11306.216  
11269.32614  
11206.85935  
11246.59594  
11258.19176  
11376.72217  
11556.80959  
11303.90004  
11443.35366  
11341.5141  
11224.05418  
11218.29284  
11241.60066  
11263.49942  
11134.33524  
11212.53089  
11286.13801  
11193.79044  
11305.12801  
11408.38909  
11370.65133  
11392.13501  
11422.74621  
11377.23889  
11334.63155  
11364.23833  
11370.22558  
11299.35829  
11406.18215  
11285.70737  
11214.74921  
11262.29954  
11323.31031  
11404.90156  
11549.52436  
11268.2051  
11153.63157  
11233.31801  
11380.11715  
11277.43418  
11203.90356  
11363.63804  
11254.1542  
11190.78727  
10926.56861  
11087.37743  
10966.97251  
11071.28874  
11159.04355  
11033.063  
11063.66736  
10958.15824  
10928.47612  
11004.40595  
11109.79231  
11108.90392  
11196.23704  
11312.44599  
11399.41575  
11371.70639  
11259.23903  
11223.53012  
11170.60049  
11169.53012  
11315.5041  
11349.61703  
11391.5675  
11508.45678  
11452.5113  
11408.03973  
11457.75962  
11366.54952  
11252.92154  
11216.78121  
11418.71253  
11418.589  
11354.69762  
11244.59869  
11165.49393  
11261.89225  
11252.19006  
11199.42362  
11269.54866  
11307.1541  
11375.06711  
11375.05715  
11259.8371  
11284.06225  
11348.43878  
11355.11397  
11472.54787  
11348.73401  
11367.05898  
11200.91034  
11096.41754  
11148.54856  
11183.72462  
11365.50336  
11311.97102  
11266.18262  
11324.26074  
11188.94431  
11098.10855  
11046.6731  
11087.15126  
11153.03929  
11188.48996  
11261.24285  
11263.20088  
11331.02868  
11520.41263  
