11052.11672  
10960.19967  
10818.46256  
10860.61331  
10952.45654  
10900.38291  
10872.68845  
10912.79762  
10850.97987  
10827.83058  
10890.40067  
10971.92265  
10894.07649  
10916.09091  
10923.9206  
10954.0175  
10913.85531  
10943.24709  
10944.34349  
10937.46529  
10877.11466  
10897.80372  
10902.98153  
10912.84823  
10899.77507  
10934.88454  
10929.4828  
10969.56952  
10881.13472  
10877.83105  
10910.19698  
10935.62708  
10878.01821  
10918.04784  
10976.66951  
10932.05771  
10919.85063  
10874.93009  
10927.74045  
10845.66247  
10863.21241  
10874.72821  
10932.07288  
10819.33467  
10910.86305  
10930.39769  
11009.90681  
10942.88797  
10896.56214  
10884.66998  
10965.66028  
10945.93822  
10951.11008  
11001.78384  
11000.90773  
10992.9775  
11088.24341  
11047.13694  
10827.63533  
10929.18503  
10918.6997  
10792.93687  
10784.45626  
10778.65099  
10826.51072  
10800.46188  
10813.90915  
10845.13463  
10947.40052  
10845.66163  
10837.26612  
10859.96271  
10825.41323  
10883.36488  
10970.8297  
10895.18485  
10906.15062  
11040.55562  
10928.84828  
10719.55523  
10812.79169  
10837.33536  
10912.73572  
11062.04034  
11056.11227  
10994.99252  
10920.88856  
10935.09955  
10907.95995  
10945.85157  
10832.16711  
11044.70495  
10948.71516  
10909.3636  
10796.97559  
11084.57125  
10945.74888  
10994.19442  
10910.38458  
11033.85527  
10803.21585  
10850.22815  
10868.8779  
10851.9028  
10895.90672  
10918.11682  
10950.59595  
11133.93172  
10933.60943  
10908.14633  
10818.37788  
10804.7285  
10822.68131  
10853.68783  
10921.33717  
10914.35864  
10900.42846  
11080.57419  
10923.86507  
10764.67544  
10878.80266  
10850.65653  
10966.04486  
11067.72381  
10923.09102  
10833.49674  
10803.1171  
10771.60883  
10802.55582  
10850.52507  
10867.34354  
10908.27901  
10866.58687  
10869.38149  
10969.63658  
10862.0605  
10910.96362  
10960.48428  
10948.39849  
11121.6317  
11165.22896  
10955.66938  
10915.25399  
10920.66907  
10978.20458  
11015.68402  
10938.41203  
10930.47541  
10931.60439  
10954.18568  
10869.43736  
10787.75798  
10859.2065  
10867.48392  
10854.43068  
10911.76948  
10885.89945  
10856.92751  
10858.17462  
10955.13511  
