12112.88321  
11789.71216  
11748.30751  
11705.59479  
11621.53234  
11523.99305  
11693.1274  
11662.73147  
11656.44607  
11744.55625  
11696.87843  
11825.89039  
11776.84132  
11725.44567  
11717.23249  
11730.49312  
11770.66937  
11828.62087  
11891.60582  
11824.20574  
11739.56818  
11910.32481  
11894.70156  
11986.88125  
11700.86958  
11516.54117  
11546.98991  
11691.89452  
11680.98273  
11644.23131  
11723.19853  
11768.14533  
11827.01555  
11869.09835  
11872.76984  
11822.75415  
11794.85607  
11846.95068  
11834.72562  
11884.60562  
11765.20541  
11669.9336  
11627.37683  
11592.13984  
11810.42526  
11778.77496  
11797.4451  
11714.72164  
11851.23254  
11793.12785  
12021.62105  
11807.95226  
11672.10204  
11764.25899  
11817.5553  
11956.20152  
11930.83454  
11806.1225  
11698.15052  
11514.18837  
11611.54048  
11524.99556  
11561.55367  
11595.79878  
11550.16931  
11682.35554  
11812.41671  
11713.39602  
11789.4943  
11825.79489  
11745.73375  
11835.46101  
11883.77991  
11850.06331  
11767.88777  
11854.58609  
11846.3969  
12011.48194  
11624.69078  
11582.14563  
11642.16364  
11823.68669  
11848.15591  
11993.12446  
11820.06033  
11665.68891  
11717.4293  
11879.69027  
11816.31436  
11961.75122  
11912.15018  
11868.63218  
11695.46672  
11557.37923  
11647.59789  
11658.99467  
11951.47939  
11775.75416  
11777.10832  
11764.61112  
11658.48252  
11650.79383  
11571.77955  
11536.90673  
11563.19866  
11552.34957  
11927.59191  
12109.29572  
11879.61852  
11657.6714  
11675.01246  
11665.32117  
11674.65979  
11761.46301  
11847.07357  
11896.85024  
11860.76037  
11976.77136  
11780.66133  
11658.62737  
11666.60302  
11635.63478  
11771.39429  
11997.30334  
11676.50764  
11632.78254  
11764.28513  
11679.27192  
11625.48132  
11621.6272  
11703.65773  
11668.53353  
11630.38375  
11692.45834  
11799.30379  
11846.48879  
11814.95278  
11914.1798  
11928.90421  
12123.95514  
11871.13351  
11670.42858  
11735.07145  
11686.84768  
11567.88233  
11824.85734  
11769.45699  
11725.25488  
11878.66218  
11898.2353  
11799.7368  
11598.4946  
11529.67349  
11473.50156  
11597.09306  
11659.44587  
11735.94478  
11847.16466  
11868.12255  
11984.36766  
