10824.37256  
10919.81421  
10878.85317  
10817.31082  
10812.48346  
10848.87427  
10821.99926  
10811.09662  
10851.34004  
10844.4183  
10844.98161  
10882.44502  
10878.02311  
10965.50706  
10919.01639  
10858.51388  
10843.57704  
10876.81811  
10898.64294  
10931.119  
10885.83347  
10905.42167  
10902.11444  
10894.61955  
10886.66178  
10889.556  
10980.70421  
10942.70855  
10923.05388  
10909.40324  
10860.52513  
10836.86207  
10948.6721  
10881.63667  
10890.06688  
10877.95392  
10940.44536  
10920.07205  
10940.79908  
10937.22892  
10840.27522  
10836.52199  
10868.85808  
10891.00263  
10871.26467  
10860.39075  
10861.66933  
10803.6855  
10810.17277  
10853.22089  
10896.36464  
10902.82104  
10893.93049  
10869.46678  
10794.62708  
10818.07494  
10808.77135  
10853.14029  
10853.39454  
10813.8676  
10830.22182  
10882.36204  
10868.85005  
10811.26908  
10903.69946  
10858.55379  
10839.2087  
10845.43717  
10817.41164  
10843.38573  
10826.09615  
10882.49294  
10886.12743  
10887.28157  
10911.69567  
10879.97571  
10844.48132  
10861.26374  
10845.85823  
10855.06801  
10870.1904  
10929.37564  
10861.24276  
10907.7336  
10912.76633  
10888.95335  
10940.68727  
10864.28224  
10852.11977  
10843.5983  
10868.42562  
10894.52148  
10912.60322  
10857.67063  
10847.02644  
10881.13673  
10896.52769  
10933.64453  
10917.27213  
10920.49331  
10899.7336  
10812.94214  
10850.80841  
10890.30339  
10909.78443  
10913.59988  
10844.85615  
10826.11583  
10831.09407  
10847.11375  
10872.94202  
10871.79596  
10845.80201  
10885.83286  
10869.81934  
10850.93294  
10832.26684  
10831.297  
10843.98706  
10891.7567  
10854.85273  
10882.09121  
10857.37079  
10872.35062  
10906.47379  
10889.45637  
10863.58977  
10819.78503  
10885.94799  
10841.61588  
10923.15631  
10916.53476  
10916.87078  
10847.92424  
10843.98124  
10879.18832  
10903.65952  
10883.13779  
10913.11184  
10910.32821  
10887.6986  
10829.3874  
10847.74763  
10897.60576  
10920.22773  
10945.99947  
10867.40225  
10833.22397  
10873.18051  
10862.78158  
10831.3082  
10909.81863  
10883.25673  
10864.60406  
10865.86907  
10899.80739  
10859.22811  
10859.3768  
10839.28106  
10829.99515  
