9929.934436  
10011.22335  
9948.7518  
9954.345205  
9947.974609  
9966.049881  
9900.457529  
9904.386317  
9926.687557  
9960.55823  
9971.937462  
9994.571442  
10010.30942  
10142.7482  
10073.20738  
10000.34511  
9938.164694  
10021.46101  
9923.665001  
10031.709  
9978.540039  
10062.91743  
9948.199276  
10004.38635  
9942.791896  
9993.961895  
10027.91188  
10069.06478  
9993.315372  
10006.24824  
9947.204465  
9910.998353  
10050.47005  
9979.3795  
10022.59258  
9961.366326  
10032.66818  
10018.72045  
9970.471909  
9976.866843  
9961.819891  
9958.379289  
9999.960516  
9966.689606  
9922.417816  
9959.578833  
9944.09241  
9943.862075  
9954.743432  
9963.082204  
9912.820025  
9943.578833  
9948.174077  
10025.61395  
9912.46314  
9940.15175  
9833.290154  
9942.564874  
9950.371151  
9924.505955  
9975.752911  
9976.376742  
9955.598786  
9980.846756  
10030.15286  
9944.232211  
9977.0081  
9998.487286  
9904.728171  
9948.851601  
9931.439204  
9989.413718  
9916.12657  
10054.03502  
10044.7935  
9949.56363  
10035.3769  
9915.139917  
10030.2523  
9976.446538  
9991.214786  
10032.85105  
9967.739717  
9949.754193  
9975.26057  
9965.563228  
10003.47741  
9936.72729  
9970.377068  
9944.49146  
10007.37906  
9984.046435  
9956.164235  
9994.545171  
10006.88341  
9963.198395  
10019.18091  
10029.62797  
9947.937194  
9988.43997  
10002.90127  
9881.465016  
9952.767482  
10003.16437  
9939.610543  
10013.58146  
9919.285788  
9943.068359  
9960.83161  
9929.843329  
9872.261566  
9931.010053  
9940.216108  
9985.644263  
9849.92446  
10004.84551  
9997.992417  
9958.278684  
10049.51394  
10099.28464  
10058.21925  
10019.61062  
9988.014093  
9938.282016  
9954.62994  
9924.36242  
9985.301758  
9956.996324  
10057.09408  
9945.492973  
10048.21722  
10072.66994  
10023.2509  
9956.154584  
10009.38099  
9975.215093  
9967.726965  
9960.771599  
9994.690391  
9972.905637  
9988.258961  
9998.308613  
9911.841452  
9996.425073  
10075.47846  
10090.94072  
9949.759306  
9992.416437  
9952.305415  
9906.511585  
9990.876034  
10025.07378  
9936.591797  
9973.283873  
10049.18087  
9999.635455  
9951.371917  
9947.706667  
9896.846603  
9929.088216  
