10649.95553  
10718.67108  
10721.57589  
10714.99618  
10710.92251  
10739.31901  
10770.59421  
10745.49418  
10722.45364  
10668.61773  
10649.06223  
10727.83778  
10742.30085  
10693.05804  
10752.76546  
10712.95793  
10724.23234  
10797.68924  
10736.16684  
10723.1422  
10703.31267  
10704.99483  
10725.60571  
10725.13415  
10656.17229  
10706.24253  
10765.66596  
10700.58177  
10725.20462  
10716.04238  
10666.29568  
10663.37618  
10709.40886  
10695.74261  
10663.26966  
10693.1951  
10738.19208  
10749.80446  
10718.32921  
10741.98544  
10757.77917  
10791.86313  
10756.48933  
10736.59681  
10729.88853  
10709.6579  
10658.97082  
10661.37965  
10683.04426  
10731.28213  
10689.83755  
10701.35862  
10708.6411  
10665.80556  
10685.86499  
10733.1758  
10728.09449  
10695.23971  
10674.55267  
10685.82185  
10733.24504  
10728.21844  
10702.82539  
10690.38348  
10732.90928  
10730.59207  
10702.95484  
10752.402  
10738.3025  
10709.50955  
10695.32054  
10751.84412  
10707.39526  
10689.07841  
10774.54015  
10780.28133  
10769.84431  
10732.2134  
10716.94473  
10729.59976  
10659.25116  
10687.94169  
10665.25038  
10747.25569  
10742.82969  
10745.03427  
10700.91566  
10676.74434  
10705.0201  
10712.2066  
10690.39765  
10699.9161  
10708.85611  
10691.73609  
10778.83026  
10753.05006  
10687.12279  
10713.56355  
10694.08073  
10648.70616  
10686.23778  
10711.85738  
10725.3484  
10714.13077  
10728.60823  
10700.00922  
10639.88078  
10665.31682  
10733.68774  
10715.14703  
10708.51915  
10660.13311  
10668.14103  
10726.01039  
10721.18342  
10719.26681  
10740.3822  
10759.35488  
10741.08368  
10736.47496  
10740.22144  
10740.26835  
10743.34275  
10744.18905  
10741.77496  
10703.8452  
10679.1337  
10695.07412  
10725.43274  
10707.98016  
10730.81379  
10709.68494  
10673.29414  
10703.12598  
10712.41648  
10740.37264  
10712.44282  
10685.64027  
10739.74036  
10747.38837  
10765.06211  
10738.10191  
10716.49013  
10731.91176  
10681.50243  
10714.76403  
10714.439  
10695.70167  
10736.29176  
10726.51079  
10690.15067  
10747.61759  
10719.23252  
10701.44045  
10730.29396  
10775.99629  
10676.01043  
10705.01788  
10694.2698  
10688.35676  
