11497.89945  
11576.7074  
11558.75981  
11544.57621  
11506.05487  
11437.72646  
11461.2935  
11500.95667  
11539.44191  
11454.28444  
11476.04871  
11579.05672  
11600.67873  
11675.56101  
11612.31142  
11534.26416  
11566.88938  
11541.01693  
11740.19932  
11659.62681  
11514.03017  
11487.78971  
11534.81165  
11478.02271  
11460.21279  
11492.80825  
11612.23029  
11551.87022  
11490.81899  
11577.25271  
11553.01937  
11500.10221  
11638.61424  
11550.2406  
11522.6946  
11590.85341  
11654.58112  
11591.62681  
11645.98716  
11669.13949  
11607.40448  
11572.66111  
11516.63607  
11522.58124  
11553.4549  
11568.71143  
11477.18219  
11452.65377  
11442.91791  
11510.72422  
11573.08008  
11544.4117  
11607.83868  
11508.33099  
11392.70374  
11452.17261  
11437.57129  
11486.33494  
11448.52602  
11454.89093  
11515.46468  
11603.39838  
11558.16783  
11505.12667  
11625.44012  
11483.92769  
11534.61869  
11479.62522  
11515.07766  
11536.47369  
11465.36174  
11559.15997  
11554.02368  
11575.21476  
11619.51884  
11589.35209  
11463.48482  
11535.08364  
11468.33732  
11508.21057  
11505.64217  
11618.03135  
11513.8021  
11577.27004  
11439.61668  
11559.25637  
11674.36053  
11568.65407  
11482.90629  
11551.68907  
11548.37362  
11532.12248  
11635.05379  
11554.04942  
11507.02234  
11546.76619  
11458.54671  
11547.46167  
11540.35677  
11518.1663  
11540.09184  
11542.00767  
11595.69259  
11530.83352  
11555.32967  
11595.4726  
11566.08653  
11485.12795  
11503.09304  
11535.09774  
11595.53998  
11549.27759  
11497.91986  
11562.08071  
11521.96403  
11452.04181  
11535.95736  
11561.28874  
11515.2491  
11472.68319  
11499.8446  
11583.85128  
11575.49908  
11550.10024  
11564.54417  
11559.00893  
11479.23004  
11500.83618  
11578.31394  
11516.70227  
11606.56956  
11572.20532  
11518.69017  
11515.14636  
11552.50795  
11560.14441  
11570.72555  
11469.81024  
11581.61277  
11536.18577  
11638.63932  
11586.40163  
11556.05595  
11657.64779  
11562.23645  
11629.82017  
11520.54848  
11522.80058  
11556.09452  
11562.64801  
11463.47201  
11537.84436  
11489.53298  
11560.70935  
11557.57009  
11612.32729  
11475.1746  
11484.66372  
11537.4529  
11462.13127  
