11835.9148  
11961.04728  
11949.44462  
11964.13685  
11903.53292  
11879.25736  
11906.77257  
11911.52926  
12003.06338  
12008.11233  
12000.01397  
12015.85633  
12034.39625  
11992.67676  
11943.665  
11851.4279  
11853.71774  
11976.82813  
12110.79156  
11926.29702  
11917.84387  
11869.50025  
11774.42664  
11753.81847  
11800.26679  
11819.68706  
11919.08825  
12004.21403  
12009.00122  
11980.45669  
11906.94116  
11861.78794  
11947.90406  
11971.32851  
11961.66071  
12007.14097  
12048.85566  
12072.29727  
12102.78137  
12246.87349  
12036.79256  
11936.59304  
11909.61076  
11895.07503  
11857.24407  
11851.06746  
11938.21756  
11867.59369  
11890.12856  
11882.85543  
11881.97359  
11951.70389  
11950.08995  
11907.40991  
11883.01502  
11913.19663  
11917.73991  
11939.37325  
11934.6198  
11903.99671  
11925.56161  
12015.42699  
12038.82917  
11925.48366  
11887.99103  
11965.58642  
11960.5386  
11905.29026  
11879.55082  
11926.49805  
11903.30591  
11869.59344  
11900.50811  
11984.97856  
11989.39774  
11994.05843  
11893.50585  
11880.63115  
11800.72232  
11868.10227  
11926.27727  
11957.27138  
11940.97476  
11894.77702  
11879.9449  
12028.26744  
12120.68987  
12024.37897  
11912.69344  
11846.0605  
11904.00221  
11842.78372  
11876.44881  
11919.09231  
11851.94569  
11878.96407  
11897.98437  
11895.30609  
11912.08326  
11911.47485  
11916.09912  
11879.07449  
11900.10087  
11959.40799  
11923.99208  
11962.5005  
11939.301  
11859.55143  
11911.60806  
11935.99605  
11928.01235  
11961.17369  
11937.84199  
11874.71536  
11910.17426  
11989.51672  
11931.67813  
11956.85801  
11984.34333  
11962.02558  
11907.32797  
11908.89569  
11978.54139  
12021.77191  
12010.08365  
12003.92824  
11968.52236  
11943.52059  
11984.88081  
11998.85116  
12079.41338  
12091.37099  
12040.87407  
11894.32051  
11821.41433  
11868.85274  
11892.28129  
11801.64028  
11809.0601  
11904.37717  
11949.87868  
11979.74906  
11928.48458  
11982.77396  
11948.98943  
11889.49491  
11863.71252  
12000.39813  
12039.17187  
12086.81185  
11925.65544  
11869.17696  
11878.11346  
11995.19466  
11986.71489  
11957.06499  
11959.83778  
11878.63251  
11922.27719  
11825.92145  
