10891.50456  
10941.98836  
10991.85075  
11104.68014  
10970.98937  
10916.62462  
10996.14286  
11005.32189  
11024.35514  
10994.13227  
10971.57292  
10875.41309  
10974.45229  
10960.56513  
10930.91596  
10980.20628  
10926.90928  
11013.79431  
11007.07771  
10933.14736  
11010.85796  
10913.79374  
10957.90086  
10848.4438  
11054.07327  
10864.53029  
11064.89946  
11065.5937  
10967.74246  
10915.48361  
11037.93832  
10873.72249  
10944.93372  
11035.7629  
10983.85073  
10871.95382  
10893.40724  
10955.84795  
10994.23354  
11112.27541  
11090.29111  
11033.66434  
11015.31654  
11037.25912  
10979.88203  
10976.01421  
11056.84228  
10864.71982  
10854.98037  
10886.43798  
10924.77089  
11031.2635  
11062.46656  
10980.84547  
10845.61918  
10865.62682  
10940.8375  
10966.19561  
11009.9503  
10882.86404  
10906.952  
10947.45665  
11043.71328  
10943.04306  
10966.77719  
11095.31901  
11013.04083  
10906.18552  
10946.35823  
11017.51164  
10918.26748  
10911.5946  
11038.87434  
11065.23294  
10980.85826  
11082.87914  
10942.88844  
11000.69114  
10903.18634  
10913.79018  
10896.06537  
10917.46108  
10966.91718  
10929.50443  
10952.73297  
10997.37964  
11084.51068  
11018.43672  
10880.38396  
10936.87303  
11023.71753  
10875.14724  
10959.64739  
11096.17328  
10970.4042  
11052.45256  
10917.82872  
10881.44649  
10993.88109  
10895.57148  
10901.80555  
10989.48595  
11053.07024  
10953.17048  
10885.8223  
10911.44001  
11037.59994  
10841.82334  
10892.35657  
10942.55467  
11000.22634  
11008.88348  
10907.77503  
10872.04519  
10985.04275  
10977.84233  
10878.71095  
11006.92722  
11075.28454  
10989.81115  
10922.31139  
10940.42124  
11002.85432  
11042.66306  
11035.38989  
11079.40785  
11013.52143  
10886.17222  
10917.27778  
10926.01777  
11017.26933  
11086.7444  
10992.40554  
10872.22346  
10892.6692  
10927.1688  
10995.03189  
10853.40313  
10895.29965  
11074.86755  
11084.32329  
11026.16839  
11020.74235  
11008.41005  
10939.12448  
10880.40639  
10979.8153  
11035.31546  
10889.94554  
11022.9989  
10964.34554  
10928.8727  
11006.32633  
11120.93232  
10988.04969  
10980.05829  
11031.88786  
10854.71171  
10945.49776  
10847.72324  
