11751.15412  
11819.74363  
11811.70464  
11781.28259  
11754.11216  
11737.72018  
11725.6644  
11755.42184  
11791.74324  
11727.58771  
11729.29552  
11857.33964  
11880.67593  
11928.52073  
11846.74402  
11798.27497  
11823.15013  
11797.4386  
11992.02249  
11893.52232  
11742.4281  
11747.83654  
11797.39012  
11719.78768  
11716.15109  
11760.83348  
11862.52897  
11817.69886  
11761.29879  
11828.70401  
11778.90381  
11757.3836  
11892.47803  
11805.80544  
11783.32038  
11841.0385  
11890.18271  
11856.69116  
11895.49376  
11923.277  
11877.87047  
11813.11581  
11755.48022  
11772.35485  
11811.92495  
11815.14194  
11714.35024  
11699.33054  
11716.12478  
11772.20897  
11837.01827  
11817.33876  
11850.02587  
11777.5279  
11675.25194  
11765.79468  
11742.56167  
11745.41258  
11725.76529  
11734.71599  
11800.77079  
11848.8185  
11803.75095  
11754.02764  
11865.60872  
11768.30913  
11786.75661  
11761.79872  
11786.02593  
11773.26806  
11743.91866  
11834.82972  
11848.83659  
11810.54162  
11851.70909  
11833.07111  
11705.2473  
11770.95671  
11719.97778  
11762.5655  
11751.59791  
11850.14537  
11776.79284  
11814.87474  
11687.3583  
11814.08944  
11884.7962  
11802.97525  
11780.28919  
11787.5326  
11792.34632  
11787.16207  
11861.34286  
11796.97076  
11778.51175  
11802.45726  
11735.90817  
11823.76312  
11808.92556  
11766.79071  
11795.17966  
11801.8575  
11820.86947  
11772.02481  
11785.60627  
11844.49235  
11810.89261  
11748.50665  
11774.91527  
11800.65446  
11858.79586  
11811.71821  
11748.46515  
11802.47679  
11807.48975  
11728.27324  
11761.40102  
11806.15848  
11777.68331  
11762.32078  
11746.42228  
11854.50563  
11824.17101  
11806.62182  
11816.85504  
11800.82489  
11749.61957  
11752.19804  
11829.24736  
11784.07254  
11853.13581  
11815.80104  
11763.76621  
11758.25908  
11806.55361  
11807.53917  
11810.91707  
11726.11941  
11811.54714  
11832.19112  
11849.04424  
11825.42303  
11785.81374  
11917.46461  
11819.71547  
11887.35176  
11774.10817  
11782.48674  
11828.5194  
11820.49673  
11719.7729  
11812.33185  
11789.62774  
11792.45821  
11810.40644  
11832.46798  
11757.5165  
11746.71435  
11795.05244  
11732.70705  
