11105.51119  
11216.65281  
11180.01348  
11263.66453  
11171.09162  
11102.54249  
11084.90316  
11198.37687  
11109.98313  
11134.73374  
11185.1616  
11215.93681  
11085.11547  
11053.93563  
11142.78931  
11099.66327  
11061.40152  
11131.19606  
11192.69918  
11127.36053  
11096.94648  
11141.20928  
11242.32203  
11085.52566  
11076.14545  
11258.17415  
11266.38004  
11206.6621  
11123.96356  
11110.73606  
11145.93728  
11174.81928  
11190.36389  
11083.06944  
11057.04387  
11166.25475  
11124.98988  
11122.52112  
11338.4516  
11205.21737  
11324.85289  
11203.14809  
11080.51243  
11158.38395  
11057.73722  
11080.52091  
11064.77069  
11170.0739  
11204.50071  
11096.27674  
11082.89046  
11237.54055  
11210.32338  
11374.19907  
11219.83894  
11129.19596  
11088.88448  
11006.64094  
10971.04954  
11017.44701  
11064.91472  
11146.13002  
11128.37749  
11247.82169  
11122.19923  
11071.70308  
11081.55882  
11098.07865  
11310.90641  
11093.11706  
11051.42389  
11203.59749  
11237.11939  
11210.63378  
11136.67372  
11089.8739  
11154.94352  
11174.22961  
11203.42648  
11133.94673  
11170.95402  
11335.89619  
11325.51676  
11393.87498  
11214.02598  
11132.12981  
11284.41453  
11163.18788  
11129.14009  
11228.16898  
11258.68843  
11150.76919  
11173.61576  
11111.34594  
11067.79411  
11071.56905  
11066.42603  
11108.64362  
11063.98887  
11033.47752  
11103.15852  
11268.96008  
11225.16595  
11226.35514  
11131.54139  
10995.2774  
10938.73273  
11019.70767  
11168.55475  
11135.72075  
11011.0646  
10983.0553  
11003.71311  
11107.65122  
11214.14973  
11132.75082  
11065.86335  
11078.23684  
11085.99666  
11202.91878  
11257.36559  
11252.7138  
11270.18037  
11372.04218  
11401.09566  
11265.31147  
11265.07114  
11206.43279  
11118.13006  
11040.29104  
11080.16471  
11034.65311  
11040.56794  
11089.9322  
11136.63995  
11191.71238  
11143.64238  
11186.5173  
11092.59573  
11047.23325  
11074.4912  
11168.8502  
11195.31776  
11149.05422  
11096.51144  
11144.05938  
11124.95556  
11095.49687  
11120.25163  
11169.66117  
11198.89243  
11159.66456  
11107.22104  
11090.53559  
11143.72037  
11169.79763  
11105.94384  
11040.41262  
11305.12243  
11327.95135  
