10845.59944  
10765.43206  
10784.79063  
10783.15328  
10792.93036  
10787.78195  
10856.84073  
10757.2893  
10756.43625  
10836.97157  
10817.89602  
10856.10803  
10778.11142  
10753.56453  
10868.13411  
10833.13456  
10795.69423  
10791.92651  
10832.96865  
10741.54094  
10766.93835  
10780.75425  
10873.57402  
10785.99834  
10765.67492  
10804.85445  
10794.84905  
10789.61622  
10834.7124  
10853.87977  
10807.36295  
10802.11672  
10777.40526  
10794.71547  
10812.35856  
10797.54606  
10830.31961  
10768.26814  
10775.48531  
10775.0031  
10813.94748  
10839.23728  
10801.88095  
10768.30428  
10744.96178  
10723.07777  
10763.11932  
10888.21262  
10890.05064  
10789.75705  
10833.49636  
10803.65346  
10805.86786  
10926.21828  
10865.90671  
10876.76235  
10727.18803  
10779.79228  
10779.99357  
10760.15366  
10755.20414  
10839.78373  
10834.65638  
10806.89154  
10839.61906  
10747.24832  
10766.46955  
10834.21872  
10796.31287  
10779.08824  
10743.56731  
10789.62735  
10818.09181  
10831.11753  
10758.80631  
10847.76093  
10777.73082  
10803.17406  
10811.11332  
10825.76986  
10804.92638  
10869.0827  
10867.89165  
10924.17993  
10771.96727  
10712.21204  
10836.99106  
10792.06074  
10836.04008  
10797.21657  
10795.57216  
10800.47751  
10748.58336  
10767.29857  
10743.35655  
10807.94266  
10758.7797  
10811.05671  
10769.38433  
10802.70802  
10743.33519  
10818.38509  
10783.32036  
10831.75831  
10779.76968  
10806.72577  
10811.9422  
10772.42869  
10829.06817  
10799.46025  
10751.7246  
10760.37376  
10757.34625  
10719.37779  
10862.29446  
10803.86436  
10820.06272  
10750.13846  
10809.91838  
10765.80049  
10883.68967  
10903.64936  
10823.9383  
10809.3346  
10806.43958  
10829.55342  
10823.05771  
10813.50729  
10755.28597  
10759.13174  
10740.63385  
10817.1613  
10804.53208  
10805.33925  
10820.61709  
10764.57618  
10861.12598  
10781.27695  
10797.85191  
10760.85739  
10717.11173  
10805.15873  
10802.19454  
10878.89538  
10827.71628  
10742.63763  
10797.93798  
10882.46103  
10780.45563  
10759.44685  
10754.6981  
10780.25855  
10758.98987  
10818.01258  
10801.1638  
10777.30184  
10806.20366  
10820.04346  
10793.36386  
10909.25253  
