11025.09411  
11138.53814  
11223.22649  
11054.72798  
11221.68813  
11018.25361  
11142.02926  
11107.58474  
11121.8763  
11129.92693  
11173.60979  
11162.66358  
11130.853  
11076.26196  
11124.34055  
11082.77441  
11022.66065  
11084.5459  
11107.77424  
10922.53206  
11124.49805  
11127.53894  
11255.16564  
11132.21  
10949.84161  
11159.02484  
11216.61112  
11113.48725  
11210.23369  
11075.23768  
11138.76883  
11031.35669  
11097.32144  
11020.25094  
11035.64845  
11002.65529  
11078.43022  
11150.50343  
11219.47336  
11283.74531  
11195.1018  
11065.96741  
10982.64614  
11208.75036  
11054.05181  
11049.76256  
11050.4344  
11359.6941  
11126.08882  
11133.96089  
10939.86265  
11208.78142  
11173.12383  
11216.09701  
11262.714  
11014.22545  
11020.98977  
11029.08839  
11186.31543  
11128.07365  
11115.35855  
11124.94708  
11217.8377  
11011.31923  
11141.44249  
10999.10148  
11047.04888  
11080.02666  
11153.08799  
11065.50063  
11052.35252  
11125.05899  
11175.17772  
11104.86657  
11218.77698  
11065.23023  
11159.28713  
11210.04413  
11054.92448  
11194.84173  
11148.55453  
11119.86438  
11244.16288  
11307.27764  
10992.33714  
11038.226  
10967.29407  
10985.73006  
11188.59068  
11147.01407  
11095.01038  
11147.91367  
11087.53325  
11139.40932  
11008.32052  
11023.75483  
11130.97634  
11056.83414  
11149.01023  
11109.63295  
11043.77438  
11207.85083  
11172.65385  
11014.51629  
11165.00744  
11107.48254  
11062.78048  
11172.99765  
11104.60413  
11190.97579  
11138.84017  
11040.2488  
11096.04  
11089.15527  
11126.40904  
11140.60072  
11030.46757  
11050.25738  
11132.1134  
11039.72487  
11146.37719  
11336.15954  
11142.51792  
11090.21741  
11116.45917  
11288.42957  
11145.14153  
11069.41202  
11115.69276  
11016.10167  
11060.43805  
11023.31104  
10999.80124  
11150.76083  
11063.43412  
11130.49284  
11080.41096  
11049.8364  
11174.32105  
11006.54407  
11081.49729  
11095.07497  
11220.22541  
11084.36347  
11004.9295  
11044.75387  
10979.12795  
11025.70403  
11097.96462  
11115.60199  
11176.04998  
11220.08388  
11237.83962  
11114.72108  
11098.1543  
11119.18887  
11125.14715  
11103.16739  
11128.55659  
11219.78766  
