9791.890284  
9923.407908  
9948.641251  
9892.527675  
9832.902583  
9749.705391  
9924.15461  
9908.875479  
9974.459648  
10014.20729  
9976.614258  
9822.939914  
9893.063394  
9786.568709  
9819.668568  
9701.06882  
9774.853976  
9907.931733  
10006.91272  
9800.920125  
9835.507628  
9960.354566  
9982.386903  
9859.343243  
9734.709408  
9743.274534  
9997.639741  
9976.023087  
9869.485803  
9793.039809  
9885.465166  
9928.291099  
9846.963103  
9831.28804  
9780.34527  
9760.159511  
9807.498323  
9916.981261  
9978.779057  
9975.711205  
10031.17843  
9825.864396  
9824.623683  
9944.486162  
9855.297087  
9900.529472  
9862.707344  
10067.8977  
9870.720611  
9874.595722  
9785.674215  
9909.24403  
9928.596974  
9939.529693  
9989.008642  
9834.68411  
9756.42486  
9873.351194  
9913.495357  
9882.100733  
9885.195598  
9842.078622  
9944.767007  
9918.24052  
9997.395517  
9825.382877  
9834.67544  
9774.611715  
9903.822137  
9674.889833  
9942.2246  
9979.282365  
9987.0405  
10064.30788  
9861.793945  
9774.710329  
9934.567024  
10000.64417  
9959.157217  
9969.300311  
9859.500875  
9857.71793  
9962.297575  
9992.438329  
9747.306687  
9726.208948  
9750.562279  
9914.477622  
9931.760751  
9874.938044  
9878.948924  
9882.920161  
9824.568571  
9859.206294  
9831.562371  
9886.190872  
9877.308179  
9773.919056  
9849.090968  
9941.764409  
9860.478221  
10040.84255  
9872.425643  
9730.82772  
9834.693442  
9775.322275  
9798.127322  
9808.753593  
9834.295244  
9867.680231  
9870.385945  
9753.766823  
9774.008052  
9774.1188  
9848.68211  
9878.431982  
9796.23315  
9796.664099  
9862.838646  
9958.959841  
9898.763709  
10063.95108  
9931.881458  
9932.347546  
9921.559819  
9904.540057  
9917.563246  
9863.847122  
9849.116644  
9943.332971  
9862.339015  
9739.945699  
9775.221302  
9773.564435  
9881.802725  
9944.909465  
9855.108362  
9793.512336  
9871.223172  
9768.744131  
9798.258126  
9896.827591  
9957.239912  
9951.894365  
9810.900732  
9843.002349  
9791.479769  
9855.040454  
9903.420548  
9840.802854  
9836.411004  
9909.989912  
9955.714079  
9890.273309  
9937.327213  
9913.144716  
9841.184193  
9806.44675  
9975.698869  
9900.758015  
