10758.12952  
10712.78938  
10773.35987  
10734.54115  
10721.43415  
10677.00431  
10739.19522  
10737.78399  
10803.79725  
10725.51832  
10844.0783  
10646.73251  
10661.43799  
10721.94511  
10717.69461  
10681.3668  
10753.09804  
10671.58844  
10860.4824  
10656.99082  
10670.66176  
10786.52994  
10715.11807  
10710.43651  
10636.49732  
10773.6142  
10755.67193  
10724.03208  
10798.11948  
10684.5709  
10777.78486  
10723.73707  
10792.76796  
10636.64201  
10695.5914  
10752.36755  
10665.04879  
10756.61257  
10755.60611  
10768.16713  
10861.54095  
10703.60362  
10658.1677  
10796.51892  
10608.91713  
10754.64634  
10762.51279  
10798.24501  
10705.41837  
10722.01643  
10835.30823  
10831.90567  
10877.3533  
10729.60754  
10702.6549  
10666.83962  
10674.58351  
10592.67077  
10655.7683  
10740.74457  
10791.73341  
10669.09437  
10729.98711  
10749.70789  
10695.84566  
10729.01602  
10690.23993  
10628.01944  
10698.25898  
10684.65271  
10786.88635  
10810.63888  
10719.77951  
10791.3643  
10778.82521  
10650.97838  
10815.78987  
10772.84614  
10817.48609  
10760.62167  
10940.42979  
10738.95911  
10751.17978  
10925.3534  
10747.38175  
10711.25182  
10659.40171  
10615.25379  
10715.38563  
10764.83275  
10831.60204  
10674.59015  
10750.73049  
10630.42142  
10779.39223  
10648.28384  
10708.52535  
10675.48877  
10698.89946  
10645.45604  
10797.05686  
10747.92399  
10779.33363  
10670.96922  
10779.32041  
10701.98032  
10591.68036  
10698.36739  
10674.4036  
10777.9569  
10629.67752  
10737.70321  
10673.25152  
10663.79079  
10705.91832  
10776.06272  
10635.73353  
10768.6276  
10650.12028  
10662.78154  
10960.24602  
10814.47424  
10675.20016  
10721.26824  
10820.22897  
10739.41611  
10807.11385  
10703.80762  
10658.24378  
10601.61646  
10751.10853  
10648.53094  
10683.40816  
10700.64999  
10697.51932  
10857.66519  
10715.29878  
10738.69706  
10626.72336  
10641.72648  
10712.18926  
10649.46078  
10746.55038  
10731.56314  
10619.70589  
10728.47116  
10668.59398  
10647.71121  
10800.29507  
10844.45327  
10745.24118  
10676.61467  
10645.93293  
10673.03364  
10712.24435  
10822.54055  
10817.2764  
10708.2521  
10906.23452  
10772.76476  
