11136.30722  
11094.71554  
11224.92642  
11192.29237  
11244.14893  
11058.54188  
11218.46843  
11144.00539  
11186.90101  
11282.27922  
11211.20622  
11125.70992  
11109.78587  
11114.67757  
11191.90775  
11127.18564  
11091.83376  
11184.50661  
11297.69327  
11129.50901  
11109.81708  
11231.59824  
11229.22474  
11133.92728  
11069.65751  
11064.21019  
11276.36291  
11220.24752  
11199.79426  
11138.1537  
11238.37113  
11240.74125  
11114.68637  
11062.3938  
11109.3766  
11189.024  
11102.20468  
11132.55121  
11178.12731  
11225.86251  
11299.18665  
11125.81423  
11097.4562  
11208.75605  
11123.12098  
11166.42043  
11183.78348  
11308.10725  
11270.20168  
11190.91192  
11133.85827  
11188.16972  
11193.4917  
11223.8245  
11226.93081  
11125.65319  
11072.2562  
11110.86865  
11112.34589  
11135.46913  
11199.2835  
11140.92522  
11237.09238  
11246.44368  
11233.09598  
11164.15032  
11130.43098  
11112.72634  
11160.28397  
10957.72202  
11210.98188  
11166.27659  
11214.69064  
11254.42415  
11172.68572  
11113.16891  
11206.75501  
11239.18583  
11281.35676  
11197.21424  
11222.55082  
11158.7814  
11208.09583  
11289.3276  
11112.3707  
11065.49393  
11037.55561  
11183.77453  
11223.73678  
11207.39335  
11182.17233  
11150.70711  
11145.294  
11110.53733  
11118.27425  
11121.33128  
11226.56383  
11092.56395  
11104.52092  
11092.28546  
11179.61161  
11297.61328  
11242.89932  
11080.22418  
11202.31177  
11129.20264  
11119.59371  
11171.04873  
11136.90422  
11168.15407  
11164.43942  
11063.76606  
11117.21558  
11153.73518  
11129.71469  
11197.70115  
11104.14603  
11106.50423  
11115.86368  
11270.1038  
11182.13225  
11304.31248  
11211.62652  
11209.71113  
11197.14423  
11185.41273  
11115.52332  
11169.97765  
11165.09871  
11168.92567  
11190.02032  
11097.38368  
11072.34321  
11101.28463  
11131.17736  
11295.72788  
11143.60936  
11122.18465  
11093.2685  
11083.54184  
11091.04644  
11136.59976  
11195.66295  
11198.98704  
11135.23526  
11135.81015  
11228.36353  
11158.18515  
11192.27188  
11123.98173  
11175.98667  
11226.20803  
11190.50069  
11125.82431  
11120.9979  
11206.07489  
11161.88101  
11093.7442  
11222.66617  
11319.03452  
