11108.35448  
11055.0348  
11020.43179  
11060.86161  
10963.86279  
10977.87784  
11011.50078  
10923.11004  
10957.56682  
10981.90869  
10994.60359  
10902.76391  
11014.27738  
10972.09036  
10967.95885  
11103.40243  
10908.10737  
11009.83334  
11023.09611  
11009.86611  
11003.83493  
10975.88688  
10971.59622  
10896.71899  
11040.22657  
11003.56901  
10942.98  
11073.01117  
11002.86512  
10934.60371  
11011.84014  
11093.48854  
11049.20564  
10985.6728  
11020.02163  
10906.54049  
10956.45646  
11028.71215  
10943.40082  
10908.32564  
10968.706  
11143.15366  
11004.73208  
11157.7486  
11013.50508  
11040.6632  
10988.9816  
11011.12296  
11162.01883  
10995.92029  
10982.02424  
10956.95446  
10966.88277  
11018.45934  
10966.71233  
10967.1415  
11014.13666  
10963.19057  
11101.58628  
11023.94941  
10948.2032  
11060.40167  
10999.56341  
11023.94693  
11066.50328  
11023.81371  
10983.44505  
10901.33871  
10907.48642  
11017.83848  
10945.23362  
11070.73267  
10983.5685  
11049.86298  
10958.36605  
11080.03879  
10984.88534  
10870.3239  
10990.2118  
10948.74924  
11016.74146  
10873.24551  
10909.87838  
10916.47622  
10921.73982  
10918.77283  
10944.48586  
11016.17666  
10961.59136  
10977.29046  
10999.8385  
11085.39086  
11097.28335  
10943.053  
10967.87901  
10992.53089  
10969.63902  
11025.43497  
10968.83294  
11007.72411  
11085.26029  
10949.7863  
11003.47958  
11085.1073  
10939.60433  
11001.42894  
10902.44632  
10994.33386  
11049.94438  
11067.7078  
11049.70018  
11001.48885  
11169.44654  
10935.25221  
10968.91706  
10978.19653  
10976.58424  
10986.18617  
11056.5397  
10997.78247  
10979.98625  
11000.34067  
11108.7076  
11062.53609  
11070.39814  
11046.62614  
11051.54358  
10945.02876  
10918.22336  
10987.22576  
10940.79576  
10942.37241  
11010.43219  
10999.83626  
11118.00322  
11103.84081  
10954.40827  
11028.01031  
11008.584  
10950.836  
11062.59296  
11083.88959  
10998.14787  
10986.92709  
10894.39848  
10984.72663  
10956.58483  
11020.88043  
10967.88399  
10986.09685  
11097.1777  
11010.86182  
11025.17259  
10993.38395  
11004.22723  
10947.12564  
10926.33676  
10977.69923  
11038.00953  
10980.57054  
