10738.18718  
10713.22009  
10735.65715  
10769.42806  
10811.31544  
10772.1287  
10766.86534  
10732.84814  
10679.62395  
10737.31686  
10711.27906  
10707.88785  
10691.51563  
10743.39183  
10757.19709  
10732.0402  
10724.18907  
10744.75018  
10750.26582  
10762.19945  
10718.04126  
10749.28741  
10700.54585  
10705.53855  
10726.79951  
10685.80013  
10715.80045  
10709.64252  
10744.37871  
10740.37035  
10742.04748  
10725.38712  
10747.14395  
10773.68086  
10776.69411  
10706.44667  
10778.59014  
10778.86308  
10723.33159  
10735.95027  
10763.1599  
10860.00585  
10725.58337  
10715.79614  
10713.55843  
10691.71477  
10695.60428  
10701.64416  
10805.19831  
10740.48763  
10789.05786  
10711.7896  
10719.98375  
10713.0566  
10700.09344  
10691.38586  
10691.40702  
10716.89369  
10766.05106  
10813.52247  
10737.87791  
10717.52542  
10719.64454  
10669.94354  
10686.10006  
10719.97817  
10714.4853  
10710.08591  
10742.58594  
10727.55958  
10756.6314  
10753.11795  
10767.38036  
10763.76687  
10761.74532  
10758.36482  
10720.10658  
10770.8114  
10728.43308  
10753.99641  
10746.17406  
10733.03358  
10682.24562  
10792.07203  
10718.03036  
10765.74221  
10770.32904  
10737.3019  
10761.94981  
10737.58837  
10745.87672  
10745.59118  
10706.12572  
10729.37159  
10688.91452  
10714.83371  
10770.35944  
10754.71331  
10802.55883  
10826.18681  
10812.28696  
10776.71709  
10787.19349  
10761.6403  
10724.74451  
10739.12747  
10731.85264  
10762.1513  
10812.69681  
10823.3725  
10776.32835  
10770.56327  
10763.94328  
10733.5462  
10683.44234  
10716.11369  
10700.33918  
10723.84149  
10736.14238  
10736.92447  
10732.30741  
10715.98863  
10744.03464  
10796.36605  
10738.79831  
10719.70113  
10720.87495  
10735.11749  
10738.27223  
10711.80027  
10685.82388  
10744.23198  
10725.27069  
10740.02182  
10716.01269  
10708.62192  
10740.73278  
10709.62374  
10716.73043  
10702.03836  
10768.07703  
10787.32016  
10749.89625  
10742.33223  
10726.91467  
10710.21956  
10709.03909  
10683.68028  
10728.37185  
10717.95565  
10745.71052  
10742.28708  
10783.48821  
10784.72748  
10752.26518  
10788.27849  
10737.71157  
10741.74581  
10712.3646  
10725.8442  
