11273.91176  
11153.06838  
11170.50401  
11170.24676  
11193.71464  
11193.63999  
11180.69891  
11170.21951  
11154.86881  
11076.08099  
11195.81803  
11113.29067  
11168.32026  
11135.8218  
11168.9647  
11199.7482  
11128.2588  
11270.30894  
11126.05593  
11162.48867  
11246.12551  
11127.44341  
11283.87372  
11062.82274  
11142.05898  
11246.93499  
11075.90347  
11251.43708  
11126.03111  
11088.3101  
11145.08962  
11210.71293  
11285.43222  
11087.53728  
11153.71166  
11158.40312  
11134.68719  
11199.1756  
11120.96142  
11088.41777  
11124.5611  
11151.77793  
11302.35124  
11337.49079  
11158.58289  
11197.86875  
11265.11479  
11182.66897  
11170.25663  
11132.25253  
11184.84704  
11155.81184  
11099.79395  
11246.00821  
11272.98083  
11190.48108  
11148.99151  
11133.39906  
11107.24364  
11118.57054  
11137.9871  
11201.16371  
11331.17603  
11147.25017  
11276.93886  
11264.06181  
11185.46567  
11085.28712  
11124.97974  
11254.0551  
11130.82889  
11210.00287  
11115.16391  
11247.88769  
11067.17136  
11200.82819  
11261.50039  
11101.48534  
11198.90426  
11084.13662  
11164.87385  
11019.77542  
11166.91733  
11114.0891  
11201.94271  
11115.99489  
11151.25962  
11214.36069  
11083.08362  
11227.09828  
11227.93604  
11167.35721  
11261.28553  
11120.8429  
11217.63451  
11166.5158  
11109.97401  
11238.97015  
11152.15431  
11168.24978  
11202.73631  
11161.21369  
11138.59743  
11162.24315  
11182.23378  
11151.11797  
11065.75072  
11274.97415  
11159.656  
11169.8165  
11310.21189  
11177.2825  
11212.62892  
11107.94001  
11156.39584  
11098.62047  
11212.01541  
11202.26946  
11281.47261  
11214.68836  
11158.51878  
11215.59683  
11198.07582  
11139.97608  
11230.87555  
11158.73537  
11155.95578  
11135.83341  
11077.23289  
11188.74059  
11181.13828  
11102.6832  
11166.32804  
11121.59437  
11220.6806  
11273.015  
11081.22152  
11253.24129  
11123.89656  
11144.77672  
11219.4122  
11382.33619  
11168.70639  
11212.43336  
11096.1365  
11204.82684  
11045.42861  
11206.0389  
11036.4599  
11145.83514  
11250.2386  
11091.48405  
11167.48022  
11239.39102  
11227.09586  
11113.54645  
11120.37973  
11147.69764  
11246.64907  
11189.99143  
