11249.51749  
11243.20796  
11240.07589  
11264.04015  
11210.21309  
11252.33548  
11333.90237  
11204.5181  
11214.89839  
11144.63303  
11147.86853  
11222.94076  
11218.54572  
11212.95007  
11247.61463  
11216.36638  
11249.8972  
11324.44733  
11244.50165  
11316.8574  
11297.69887  
11205.03641  
11252.86437  
11185.56534  
11206.67072  
11241.25378  
11238.98155  
11329.8071  
11221.92784  
11202.27311  
11274.29618  
11258.51973  
11274.75467  
11168.60308  
11174.01604  
11208.17615  
11218.6431  
11220.13563  
11201.23008  
11203.97574  
11223.31029  
11174.97357  
11301.94449  
11191.67142  
11232.53759  
11263.27391  
11221.13537  
11184.00417  
11153.6559  
11319.16725  
11170.44698  
11223.1924  
11166.32509  
11261.04178  
11209.55282  
11217.10321  
11223.08639  
11217.86411  
11211.02066  
11302.43837  
11287.69865  
11275.15169  
11226.23168  
11246.32676  
11325.80749  
11291.66545  
11281.42092  
11192.04345  
11229.11662  
11271.64863  
11194.93956  
11246.3105  
11251.735  
11262.50163  
11262.30195  
11259.86773  
11257.74959  
11238.94831  
11284.77146  
11204.86239  
11232.58162  
11132.90981  
11199.70942  
11224.33713  
11203.46291  
11278.4008  
11235.60612  
11270.34  
11195.71024  
11204.71686  
11310.58911  
11311.68681  
11331.0819  
11198.01693  
11232.48611  
11281.40779  
11199.22159  
11278.71152  
11241.19653  
11249.80132  
11259.12059  
11234.0191  
11182.65911  
11263.12448  
11227.84818  
11243.3584  
11188.82721  
11230.95901  
11224.14813  
11237.5299  
11278.14559  
11231.93296  
11304.35326  
11317.15775  
11138.44609  
11268.56439  
11192.46029  
11262.28711  
11298.27201  
11240.76667  
11209.54998  
11278.70768  
11228.40089  
11318.07975  
11213.6252  
11303.53724  
11280.21871  
11264.26113  
11240.75135  
11302.15024  
11209.54158  
11273.4576  
11243.08242  
11278.00241  
11286.43665  
11292.54842  
11181.3533  
11253.02007  
11205.81988  
11228.6094  
11263.55627  
11292.24436  
11202.52906  
11210.85677  
11200.25888  
11241.30145  
11223.64965  
11241.44692  
11183.23134  
11202.32337  
11309.03207  
11217.51387  
11219.64494  
11226.45879  
11267.68318  
11230.25193  
11182.70239  
11215.24763  
11285.70521  
11213.80727  
