11124.3746  
11152.62996  
11117.19266  
11110.22358  
11181.68094  
11157.21057  
11147.32704  
11174.64954  
11086.47381  
11068.60892  
11120.62672  
11081.44107  
11133.64446  
11117.99303  
11108.36903  
11141.97192  
11115.3692  
11121.0308  
11121.67535  
11172.17678  
11120.62732  
11110.5849  
11157.36842  
11086.88844  
11132.11534  
11085.01112  
11114.23709  
11147.83077  
11127.46486  
11123.3282  
11169.68648  
11150.14052  
11131.01397  
11087.52349  
11122.26532  
11077.7239  
11099.07951  
11144.20343  
11068.00002  
11097.15984  
11095.39203  
11068.33137  
11230.31398  
11123.64986  
11149.27321  
11091.6811  
11124.58344  
11127.29067  
11060.41287  
11154.67489  
11062.69427  
11159.25875  
11069.76219  
11142.33157  
11141.66153  
11111.44495  
11080.14243  
11075.7438  
11070.55988  
11148.54781  
11194.26534  
11185.55261  
11132.34812  
11107.88948  
11130.61025  
11143.14655  
11113.12316  
11086.61575  
11160.39918  
11150.53526  
11098.50129  
11126.96509  
11159.76649  
11215.53723  
11122.37899  
11173.49416  
11151.36431  
11145.86765  
11105.15036  
11132.77341  
11164.29283  
11054.42063  
11079.8135  
11061.61762  
11111.85798  
11091.79235  
11138.93616  
11115.59109  
11092.80168  
11137.26927  
11117.97593  
11142.72614  
11155.00921  
11135.08014  
11096.17629  
11097.24858  
11125.5532  
11166.15406  
11110.50898  
11126.50949  
11194.26782  
11093.06451  
11081.68128  
11156.10993  
11130.361  
11156.94197  
11084.55849  
11180.12971  
11115.06703  
11185.23737  
11192.31309  
11128.53214  
11193.16145  
11204.54103  
11073.80606  
11078.18688  
11150.64951  
11108.42373  
11152.32633  
11135.94323  
11109.08463  
11105.06806  
11171.02176  
11170.19006  
11160.07971  
11134.57379  
11118.15388  
11135.05563  
11107.86228  
11149.62586  
11126.77562  
11120.06409  
11155.57612  
11095.01577  
11132.71773  
11157.06775  
11121.99364  
11125.32443  
11101.54872  
11156.90638  
11114.78239  
11182.41446  
11119.64238  
11088.02335  
11139.46339  
11114.37525  
11092.05876  
11132.42187  
11086.12591  
11122.09009  
11143.93832  
11105.99685  
11141.52457  
11179.13068  
11114.97822  
11082.09409  
11126.78283  
11097.34632  
11141.49473  
11160.40683  
