10735.96775  
10816.70504  
10726.28839  
10716.97044  
10818.86039  
10735.41888  
10733.45276  
10808.03676  
10667.68471  
10659.48297  
10698.53849  
10671.18772  
10707.40413  
10800.53615  
10714.88711  
10708.57062  
10700.32035  
10730.51961  
10789.61625  
10770.41455  
10714.00287  
10728.57353  
10702.59025  
10684.81529  
10751.84145  
10711.79368  
10729.57721  
10713.01233  
10737.75151  
10716.14691  
10788.69686  
10739.34186  
10763.88574  
10693.76809  
10786.10297  
10664.12653  
10713.40798  
10809.48751  
10687.21248  
10709.24872  
10688.51522  
10634.27651  
10862.68144  
10760.31472  
10797.41569  
10727.84074  
10802.49223  
10784.95542  
10667.84513  
10781.7196  
10668.41648  
10831.7488  
10630.64264  
10719.78721  
10719.72491  
10683.22957  
10696.15544  
10691.17137  
10682.0481  
10832.9361  
10762.22807  
10737.45024  
10711.35822  
10726.7687  
10767.9778  
10744.95791  
10689.27327  
10703.54238  
10767.07711  
10692.05493  
10710.85836  
10714.91064  
10789.50317  
10761.0918  
10735.34359  
10763.30432  
10676.74052  
10684.16125  
10688.14866  
10719.20713  
10772.18848  
10642.68441  
10668.33508  
10709.68172  
10628.22788  
10742.96073  
10773.90631  
10703.51774  
10740.61477  
10717.44812  
10732.99882  
10720.99054  
10788.32987  
10769.63792  
10682.20789  
10720.99286  
10724.14463  
10770.08742  
10701.12616  
10764.52244  
10811.62048  
10679.21173  
10718.10347  
10799.70815  
10719.57271  
10756.2512  
10681.69991  
10832.93599  
10753.7925  
10789.52165  
10726.91538  
10711.90861  
10773.14864  
10812.00496  
10653.85799  
10730.58606  
10784.08559  
10685.88599  
10749.64856  
10766.38877  
10683.39545  
10717.98269  
10770.84552  
10795.19006  
10734.17767  
10731.47292  
10761.54403  
10772.21948  
10712.16005  
10739.01835  
10791.3127  
10705.62211  
10709.08362  
10769.88536  
10750.07371  
10772.70707  
10712.63881  
10707.49323  
10750.93616  
10747.98676  
10693.84322  
10800.1616  
10749.09174  
10699.43744  
10737.47091  
10718.62718  
10752.14874  
10719.85797  
10642.39683  
10716.17069  
10745.24097  
10716.50303  
10823.88104  
10795.53172  
10693.74089  
10715.04991  
10738.79917  
10676.22652  
10720.94248  
10763.78414  
