11296.06706  
11245.68728  
11281.6037  
11290.52086  
11278.59944  
11279.43815  
11256.90497  
11296.58945  
11176.29941  
11146.51579  
11244.28483  
11193.06336  
11295.15759  
11202.06553  
11235.88922  
11338.39674  
11204.32658  
11176.29884  
11210.48969  
11301.43452  
11270.31421  
11229.19351  
11258.77839  
11195.02425  
11289.91515  
11169.30841  
11255.56927  
11233.67076  
11270.22776  
11302.26096  
11333.13206  
11342.06894  
11183.65146  
11248.19094  
11270.96715  
11186.06285  
11235.30336  
11315.66703  
11195.65384  
11228.70629  
11237.58767  
11224.42151  
11381.97947  
11191.29709  
11347.92188  
11241.65666  
11215.74375  
11331.97432  
11211.2796  
11280.18329  
11153.73363  
11332.05345  
11207.39094  
11196.46497  
11203.56353  
11214.53089  
11217.50239  
11159.71017  
11182.95113  
11264.69993  
11301.9906  
11370.77363  
11241.95126  
11297.17149  
11163.11632  
11212.78986  
11278.05508  
11203.05893  
11333.67399  
11264.57459  
11209.67791  
11320.7195  
11296.42475  
11392.4065  
11209.65836  
11315.09515  
11237.16245  
11256.49406  
11198.93762  
11201.72028  
11291.12663  
11136.13859  
11144.80493  
11170.48396  
11190.09051  
11134.52287  
11298.96931  
11262.86684  
11171.07443  
11293.07517  
11280.13998  
11222.69355  
11204.47732  
11288.56006  
11187.45986  
11225.70563  
11250.16005  
11331.41097  
11233.28192  
11246.20465  
11388.45971  
11196.25592  
11156.4588  
11310.25637  
11228.19135  
11295.39172  
11141.07224  
11281.12705  
11282.99132  
11345.35581  
11280.76912  
11263.42926  
11286.55053  
11284.35027  
11145.89822  
11154.03578  
11290.8597  
11205.61434  
11222.48147  
11232.45224  
11283.46617  
11202.97075  
11280.20778  
11324.51947  
11316.08934  
11234.84433  
11223.52825  
11226.08402  
11207.17747  
11233.04016  
11184.41121  
11235.20137  
11332.87938  
11215.88819  
11241.81445  
11289.80343  
11274.06419  
11273.49389  
11199.13836  
11316.25464  
11276.40048  
11289.13245  
11317.14878  
11179.43249  
11299.42951  
11233.95424  
11170.8657  
11246.67003  
11190.40558  
11274.46069  
11250.83853  
11238.87353  
11288.83061  
11358.44241  
11245.60387  
11154.25905  
11238.60663  
11259.97055  
11239.01739  
11248.56215  
