11163.39062  
11152.5656  
11146.89862  
11161.3998  
11165.05773  
11201.22332  
11219.95356  
11171.69382  
11146.11896  
11082.64654  
11120.33794  
11141.76204  
11156.02328  
11092.33982  
11167.85579  
11155.45979  
11145.42546  
11173.82537  
11140.78881  
11202.66015  
11184.10308  
11104.96694  
11180.44855  
11126.49081  
11145.92472  
11126.7512  
11143.21009  
11193.72228  
11158.12531  
11143.69745  
11180.875  
11194.56767  
11178.32743  
11110.57641  
11107.85966  
11123.10595  
11109.12976  
11135.03946  
11110.12088  
11133.68607  
11132.37839  
11098.61168  
11236.17837  
11136.32448  
11166.79048  
11144.06432  
11137.9069  
11139.16679  
11085.00275  
11185.96785  
11087.22819  
11167.61215  
11099.21936  
11161.49207  
11139.08099  
11134.19257  
11119.65828  
11101.72543  
11100.29036  
11166.29487  
11224.00424  
11223.97226  
11152.48156  
11142.72022  
11165.86668  
11198.57556  
11167.99138  
11125.88502  
11162.72078  
11205.77732  
11125.83551  
11165.44651  
11184.87528  
11231.78339  
11160.43055  
11184.03629  
11211.69793  
11180.22797  
11163.80831  
11166.72483  
11164.87258  
11085.09068  
11112.62293  
11076.70993  
11144.53344  
11138.46236  
11146.91356  
11173.79713  
11106.57338  
11135.82377  
11185.10097  
11191.33175  
11176.07726  
11143.69068  
11142.78675  
11148.10187  
11101.53292  
11187.24063  
11159.78419  
11148.74698  
11185.92289  
11139.76403  
11107.94348  
11162.77645  
11159.4967  
11166.28244  
11113.23039  
11154.24235  
11135.01225  
11192.81683  
11230.5289  
11171.40008  
11200.54511  
11236.15197  
11101.13333  
11120.88631  
11142.66432  
11160.09541  
11206.118  
11166.32073  
11138.62999  
11158.06239  
11192.87133  
11196.1815  
11162.43361  
11178.70282  
11141.74021  
11151.23831  
11154.9464  
11204.07674  
11131.19709  
11158.40478  
11200.00296  
11145.92818  
11186.90611  
11204.42377  
11139.93514  
11171.3587  
11120.20537  
11176.74406  
11151.82104  
11224.24869  
11158.22566  
11147.61098  
11160.6205  
11165.72597  
11105.28736  
11146.14782  
11110.04395  
11104.35731  
11156.33025  
11140.46132  
11124.51166  
11176.30853  
11169.87231  
11123.52147  
11140.65509  
11137.36884  
11193.59415  
11177.78051  
