12516.68429  
12531.98347  
12525.4717  
12619.33618  
12550.84874  
12491.49557  
12469.85895  
12458.6041  
12492.32817  
12649.70784  
12534.75537  
12497.16816  
12482.66527  
12527.69927  
12573.35616  
12536.76023  
12498.21334  
12466.93372  
12513.94151  
12526.81686  
12538.00893  
12501.87309  
12546.01869  
12504.53663  
12399.08721  
12394.53782  
12558.22319  
12638.90375  
12553.8572  
12473.15054  
12508.06125  
12585.44837  
12655.61402  
12663.04124  
12615.57811  
12475.74117  
12503.99763  
12494.05975  
12492.07986  
12559.98455  
12573.37121  
12533.00397  
12402.42221  
12381.28158  
12522.49046  
12488.1089  
12571.01004  
12595.30597  
12532.84453  
12435.31336  
12459.84927  
12464.26444  
12396.45968  
12506.04295  
12562.31664  
12463.18403  
12612.95934  
12595.82052  
12666.42264  
12504.37921  
12401.26318  
12611.20611  
12617.8755  
12635.34543  
12757.33339  
12675.00486  
12616.92712  
12577.21479  
12536.52811  
12509.86796  
12405.27879  
12435.69523  
12530.72041  
12458.5594  
12381.7826  
12416.34789  
12514.51596  
12539.80696  
12425.24695  
12487.08258  
12543.99845  
12456.83347  
12388.83627  
12401.42821  
12513.36549  
12713.5884  
12602.26193  
12522.28509  
12437.7213  
12413.01163  
12390.44818  
12479.59874  
12505.49883  
12453.28151  
12506.27304  
12613.07714  
12609.25363  
12607.58665  
12556.44031  
12500.34734  
12576.27105  
12563.82743  
12504.02272  
12599.13748  
12689.75811  
12643.10825  
12677.4005  
12518.4466  
12448.31475  
12518.09456  
12533.62295  
12502.23933  
12515.63681  
12483.0289  
12603.28038  
12628.84946  
12667.97906  
12664.55058  
12708.63059  
12624.07667  
12619.01511  
12545.85915  
12635.07582  
12499.20148  
12423.39666  
12371.20119  
12346.97282  
12349.10422  
12436.59881  
12453.08553  
12411.8287  
12655.37786  
12566.09512  
12571.04056  
12384.7407  
12472.33764  
12455.09966  
12547.18301  
12670.2517  
12580.91531  
12471.97321  
12440.19461  
12363.4292  
12405.49647  
12446.93302  
12453.00234  
12529.01966  
12515.28723  
12615.13998  
12756.10366  
12611.99656  
12618.70251  
12530.15261  
12465.7546  
12464.17646  
12547.79241  
12565.94996  
12579.57394  
12507.16728  
12495.22309  
