11001.17341  
11141.11461  
11095.77347  
10930.49787  
11017.75963  
11082.16863  
11078.57057  
11174.01055  
11162.20014  
11180.37158  
11042.52694  
10955.96851  
10957.35156  
11001.16049  
11068.85299  
11069.29837  
10992.93909  
10900.88306  
10969.73052  
11121.45721  
11114.93844  
10839.83411  
10985.05062  
11065.08608  
11127.30617  
11144.69714  
10978.48772  
10961.67315  
11081.19847  
11045.37796  
11009.35458  
10952.90097  
11049.73083  
10976.67864  
11018.51676  
10991.26501  
10893.56055  
10930.31592  
11009.36752  
10893.25005  
11076.1246  
11084.65285  
11122.3875  
11017.58939  
11112.86321  
11071.71976  
11130.44385  
10953.28557  
10972.58125  
11110.97691  
11017.65592  
11052.30357  
11178.85733  
11018.87748  
11080.0907  
11025.79184  
10905.01669  
11068.06362  
11013.18715  
11058.02761  
11076.40158  
11133.91912  
11112.97236  
11120.14549  
11224.56185  
11006.96361  
11258.9943  
11066.42758  
10995.2341  
11025.91495  
11059.33017  
10916.96127  
11007.12129  
11049.78638  
11006.83161  
10940.84316  
10955.33207  
11003.54754  
11114.09614  
10984.5184  
11055.43351  
11050.50328  
10932.78381  
11000.63302  
11114.87254  
10984.54353  
11020.83198  
10995.8087  
10982.77093  
11111.17969  
10992.19939  
10964.49801  
11037.54063  
10949.08813  
10942.46767  
11051.72974  
11164.97107  
11229.4646  
11126.8754  
10932.31437  
11013.96502  
11173.66507  
11226.12798  
11082.32075  
11139.91886  
11071.88733  
11003.75303  
11101.07171  
10975.04405  
11015.50807  
11040.35751  
10959.3747  
11076.19467  
11089.43877  
11139.08848  
11107.06491  
11213.63637  
11186.33925  
11039.40219  
11025.26981  
11149.4037  
11035.73373  
11073.73115  
11007.74855  
11041.63361  
11046.14479  
11072.16063  
10987.59108  
10971.37425  
11076.74301  
11014.88679  
10972.94463  
11059.36032  
11131.08801  
11054.20312  
11087.56686  
11111.3136  
10881.22011  
11068.7591  
11066.56827  
11019.36623  
11000.4368  
10978.55924  
11009.01355  
11012.13796  
11019.78498  
10976.16211  
11068.94113  
11280.96284  
11245.50155  
11168.28033  
10985.56447  
10938.22545  
10953.51988  
11079.43358  
11087.87624  
10997.05552  
10974.01388  
11035.16037  
11011.48319  
