10924.94296  
10964.52672  
10863.71112  
10975.69197  
10926.43416  
10904.1725  
10893.69988  
10954.08293  
10933.69665  
10990.68856  
10956.99311  
10840.79511  
10823.94216  
10876.1429  
10930.37668  
10837.53127  
10804.64616  
10762.99274  
10874.48552  
10903.2636  
10929.43235  
10781.98874  
10841.98344  
10917.26178  
10914.61619  
10932.70576  
10896.05317  
10951.44707  
10911.46796  
10909.11761  
10882.06586  
10940.62836  
10957.72744  
10900.42131  
10900.71034  
10851.91178  
10803.78612  
10902.20637  
10934.98057  
10889.88949  
11004.41731  
10974.37575  
10924.37571  
10857.52915  
10917.94001  
10863.08578  
10939.72873  
10801.52374  
10877.68909  
10974.35175  
10844.41916  
10958.84574  
10965.55827  
10998.66337  
10953.18331  
10883.17731  
10840.29015  
10948.01777  
10842.22434  
10956.12992  
10818.40063  
10940.36282  
10872.8016  
10846.7243  
10941.12741  
10915.14024  
10977.58298  
10909.69815  
10871.52534  
10879.34413  
10872.32358  
10813.25207  
10885.37958  
10915.70759  
10915.6305  
10831.75919  
10883.67599  
10889.0518  
10882.44749  
10860.74879  
10968.07506  
10885.28931  
10870.05698  
10930.28095  
10936.29725  
10906.7842  
10829.03778  
10858.19901  
10867.85756  
10917.07962  
10838.91285  
10875.48328  
10993.1027  
10874.15425  
10829.56096  
10955.06102  
10987.22827  
10952.17711  
10939.95855  
10789.95805  
10887.16846  
10988.70554  
10921.47874  
10929.80748  
10997.03513  
10874.2093  
10888.74835  
10902.53742  
10796.74479  
10850.84068  
10942.80476  
10779.44879  
10888.19922  
10872.88657  
11078.04585  
10962.26834  
10964.19773  
10822.19119  
10895.36326  
10979.88555  
11000.50967  
10941.76078  
10954.37885  
10857.19624  
10802.81263  
10856.31887  
10864.97117  
10840.38441  
10881.21242  
10938.03731  
10861.87639  
10949.0008  
10919.54643  
10860.24721  
10935.82628  
10922.61528  
10968.82115  
10871.54645  
10849.033  
10908.69527  
10820.95391  
10825.2889  
10851.60276  
10846.77109  
10822.88434  
10879.06086  
10916.70634  
10782.55941  
10908.82258  
11116.62528  
11049.78833  
10969.57173  
10857.65707  
10814.94805  
10987.95558  
10965.30113  
10981.16625  
10860.16613  
10835.66424  
10859.13217  
