11273.15676  
11283.91419  
11211.43218  
11280.70404  
11250.76043  
11286.90285  
11319.3289  
11255.24683  
11297.19021  
11319.70615  
11332.21495  
11284.43006  
11279.85717  
11317.31677  
11310.43117  
11219.07848  
11234.05232  
11236.88978  
11306.81708  
11321.05778  
11240.56137  
11247.57885  
11263.07088  
11296.47627  
11276.78368  
11255.17312  
11307.85921  
11322.58621  
11242.01378  
11241.34672  
11275.55093  
11275.06015  
11370.99711  
11304.73219  
11228.78059  
11198.03577  
11244.99689  
11254.93026  
11235.37411  
11258.60074  
11320.45046  
11343.37726  
11276.19332  
11260.23096  
11284.61021  
11317.74132  
11311.62152  
11212.41768  
11252.99531  
11225.6191  
11254.55169  
11318.46288  
11220.60601  
11283.95263  
11335.76124  
11242.81276  
11282.42104  
11260.89983  
11223.09536  
11313.74416  
11202.13874  
11339.72885  
11304.83187  
11301.03084  
11369.93919  
11270.29291  
11399.05911  
11361.47653  
11318.55636  
11263.76923  
11222.361  
11260.46819  
11314.80231  
11285.46049  
11204.97879  
11240.16566  
11279.2979  
11291.13004  
11238.38294  
11249.60059  
11292.1414  
11212.77348  
11213.76985  
11285.61419  
11283.16977  
11340.69294  
11280.93377  
11227.52619  
11220.26733  
11213.81571  
11238.43162  
11254.19734  
11238.84312  
11204.62691  
11217.50443  
11336.12297  
11342.51493  
11338.69475  
11255.84561  
11249.81745  
11291.51786  
11325.9115  
11309.38955  
11355.60256  
11356.84312  
11258.84077  
11344.49511  
11284.46246  
11268.14621  
11296.59249  
11261.26904  
11265.67804  
11240.03166  
11215.89043  
11354.50685  
11253.78379  
11440.55444  
11330.77672  
11324.38412  
11260.12358  
11371.79644  
11330.24805  
11383.8529  
11274.7846  
11246.7262  
11186.69009  
11199.31351  
11234.13052  
11305.19283  
11299.0035  
11259.1866  
11317.99171  
11291.11396  
11333.15691  
11289.65742  
11298.1212  
11234.39003  
11279.14707  
11351.24536  
11234.96017  
11225.46014  
11230.74418  
11238.5315  
11173.19928  
11264.9041  
11280.21824  
11259.21157  
11280.69525  
11345.42895  
11337.35929  
11263.27796  
11201.93983  
11245.15874  
11248.72188  
11268.86056  
11370.29472  
11292.78615  
11291.83175  
11324.80612  
11276.81292  
