10929.61579  
10970.03772  
10774.2424  
10933.97004  
10871.22775  
10845.43204  
10895.57513  
10818.66704  
10805.77042  
11005.22197  
10852.90133  
10794.11781  
10837.00105  
10931.45872  
11011.96941  
10804.65152  
10779.69196  
10734.50784  
10896.22283  
10902.50697  
10789.2108  
10693.87379  
10943.72905  
10956.47437  
10842.1759  
10815.67442  
10820.10403  
11074.8098  
10935.655  
10803.78808  
10786.8988  
10764.1261  
10915.13614  
11019.76834  
10876.30544  
10713.7527  
10748.58424  
10996.54368  
10800.93124  
10774.20869  
10912.91647  
10938.06392  
10803.94921  
10713.14894  
10951.9936  
10813.63038  
11013.01126  
10757.65798  
10997.16086  
10839.49752  
10721.72599  
10915.49853  
10852.23275  
10860.81885  
11026.25997  
10820.80148  
10811.88091  
10991.60589  
10791.1495  
10913.28136  
10805.64538  
11004.85286  
10876.35758  
10832.97387  
11006.88844  
10800.28432  
10901.83511  
10849.54656  
10962.77561  
10932.58547  
10751.51905  
10709.56179  
10927.95822  
10896.8828  
10768.11898  
10751.62117  
10705.91835  
11014.53764  
10821.90742  
10848.20861  
10999.71418  
10882.58078  
10881.59251  
10952.43214  
10837.90546  
10885.789  
10909.83116  
10922.56394  
10794.81363  
10758.86562  
10779.45764  
10901.81927  
10935.6171  
10768.29044  
10756.46878  
10962.51292  
10919.79992  
10884.36552  
10793.60266  
10709.49609  
10919.65392  
10919.66829  
10856.92101  
10873.72424  
11035.35896  
10846.15716  
11026.1599  
10871.78142  
10718.50264  
10930.3659  
10874.99821  
10746.91781  
10934.04575  
10772.15463  
10969.15642  
10824.88893  
11016.33072  
10830.13205  
11111.52674  
10962.12079  
11070.10515  
10943.2318  
10869.81417  
10946.09384  
10807.04792  
10708.2669  
10680.51419  
10734.31779  
10859.13102  
10937.38813  
10756.28323  
10990.49095  
10966.89386  
10865.76035  
10892.78711  
10955.19538  
10808.50593  
10821.03557  
11061.3641  
10836.5355  
10740.12883  
10771.05936  
10852.06273  
10717.98897  
10802.49039  
10751.93009  
10868.04254  
10932.32206  
10854.6648  
10975.82303  
10922.10609  
10849.02965  
10806.67128  
10815.31303  
10980.93581  
10995.71985  
10874.67802  
10825.76485  
10834.03547  
10918.45002  
