10294.88791  
10360.32536  
10374.35501  
10297.58467  
10292.94171  
10333.72256  
10393.40285  
10440.57471  
10402.20773  
10406.26387  
10374.46566  
10304.62233  
10300.03025  
10328.99529  
10361.63127  
10339.54777  
10303.53446  
10253.65368  
10305.5248  
10361.65276  
10421.44601  
10241.91407  
10291.81534  
10322.36246  
10334.92345  
10430.85304  
10344.40415  
10323.75107  
10314.50468  
10304.37714  
10308.79651  
10315.86424  
10378.96444  
10321.07327  
10256.9727  
10304.24856  
10267.03093  
10298.73721  
10310.56673  
10270.91709  
10353.76616  
10406.03355  
10430.03719  
10325.47623  
10389.07581  
10386.50822  
10382.0741  
10301.91031  
10278.53495  
10326.3359  
10293.73755  
10322.39273  
10376.73506  
10334.04265  
10355.93863  
10374.11012  
10286.14279  
10335.11121  
10296.45992  
10336.40046  
10355.0119  
10416.56648  
10393.13366  
10381.00396  
10476.71569  
10329.83223  
10499.29537  
10393.23789  
10347.52238  
10340.66681  
10322.96789  
10276.1138  
10345.59815  
10338.77451  
10310.85626  
10256.10011  
10305.97686  
10319.91101  
10314.12653  
10285.5129  
10365.99311  
10285.93256  
10231.2206  
10321.22987  
10433.89169  
10351.17758  
10366.61628  
10287.46847  
10248.93646  
10326.83658  
10293.83016  
10294.68883  
10272.2851  
10292.3199  
10236.60542  
10355.18026  
10378.46853  
10431.59228  
10420.53012  
10258.16221  
10332.5436  
10399.22341  
10460.37218  
10392.60968  
10437.56339  
10359.65345  
10358.48172  
10364.59985  
10318.62634  
10324.52461  
10342.66063  
10286.54903  
10346.78575  
10359.08906  
10420.32646  
10415.01447  
10493.0189  
10448.63132  
10362.29471  
10304.30586  
10417.4359  
10358.79177  
10394.07447  
10344.73784  
10324.58471  
10287.74338  
10328.10995  
10253.383  
10329.91059  
10363.50399  
10350.93397  
10311.50609  
10365.57544  
10423.27863  
10335.40668  
10359.67088  
10373.13922  
10278.46682  
10379.20289  
10334.27521  
10305.27247  
10267.66298  
10280.2642  
10271.75689  
10299.9753  
10321.00901  
10253.6202  
10326.14391  
10426.72059  
10434.31524  
10395.66632  
10355.13595  
10297.79678  
10278.2504  
10330.36181  
10396.5251  
10368.11828  
10332.577  
10388.59124  
10322.42576  
