10969.40976  
10989.08644  
10980.45701  
10991.02012  
10972.27772  
10985.82181  
11021.83459  
11023.47122  
11057.20554  
11039.9769  
11064.26017  
10979.16287  
10974.6583  
11015.23714  
10999.68985  
10956.3598  
10977.17516  
10948.01191  
11006.45195  
11022.6186  
11018.00466  
10931.37958  
10959.11933  
10975.97142  
10988.94718  
11030.6345  
11022.67778  
11011.29444  
10956.9214  
10953.09085  
11011.51248  
10987.82146  
11055.15012  
10982.35458  
10922.68141  
10941.68329  
10948.77499  
10963.33403  
10961.43672  
10961.00625  
11011.76174  
11037.01712  
11031.91569  
10995.52719  
11010.99827  
11072.49843  
11019.09311  
10976.88694  
10944.62229  
10949.35268  
10965.22723  
10992.30692  
10967.90771  
10997.08856  
11020.12963  
10993.56448  
10964.06506  
10967.07484  
10959.46174  
11017.773  
10958.32111  
11055.10257  
11037.5956  
11026.93881  
11097.10184  
10984.95325  
11123.58081  
11078.53383  
11005.65595  
10981.60787  
10956.65275  
10977.65037  
11012.34681  
10986.61573  
10953.42517  
10956.10472  
10977.70129  
10982.10343  
10954.07815  
10979.65722  
11031.89629  
10971.98678  
10913.42629  
11001.61746  
11047.80301  
11026.0117  
10992.76497  
10934.44657  
10921.27776  
10962.47867  
10986.82084  
10960.78167  
10942.24087  
10948.60196  
10927.01017  
11027.77706  
11034.45602  
11050.46857  
11013.49577  
10967.57128  
10998.6114  
11040.28575  
11064.4227  
11046.16267  
11070.14879  
11022.98207  
11019.70813  
11001.09516  
11001.82501  
10989.49636  
10969.85787  
10965.76932  
10960.8073  
10986.61386  
11084.91152  
11008.95688  
11143.14146  
11100.74737  
11018.51326  
10993.42852  
11076.94181  
11058.47566  
11063.70377  
10975.48225  
10958.43058  
10920.39879  
10947.96914  
10962.69335  
11009.273  
11014.7897  
11029.53809  
10999.98368  
11010.62206  
11054.80159  
10991.16605  
11012.8211  
10982.09379  
10982.15838  
11042.14092  
10977.136  
10968.17475  
10927.2632  
10936.34793  
10913.44661  
10989.72429  
10996.06681  
10947.26499  
10984.239  
11087.17915  
11083.52927  
11000.13796  
10962.55448  
10972.87181  
10949.64886  
10977.23978  
11051.67091  
11002.06545  
11001.44141  
11040.77915  
10982.15087  
