10647.46165  
10651.32065  
10658.05639  
10645.0464  
10731.57385  
10688.87543  
10610.70559  
10598.92381  
10621.82384  
10614.43719  
10685.16007  
10654.99569  
10596.86152  
10578.42661  
10627.51082  
10702.00767  
10755.59102  
10727.2412  
10637.14781  
10650.58554  
10659.26383  
10660.25254  
10617.64057  
10663.32954  
10662.62588  
10669.0971  
10704.09235  
10666.20328  
10666.15384  
10659.38899  
10699.05451  
10670.97265  
10623.50592  
10620.82795  
10619.49675  
10654.4396  
10693.79246  
10627.41392  
10682.88699  
10675.54476  
10649.22976  
10650.56511  
10667.7376  
10626.19828  
10639.26306  
10675.77966  
10685.23766  
10655.71158  
10623.68631  
10615.29848  
10622.80739  
10595.58042  
10652.62158  
10705.32748  
10658.59192  
10698.38041  
10664.1462  
10667.62257  
10638.64938  
10633.14216  
10713.10769  
10656.41117  
10704.91609  
10672.42595  
10668.96592  
10627.59371  
10670.28955  
10697.31152  
10619.01412  
10598.78646  
10643.57699  
10657.48383  
10626.05624  
10634.10042  
10633.52596  
10609.35766  
10615.88127  
10584.06342  
10644.41178  
10715.57824  
10708.05569  
10711.02776  
10684.81719  
10587.62063  
10649.03242  
10661.69115  
10644.69668  
10590.66737  
10595.17011  
10646.91953  
10695.21598  
10686.29729  
10697.90341  
10687.1803  
10654.66398  
10616.72171  
10662.17418  
10671.05724  
10662.75784  
10675.32321  
10645.55321  
10691.58344  
10751.95624  
10712.98195  
10639.33007  
10676.56744  
10630.01194  
10655.3937  
10629.2549  
10610.2087  
10670.36202  
10684.29219  
10632.56289  
10649.2021  
10650.28629  
10678.77111  
10647.69702  
10660.35211  
10639.16401  
10788.67145  
10714.06597  
10720.09239  
10645.21246  
10566.9743  
10561.96674  
10567.57179  
10593.85363  
10644.28253  
10617.51973  
10653.80149  
10630.76688  
10608.81197  
10594.98184  
10592.43861  
10579.54727  
10604.84536  
10637.36456  
10696.78011  
10657.63239  
10648.5299  
10611.44779  
10550.37901  
10529.38969  
10585.63502  
10640.16438  
10600.63432  
10551.77561  
10552.02076  
10692.00228  
10884.08122  
10770.62762  
10761.21533  
10725.39997  
10677.54797  
10656.03245  
10655.07224  
10679.20274  
10688.52957  
10661.33825  
10624.65016  
