10642.27105  
10753.48722  
10811.33535  
10642.38372  
10719.94894  
10695.94373  
10653.93001  
10671.64028  
10627.35254  
10741.03945  
10643.64967  
10748.83934  
10747.27702  
10660.18166  
10636.66606  
10657.99247  
10581.26369  
10626.4796  
10613.23961  
10624.96113  
10662.18919  
10557.68273  
10571.67808  
10642.79045  
10540.86291  
10616.81476  
10590.87704  
10555.9582  
10614.6293  
10544.6066  
10553.35347  
10710.14894  
10695.27309  
10549.89755  
10625.69195  
10530.14371  
10688.69199  
10663.18841  
10640.2102  
10652.71758  
10572.19371  
10680.47268  
10683.45373  
10498.78776  
10650.96155  
10637.28982  
10701.12533  
10995.04625  
10768.1436  
10874.78242  
10785.75247  
10744.0403  
10697.18112  
10770.62758  
10717.07005  
10803.39425  
10715.87995  
10694.76556  
10716.93192  
10662.54701  
10738.04625  
10741.66061  
10683.87754  
10702.07628  
10718.01183  
10648.54909  
10612.55762  
10602.35497  
10699.74568  
10712.58019  
10642.34881  
10694.93364  
10626.90727  
10638.54099  
10690.57622  
10646.57717  
10655.1408  
10636.40562  
10609.22153  
10641.40814  
10697.00493  
10683.38047  
10661.41339  
10677.20406  
10660.73188  
10627.15575  
10673.69073  
10610.93939  
10569.59566  
10663.28887  
10670.56565  
10663.61573  
10620.72361  
10699.86808  
10611.93485  
10704.63557  
10696.26339  
10662.17795  
10670.71734  
10728.45419  
10655.28056  
10700.56044  
10670.61476  
10600.82465  
10664.79605  
10644.66369  
10668.61573  
10695.12687  
10650.75195  
10718.47433  
10737.37784  
10670.45221  
10604.32467  
10621.0725  
10749.01454  
10604.42094  
10645.93674  
10708.5753  
10625.39794  
10720.05456  
10718.10838  
10643.23904  
10781.98455  
10662.35558  
10739.92949  
10611.94243  
10674.39609  
10655.73142  
10649.08279  
10601.70002  
10741.86354  
10631.03375  
10667.34505  
10653.85354  
10667.93921  
10622.87778  
10673.62786  
10596.66847  
10681.64876  
10620.19622  
10650.82654  
10665.27003  
10622.37606  
10663.40616  
10596.14928  
10649.1477  
10629.84173  
10616.76285  
10710.14288  
10714.55397  
10690.8049  
10652.89774  
10699.61949  
10678.84935  
10680.70582  
10583.33097  
10698.98234  
10653.47826  
10712.69577  
10655.75714  
