10433.05692  
10518.10041  
10460.5267  
10497.00732  
10501.5608  
10366.09105  
10414.83165  
10381.15532  
10398.85691  
10449.00208  
10401.00676  
10465.69796  
10504.20747  
10416.69228  
10376.99522  
10336.83884  
10352.91679  
10339.85179  
10324.9889  
10460.20906  
10333.26837  
10307.5743  
10399.44413  
10320.47404  
10348.46425  
10346.00365  
10273.55284  
10311.83619  
10335.06864  
10373.19691  
10382.7242  
10481.41787  
10371.00172  
10350.68403  
10311.81111  
10399.5634  
10415.20973  
10418.83429  
10322.27192  
10445.05487  
10345.78683  
10439.16622  
10432.38782  
10351.66363  
10362.37742  
10461.71477  
10438.41488  
10737.01234  
10583.41445  
10567.64869  
10546.2381  
10393.76773  
10386.59182  
10434.20009  
10532.89952  
10391.01858  
10518.14045  
10398.66853  
10417.13919  
10451.61593  
10396.43408  
10537.57237  
10393.04667  
10483.11963  
10477.03271  
10331.33969  
10438.70932  
10327.125  
10404.37384  
10401.58321  
10496.38998  
10471.31078  
10349.41285  
10400.22278  
10395.33437  
10389.18735  
10408.63492  
10321.28182  
10425.06109  
10307.66404  
10337.27513  
10488.22207  
10385.62572  
10330.64548  
10385.8198  
10429.57851  
10334.92558  
10400.95184  
10338.15458  
10337.29456  
10488.15101  
10359.83321  
10369.316  
10360.25653  
10422.53636  
10444.12713  
10389.51352  
10507.76084  
10439.4714  
10547.57609  
10451.51835  
10440.70641  
10398.77549  
10380.26889  
10425.74008  
10414.06093  
10450.39561  
10352.94858  
10421.51948  
10438.94917  
10418.22479  
10476.10943  
10415.0047  
10411.77313  
10413.05225  
10392.58694  
10413.49003  
10377.50763  
10359.91077  
10456.22975  
10395.05219  
10391.86598  
10483.31998  
10488.78765  
10429.32648  
10453.54587  
10393.36159  
10472.7388  
10382.27524  
10340.69968  
10414.25959  
10387.47553  
10384.87623  
10448.38872  
10356.67504  
10374.77169  
10385.84658  
10397.84008  
10365.63957  
10437.71423  
10349.27567  
10350.66948  
10434.22823  
10380.26398  
10393.56831  
10402.98283  
10348.93393  
10408.12716  
10388.85411  
10461.49699  
10399.59534  
10476.65715  
10355.22695  
10492.28696  
10378.59043  
10374.13988  
10373.29091  
10464.06905  
10415.00745  
10481.26776  
