10679.64294  
10802.78054  
10806.55592  
10761.00438  
10735.14286  
10739.01944  
10664.44847  
10718.4665  
10666.1135  
10688.1702  
10696.48357  
10762.11852  
10778.36167  
10742.2799  
10682.0711  
10696.51709  
10726.27019  
10652.72733  
10707.65297  
10724.47806  
10729.58066  
10674.05794  
10653.04043  
10719.80482  
10607.44609  
10646.45824  
10658.5224  
10621.66588  
10755.90447  
10675.55633  
10647.65402  
10806.47116  
10827.97717  
10669.02857  
10713.16872  
10696.9543  
10790.69763  
10796.1834  
10723.93063  
10769.69129  
10707.42188  
10840.44151  
10791.52775  
10686.06097  
10731.91866  
10762.46204  
10695.42411  
10932.9881  
10705.47767  
10771.1172  
10767.30435  
10736.51819  
10634.96392  
10724.29984  
10725.72094  
10717.70348  
10683.5447  
10641.30065  
10734.28763  
10649.63547  
10713.8568  
10743.09012  
10685.7439  
10778.41554  
10721.44339  
10693.7386  
10687.29627  
10627.36226  
10690.12068  
10750.51358  
10726.72662  
10700.38903  
10670.29297  
10657.88942  
10698.17399  
10715.53668  
10689.93265  
10704.06393  
10695.89008  
10655.37845  
10714.36731  
10775.10934  
10710.16544  
10708.79851  
10719.28989  
10694.9492  
10690.58499  
10672.89787  
10609.21241  
10689.82416  
10753.94027  
10731.55127  
10671.22792  
10778.3155  
10687.35958  
10724.85718  
10770.41844  
10756.45515  
10704.29518  
10809.64474  
10717.76376  
10784.90379  
10746.12604  
10697.22881  
10705.74607  
10747.79834  
10742.34229  
10758.84278  
10694.66822  
10703.60233  
10810.47692  
10792.19729  
10693.05032  
10650.47084  
10770.88785  
10700.26919  
10698.34359  
10776.43826  
10682.75911  
10739.35218  
10759.46105  
10679.95778  
10827.36133  
10729.93018  
10801.82942  
10776.30927  
10755.58682  
10716.38256  
10680.85361  
10648.48089  
10776.85145  
10678.59555  
10727.14904  
10701.58362  
10757.6619  
10674.93336  
10719.25356  
10698.02249  
10751.34037  
10707.91704  
10709.40191  
10730.0134  
10673.57212  
10690.38662  
10662.88909  
10668.199  
10668.86854  
10646.6613  
10747.84844  
10778.61353  
10747.77853  
10720.21795  
10728.88371  
10747.4124  
10748.18942  
10655.45883  
10740.48602  
10695.12373  
10770.9756  
10734.87417  
