11298.8125  
11416.12472  
11416.30418  
11418.21886  
11370.87617  
11331.96365  
11286.16232  
11303.87086  
11289.77238  
11298.67737  
11304.7303  
11363.20603  
11426.61944  
11357.09817  
11260.40825  
11285.26964  
11359.79547  
11271.42319  
11321.17718  
11396.74567  
11359.71796  
11300.71147  
11295.34156  
11350.81993  
11234.50059  
11277.36341  
11224.19949  
11230.88733  
11352.62812  
11267.18937  
11280.22455  
11358.10056  
11464.03957  
11233.82375  
11303.75293  
11296.08776  
11389.90014  
11354.81541  
11296.94266  
11374.29191  
11385.30692  
11418.58122  
11407.99066  
11328.5828  
11359.60383  
11379.71684  
11393.26021  
11515.92767  
11381.43578  
11414.8753  
11421.65676  
11369.32723  
11275.66135  
11350.00781  
11371.33872  
11366.5138  
11347.98036  
11268.36999  
11350.18028  
11287.10095  
11304.07254  
11334.7786  
11324.05757  
11364.08033  
11329.73041  
11272.39561  
11333.47476  
11237.89474  
11260.26068  
11341.64801  
11370.74336  
11287.5529  
11239.97535  
11247.44151  
11253.03293  
11288.75692  
11297.84296  
11313.88842  
11341.45516  
11264.6609  
11274.07997  
11422.18699  
11317.87969  
11263.07019  
11287.25694  
11349.30057  
11296.96244  
11267.56961  
11222.14449  
11286.91137  
11388.55458  
11336.52579  
11316.83955  
11380.27168  
11326.28431  
11355.06225  
11366.5912  
11421.46132  
11328.38888  
11416.46881  
11347.37521  
11397.97705  
11390.60651  
11367.60105  
11381.27874  
11355.03666  
11338.52703  
11384.38888  
11348.00357  
11299.7835  
11416.37194  
11424.99113  
11329.08343  
11257.69109  
11373.40661  
11325.35328  
11297.49896  
11386.14844  
11310.14867  
11375.81036  
11315.34088  
11310.22372  
11439.15515  
11362.29923  
11401.47523  
11410.94389  
11370.12712  
11345.15079  
11322.17495  
11233.21268  
11388.63612  
11333.92731  
11390.68268  
11331.58021  
11374.356  
11319.0162  
11371.38005  
11311.66483  
11402.50565  
11405.01414  
11365.74633  
11325.95049  
11312.84651  
11306.01773  
11287.20064  
11263.56146  
11230.12506  
11295.70022  
11339.7296  
11331.68039  
11333.1782  
11354.74151  
11338.55709  
11347.43438  
11315.32802  
11267.59696  
11340.81997  
11315.26287  
11374.89937  
11410.00881  
