10944.13128  
11054.90075  
11053.43601  
10990.59715  
11016.57569  
10958.24595  
10948.97029  
10953.86545  
10930.84078  
10977.61297  
10930.87577  
11008.91205  
11010.65171  
10946.07297  
10923.97213  
10920.62423  
10899.56425  
10884.13187  
10900.96576  
10945.558  
10934.3108  
10864.0547  
10899.84845  
10911.51396  
10851.11948  
10897.127  
10870.32862  
10850.61915  
10932.68221  
10870.05331  
10878.18889  
11035.87908  
10988.92358  
10878.66696  
10907.74492  
10884.90541  
10976.29996  
10999.53233  
10918.12743  
10951.10366  
10903.94498  
11015.15599  
10983.5275  
10869.46163  
10947.69112  
10946.90247  
10986.62529  
11185.07529  
10997.71245  
11052.78084  
11044.40382  
10998.47035  
10927.20768  
11012.60627  
11018.32534  
10988.22837  
10964.21453  
10930.33698  
10964.91692  
10933.48082  
10975.11983  
11019.27696  
10954.79805  
11015.28647  
10990.92052  
10917.11875  
10937.45074  
10883.89212  
10944.13482  
10974.03065  
10950.88176  
10980.96845  
10924.07432  
10937.77069  
10959.04411  
10936.48033  
10950.84331  
10907.07378  
10938.03576  
10890.70764  
10950.37555  
11009.06674  
10954.50896  
10940.98602  
10933.81953  
10934.5963  
10907.35486  
10888.65438  
10867.46586  
10917.67271  
10976.9419  
10941.33968  
10919.22301  
10978.7593  
10943.09184  
10972.96312  
10985.63774  
10984.18404  
10951.83956  
11036.17902  
10966.93533  
10988.56659  
10964.71562  
10924.60355  
10959.37109  
10952.23071  
10971.35654  
10963.11888  
10934.70279  
10971.04137  
11014.24186  
10999.32216  
10919.34123  
10910.86024  
11010.57806  
10930.85211  
10958.78318  
11003.64819  
10918.93303  
10996.55162  
10984.25487  
10931.24047  
11029.43459  
10979.04737  
11019.18385  
10987.69445  
10974.27639  
10957.21705  
10910.98062  
10908.77959  
11016.47274  
10922.38201  
10949.17775  
10950.3395  
10960.14647  
10924.39085  
10947.12572  
10935.83292  
10960.61597  
10941.20927  
10931.19872  
10928.33154  
10911.63771  
10925.36857  
10910.15307  
10922.79514  
10905.52487  
10899.981  
10976.69037  
11018.56603  
10976.7349  
10957.3845  
10946.29828  
10994.92128  
10957.4807  
10911.03952  
10960.15318  
10951.4649  
10993.67166  
10968.02285  
