11116.67121  
11180.51345  
11122.49458  
11128.28081  
11099.32917  
11073.23624  
11118.7005  
11052.7487  
11144.1156  
11086.45904  
11081.91535  
11068.67357  
11109.48039  
11056.16978  
11103.89334  
10993.86271  
11007.83139  
11085.09975  
11036.95368  
11068.90827  
11080.32628  
11070.05821  
11087.61682  
11015.7202  
11091.19708  
11067.7053  
11028.83834  
11074.80205  
11000.85448  
11034.32101  
11099.48356  
11078.06095  
11065.30362  
11078.10001  
11031.29186  
11054.16156  
11078.62606  
11045.93962  
11087.09685  
11168.83667  
11134.06335  
11081.30149  
11061.31491  
11024.66446  
11102.19822  
11068.57791  
11196.5761  
11176.41408  
11194.57229  
11207.49192  
11076.76643  
11001.00924  
11082.6469  
11059.63929  
11115.61353  
11069.75009  
11115.01859  
11081.0283  
11087.59695  
11140.84318  
11076.45382  
11119.93248  
11085.40604  
11092.69362  
11092.85774  
11080.53161  
11147.82749  
11130.99756  
11069.17046  
11069.4185  
11077.93409  
11055.59648  
11045.13664  
11139.96569  
11069.37191  
11064.3019  
11109.78449  
11054.1772  
11103.70108  
11103.58831  
11051.73705  
11077.64905  
11121.97378  
11049.64545  
11057.17432  
11108.89734  
11012.17738  
11067.0132  
11098.27281  
11050.54169  
11110.3108  
11069.30915  
11151.54873  
11067.33022  
11112.28564  
11089.11003  
11043.18014  
11078.33676  
11084.15041  
11136.61986  
11118.62968  
11105.20701  
11065.32201  
11122.50351  
11066.40979  
11048.01377  
11100.60561  
11056.34169  
11152.10092  
11097.02306  
11057.04858  
11069.76691  
11090.99737  
11135.99636  
11078.64309  
11149.2395  
11171.49345  
11067.2278  
11145.60694  
11108.37314  
11060.85361  
11157.87459  
11113.36704  
11159.57741  
11072.24512  
11107.49338  
11067.04443  
11103.9618  
11048.67705  
11130.73575  
11040.85474  
11119.91474  
11052.26714  
11097.9909  
11023.10424  
11114.02152  
11028.32093  
11107.24715  
11026.62541  
11062.00184  
11078.22658  
11067.42507  
11108.9946  
11077.1587  
11097.45925  
11058.52619  
11024.61172  
11090.21827  
11052.5654  
11169.59839  
11067.81045  
11096.45131  
11063.10129  
11116.60348  
11051.78465  
11142.84158  
11059.92523  
11128.46353  
11061.93575  
11119.56383  
