10877.22512  
11003.65619  
11048.35111  
10898.36199  
10951.96499  
10926.03601  
10895.40681  
10937.10185  
10855.27186  
10957.86386  
10874.1246  
10978.32893  
10990.52172  
10896.71098  
10886.76853  
10910.05717  
10839.22435  
10860.98812  
10876.94998  
10864.70376  
10922.35101  
10813.09372  
10838.06035  
10904.66247  
10791.70992  
10852.67263  
10835.47973  
10802.55298  
10900.8221  
10792.29273  
10821.306  
10982.15337  
10973.58003  
10809.59662  
10895.68095  
10799.50463  
10945.37325  
10969.40287  
10880.33249  
10899.66519  
10868.83611  
10982.99593  
10968.18306  
10789.14752  
10939.20915  
10873.43192  
10913.72892  
11150.30148  
10948.50905  
11025.83705  
10982.51258  
10975.58903  
10895.16876  
10998.15736  
10936.11581  
10982.87873  
10884.88601  
10910.85002  
10909.47711  
10861.52404  
10958.70225  
10949.93854  
10922.517  
10957.30846  
10956.41509  
10875.47716  
10858.68144  
10830.1709  
10920.6307  
10945.81847  
10841.89903  
10938.85347  
10897.88164  
10901.37401  
10945.67559  
10884.72072  
10894.30157  
10881.26765  
10863.85781  
10875.55495  
10935.77809  
10930.26317  
10923.23138  
10923.90991  
10886.71736  
10877.6665  
10886.73813  
10848.21648  
10805.39697  
10896.11502  
10908.26383  
10919.07992  
10871.84137  
10981.59578  
10877.75307  
10951.34003  
10961.05541  
10899.00199  
10912.20821  
10956.35393  
10911.5557  
10935.4553  
10928.53438  
10844.73679  
10943.25548  
10885.28201  
10912.4916  
10941.68978  
10861.2477  
10932.3808  
10989.5806  
10927.37381  
10841.81164  
10851.25945  
11004.374  
10869.0392  
10917.43121  
11003.8336  
10858.60846  
10972.52637  
10965.67052  
10852.42333  
11002.03092  
10906.81346  
11009.40286  
10891.51018  
10943.46931  
10890.90142  
10879.93304  
10856.02841  
11017.43442  
10847.95642  
10932.40098  
10886.66951  
10939.04703  
10861.19653  
10930.9979  
10870.19127  
10946.55629  
10870.63995  
10911.11924  
10903.10455  
10839.62198  
10904.97345  
10839.03332  
10883.87311  
10880.86907  
10843.42781  
10952.06109  
10984.86502  
10949.84137  
10864.28676  
10924.62748  
10926.4697  
10933.43533  
10854.62987  
10943.17482  
10886.32665  
10976.16411  
10884.47748  
