11008.55943  
11104.24736  
11058.33259  
11079.41618  
11078.7934  
10989.26292  
11000.54993  
10970.00817  
11003.61086  
10996.63063  
10985.52505  
11038.36247  
11030.03614  
10993.60675  
10959.79782  
10930.79993  
10957.66934  
10906.41845  
10924.09206  
11023.41764  
10945.82763  
10913.12823  
10959.3481  
10918.11169  
10908.32869  
10939.93491  
10903.8868  
10896.90508  
10963.36232  
10944.93387  
10932.96501  
11087.61495  
11003.69886  
10945.17913  
10919.36208  
10967.14319  
11006.08125  
11028.54589  
10954.52255  
11000.637  
10937.75352  
11046.12494  
10998.30363  
10946.80113  
10955.85894  
11017.6519  
11056.8218  
11218.56119  
11045.0935  
11078.72672  
11104.0028  
11020.50421  
10958.05997  
11026.52003  
11097.49008  
10993.37987  
11040.60496  
10949.1022  
11018.30341  
11002.77253  
10990.92936  
11086.04728  
10985.88351  
11071.11715  
11024.14798  
10957.21806  
11013.30265  
10935.62367  
10966.76842  
11001.19793  
11055.8281  
11021.52362  
10949.29691  
10972.81934  
10971.91749  
10986.32293  
11005.29091  
10931.92413  
11009.46639  
10905.29912  
10964.43236  
11084.95165  
10984.62811  
10957.42969  
10979.17717  
10989.41758  
10927.20801  
10927.59458  
10927.23591  
10938.43197  
11043.07633  
10962.775  
10964.84977  
10976.02787  
11006.01066  
10993.78536  
11009.30962  
11066.2112  
10990.00309  
11113.04763  
11020.26386  
11039.71079  
10999.55682  
11001.51229  
10974.88983  
11016.69983  
11028.04129  
10983.75432  
11005.43732  
11008.27007  
11037.98973  
11068.60576  
10993.99936  
10968.25359  
11016.55235  
10990.37565  
10998.6036  
11003.46965  
10977.02337  
11019.68705  
11002.15091  
11007.13845  
11055.82331  
11048.60594  
11028.60259  
11080.31633  
11003.94246  
11021.07656  
10940.87829  
10959.57703  
11015.54668  
10994.05111  
10965.33316  
11011.65134  
10980.46445  
10985.24463  
10962.65623  
10999.0434  
10974.15492  
11009.16491  
10950.53452  
10952.62419  
10980.98618  
10945.00832  
10978.63877  
10960.27562  
10929.26749  
10954.43962  
11000.40746  
11051.01884  
11002.63237  
11047.03418  
10967.16646  
11060.83761  
10980.6355  
10965.35992  
10976.50271  
11014.19062  
11010.53078  
11048.47395  
