10945.85142  
10944.32442  
10968.39613  
10992.82847  
11009.11413  
10992.25739  
10921.57721  
10839.75458  
10911.61515  
10956.83455  
10973.39066  
10905.75236  
10979.21152  
10983.54415  
10941.28494  
10984.78954  
11001.10024  
11033.58438  
11073.63433  
10989.05445  
10932.88889  
10905.24603  
10868.46171  
10840.51115  
10979.02311  
10974.68488  
11009.25558  
11034.68965  
10913.07075  
11005.19129  
11002.68084  
10916.47826  
11018.71253  
11042.36889  
11107.96743  
10999.36939  
10945.6754  
11010.00682  
10955.5787  
10945.4385  
11060.23622  
10959.49579  
10909.47953  
10870.94041  
10816.11498  
10863.31146  
11038.85579  
11067.48517  
10917.92908  
10994.73574  
10932.52095  
10858.73547  
11025.40879  
10999.60622  
10952.84041  
11014.73339  
10980.46391  
10906.68211  
11019.33214  
10998.66637  
10979.21314  
10945.72003  
10861.38909  
10946.03306  
11048.34226  
11054.08742  
11022.08159  
10887.61298  
10871.16405  
10867.19556  
11075.41701  
10926.87679  
10867.09627  
10916.4902  
10983.38525  
10937.32725  
10979.80879  
11022.23546  
10864.14148  
10974.24187  
10935.03503  
10916.01041  
10946.52956  
10916.50957  
10945.49193  
11072.15732  
10991.15688  
10967.77024  
10965.80562  
10961.35239  
10876.81982  
10896.87515  
11020.52729  
11155.65511  
11069.90119  
11056.35014  
11016.94144  
10997.30995  
10993.25383  
10982.29329  
10921.73696  
10947.33567  
11008.54398  
10971.52434  
10933.98521  
10966.26783  
10902.7319  
10883.82624  
10834.54274  
10930.69151  
11037.52045  
11068.8721  
11057.97336  
10932.70542  
10943.39401  
10915.48799  
10869.6798  
10839.52471  
10883.22879  
10901.37307  
10851.84973  
10971.00876  
10942.90299  
10948.22082  
11013.25737  
11001.29045  
10959.83004  
10930.21982  
10904.37124  
10908.34506  
11032.21674  
11013.53306  
10979.61324  
10972.84633  
10969.3847  
10915.64112  
11030.85104  
11075.83475  
10984.88665  
11039.13766  
11016.06115  
10940.36858  
10893.12911  
10906.31116  
10914.37119  
10947.22322  
10941.45728  
10912.79602  
10919.1635  
10958.64093  
11169.72449  
11000.51945  
11039.18088  
11033.97398  
10937.00387  
10934.66317  
10891.12006  
10858.08024  
10920.04066  
10952.65874  
