10804.19927  
10825.52514  
10936.37972  
10968.23848  
10887.89524  
10953.37411  
10842.49528  
11001.69047  
11161.9702  
10963.04895  
10905.48649  
10989.69177  
10841.21036  
10877.08648  
11000.31434  
10823.68399  
10893.22117  
11021.32608  
10828.38084  
10725.77731  
10812.7001  
11017.20862  
10812.69318  
10814.04018  
10919.43052  
10850.05621  
10746.43021  
10875.34639  
11003.10706  
10847.15639  
10825.05123  
10984.25602  
10979.43705  
10936.36531  
10905.61455  
10975.02725  
11034.40383  
10822.80429  
10971.55557  
11067.69452  
10986.43848  
11033.57046  
11055.66097  
10754.74215  
10958.65658  
10946.35258  
10781.16441  
10821.37035  
10955.47544  
10845.71342  
10774.36314  
10974.26459  
11175.07941  
10820.83189  
10853.03861  
10866.02776  
10810.91907  
10947.03002  
10970.31859  
10865.50796  
10829.94472  
10897.98613  
11152.98615  
10903.15307  
10834.48957  
10758.96625  
10889.27991  
10999.75174  
11081.36417  
10881.47201  
10766.53781  
10934.40994  
11007.52691  
10916.60838  
10812.78866  
10772.13576  
10952.90459  
10965.78959  
11024.65095  
10918.93831  
10810.85272  
10809.87845  
10915.30879  
11112.10239  
11006.31617  
10995.83194  
10957.76953  
10907.06812  
10809.48908  
10919.4092  
11074.91486  
10992.76789  
10937.92911  
10913.94645  
10988.89518  
10870.76025  
10916.84854  
10951.42895  
10947.54505  
10946.28507  
10898.32019  
10931.66746  
11078.6901  
10985.54154  
10933.31527  
10725.36015  
10621.5198  
10708.89746  
10945.88142  
10924.50533  
10802.99765  
10900.38679  
11027.29633  
11136.94746  
11023.32624  
10796.62958  
10905.49479  
10955.45799  
10695.53051  
10772.23568  
10976.58617  
10906.20108  
10849.4724  
10810.42983  
10729.85666  
10942.25054  
11054.05802  
11166.57854  
11100.03615  
10938.93839  
10891.39422  
10805.40746  
10843.44784  
10763.7266  
10853.51778  
11025.55311  
10951.14657  
10867.02633  
10947.83634  
10793.43826  
10822.17717  
10923.52702  
11044.47106  
10898.4105  
10786.56346  
10782.11807  
10829.1186  
10938.33606  
11017.96231  
11005.80413  
10940.79874  
10931.91032  
10921.99832  
11058.92025  
10986.87936  
10755.08529  
10757.60825  
10892.39075  
10996.57384  
10932.43424  
