11084.22871  
11183.02638  
11097.1463  
11118.71928  
11175.39813  
11115.14098  
11096.16379  
11108.90479  
11114.65544  
11089.07818  
11085.01881  
11066.08999  
11110.16116  
11078.24364  
11086.29181  
11164.58631  
11131.05885  
11120.11889  
11096.85307  
11094.71458  
11050.46482  
11086.48793  
11069.38446  
11008.07882  
11063.41625  
11159.05621  
11102.58901  
11074.26533  
11125.73732  
11124.36371  
11032.23683  
11076.02103  
11067.80928  
11170.23632  
11205.02835  
11123.7204  
11121.86798  
11130.10431  
11128.11581  
11128.51154  
11199.76724  
11142.7897  
11137.66448  
11128.30474  
11093.34412  
11104.95333  
11035.77876  
11087.47122  
11139.8811  
11105.38604  
11063.38403  
11075.07468  
11249.21159  
11140.16341  
11115.55982  
11142.23216  
11060.00774  
11095.17975  
11149.48057  
11091.4716  
11079.83137  
11092.26071  
11137.94856  
11091.7639  
11071.67775  
11088.35856  
11102.22004  
11108.23342  
11169.91763  
11104.64219  
11042.8759  
11117.16961  
11086.9614  
11103.5234  
11125.80846  
11132.94874  
11148.05436  
11144.72481  
11072.94205  
11077.90858  
11150.61832  
11039.08629  
11082.31387  
11140.722  
11122.23152  
11116.84275  
11121.70336  
11140.08989  
11106.26066  
11088.84338  
11096.19395  
11094.50035  
11147.42496  
11138.96479  
11134.82309  
11113.71031  
11154.9991  
11112.47003  
11100.36741  
11119.61062  
11091.55365  
11094.45915  
11157.81423  
11117.6988  
11144.02108  
11118.4774  
11071.2145  
11029.32276  
11071.96274  
11073.95772  
11115.98396  
11147.62544  
11137.8753  
11132.71743  
11107.63571  
11104.44742  
11070.14748  
11075.78958  
11077.83409  
11053.33201  
11060.37429  
11121.78629  
11116.95853  
11073.89918  
11071.84384  
11097.14458  
11107.30235  
11144.11404  
11149.3501  
11072.68522  
11121.19306  
11180.48728  
11128.94315  
11098.16638  
11079.63824  
11104.24627  
11096.45196  
11123.60257  
11159.11534  
11135.79623  
11098.68884  
11114.28597  
11095.16712  
11051.38327  
11060.58288  
11066.67219  
11054.5946  
11067.06402  
11119.79946  
11136.04681  
11097.23492  
11173.77199  
11171.24737  
11109.52734  
11133.06237  
11127.6072  
11073.44191  
11048.94638  
11107.32695  
11127.8484  
