12050.67943  
12127.37254  
12087.76582  
12076.50836  
12152.19706  
12073.90822  
12054.86568  
12031.37633  
12067.65551  
12050.97451  
12097.17675  
12006.99063  
12008.52948  
12046.62075  
11974.12182  
12068.66013  
12067.94258  
11954.85631  
11982.51566  
12031.22218  
11946.96245  
11980.87002  
11931.24976  
11926.63341  
12016.29169  
12110.89435  
12049.56836  
12063.81541  
12228.41598  
12130.29709  
12280.20217  
12046.40951  
11956.58309  
12091.01702  
12248.68181  
12218.14282  
12198.70938  
12114.59949  
12074.4077  
12119.25416  
12112.37842  
12091.35588  
12073.82948  
11976.27573  
11947.03694  
11990.84155  
12015.82679  
11949.85244  
11976.42676  
11977.23593  
11951.49963  
11916.42148  
12162.44446  
12075.68591  
12011.86638  
12028.20191  
11944.68945  
11993.90309  
12076.73313  
12057.16722  
12044.88284  
12052.5673  
12103.43178  
12046.67761  
12011.41337  
12060.05178  
12142.47422  
12094.52952  
12080.20432  
12038.49687  
12147.28479  
12038.33295  
12037.71409  
12054.37538  
11960.52954  
12118.68629  
12041.28816  
12007.45248  
12041.94371  
12006.21953  
12012.37055  
11960.49931  
11968.81587  
12042.804  
12094.07169  
12158.37408  
12190.2388  
12212.85564  
12140.38234  
12125.06068  
12115.57321  
12128.02615  
12140.9941  
12187.143  
12211.54352  
12194.12317  
12186.07832  
12150.96067  
12096.47918  
12103.876  
11943.29876  
11959.49638  
11986.95437  
11908.24367  
11971.15188  
11948.63418  
11972.62338  
11985.10626  
11970.27501  
11974.59157  
12031.94835  
12045.69208  
12084.31366  
12182.07618  
12127.68361  
12054.15597  
12023.03877  
12020.63544  
12115.22219  
11992.93088  
11932.21873  
11974.04019  
12046.34699  
11970.44232  
11921.72625  
12008.86715  
12047.12014  
12076.47823  
12168.76107  
12092.94889  
12119.35157  
12155.82865  
12170.53368  
12140.66404  
12121.88418  
12175.91127  
12112.22505  
12086.61569  
12093.5251  
12046.1934  
11989.57159  
12009.61939  
11970.89288  
11970.9234  
12006.64216  
12067.69174  
12094.63425  
12064.02968  
12032.6872  
12101.89006  
12079.83142  
12148.62111  
12126.94008  
12105.88338  
12059.54314  
12049.2865  
11964.49474  
11917.06696  
11996.05175  
12066.12169  
