11023.24979  
11111.86486  
11016.94632  
11031.30622  
11060.72788  
11036.24875  
11001.49245  
11036.61947  
11100.90219  
11006.51343  
10997.53404  
11043.86507  
10996.67313  
11010.91645  
11015.46816  
11039.32862  
11043.1604  
11052.87477  
11000.01478  
10971.78213  
10984.10716  
11030.68303  
10965.63382  
10970.23193  
11014.01913  
11052.68688  
11002.49238  
10993.48457  
11047.83398  
11023.61669  
10953.03598  
11024.86455  
11002.81562  
11069.48017  
11065.00815  
11054.20409  
11061.59471  
11031.58829  
11054.03522  
11079.00248  
11072.94901  
11068.98781  
11057.39357  
11018.56456  
11044.02787  
11033.92668  
10953.09245  
11005.76746  
11045.08341  
11029.23526  
10980.21807  
11010.14403  
11202.9376  
11036.09875  
11023.35793  
11054.49672  
10974.55669  
11038.62006  
11103.68754  
10993.82559  
10977.69271  
11019.71661  
11101.06209  
11016.12988  
10972.26493  
11005.17888  
11015.80647  
11049.91836  
11114.28905  
11012.19812  
10961.00631  
11063.18866  
11055.24192  
11014.20532  
11004.41733  
10984.7258  
11080.8419  
11070.94967  
11029.78126  
11025.34148  
11050.1731  
10952.52469  
11018.31818  
11101.1248  
11061.70981  
11043.07138  
11030.87647  
11031.59771  
11011.71841  
11027.47469  
11056.6651  
11046.91261  
11069.98802  
11045.95991  
11051.25765  
11008.05228  
11040.67809  
11030.13534  
11010.98108  
11033.69079  
11005.78688  
11020.67624  
11100.34034  
11045.61273  
11074.53796  
10995.75304  
10951.71154  
10945.16011  
11034.05249  
11030.57368  
11001.82201  
11043.97256  
11065.87703  
11094.75108  
11029.19059  
10989.05673  
10986.4774  
11017.78108  
10966.18529  
10957.70538  
11005.59005  
11072.36607  
11013.18597  
10971.50278  
10991.84646  
11025.93457  
11045.90283  
11122.77345  
11109.00601  
11005.47456  
11025.55984  
11070.7536  
11030.42253  
11000.14501  
11002.29635  
11081.60663  
11043.08973  
11032.53139  
11063.64345  
11016.86077  
11000.25381  
11017.75037  
11052.99706  
10969.23955  
10957.06688  
10979.54968  
10979.11447  
11007.71805  
11056.31828  
11052.07254  
10998.99951  
11072.66581  
11084.60932  
11047.37085  
11044.6842  
11016.32783  
10995.33416  
10995.71905  
11072.79554  
11042.60252  
