11210.2388  
11161.21693  
11186.16722  
11270.9347  
11131.18222  
11294.61058  
11109.58708  
11156.20513  
11215.53749  
11185.69145  
11193.77133  
11113.37165  
11257.27295  
11176.18966  
11217.80882  
11169.75754  
11243.20314  
11169.92704  
11252.60365  
11150.44467  
11185.09837  
11127.02392  
11138.90264  
11224.55908  
11126.6114  
11113.90324  
11179.15164  
11106.53179  
11152.18134  
11168.77777  
11172.36062  
11132.58887  
11151.9903  
11156.6456  
11224.4179  
11184.76155  
11244.16707  
11196.57219  
11237.832  
11188.62443  
11223.79676  
11174.55651  
11299.3777  
11141.5718  
11261.746  
11132.21289  
11173.44746  
11155.95962  
11202.16157  
11188.49929  
11179.2418  
11228.56107  
11182.69397  
11176.62177  
11153.1928  
11251.85413  
11194.84929  
11209.31995  
11154.48993  
11225.67064  
11160.25863  
11214.20458  
11136.63133  
11198.08653  
11103.10491  
11145.1087  
11161.59378  
11158.60711  
11170.64922  
11159.02501  
11197.36237  
11168.89823  
11202.3421  
11172.38588  
11186.22369  
11154.8022  
11251.4199  
11227.61181  
11204.36967  
11167.49892  
11218.11658  
11153.81363  
11158.08362  
11121.0327  
11115.80957  
11173.37659  
11231.10663  
11190.72414  
11166.29776  
11307.64678  
11192.02721  
11212.11378  
11136.62874  
11207.87439  
11187.51999  
11196.5735  
11227.73495  
11241.37122  
11233.37967  
11205.0785  
11200.51367  
11146.23705  
11241.83973  
11203.2847  
11232.13539  
11151.05772  
11160.88089  
11091.04662  
11216.75782  
11127.18803  
11182.36376  
11136.55433  
11234.47315  
11178.22035  
11210.98912  
11150.14843  
11173.52342  
11143.29703  
11142.74624  
11183.20227  
11205.89617  
11232.28054  
11192.88308  
11285.31431  
11194.25846  
11222.75056  
11186.59191  
11223.55626  
11132.47757  
11148.71564  
11108.44292  
11206.60632  
11172.67619  
11247.03897  
11228.91073  
11223.98018  
11200.04004  
11220.42222  
11124.73422  
11243.03818  
11127.02536  
11201.09181  
11188.90063  
11222.91124  
11122.74859  
11150.86944  
11159.18551  
11193.68907  
11151.51301  
11201.13238  
11134.9972  
11202.25925  
11171.96458  
11192.70873  
11239.67239  
11188.44653  
11260.61179  
11142.24301  
11169.64317  
11184.59289  
