10213.47667  
10213.59657  
10234.62667  
10259.36035  
10148.02276  
10361.45998  
10111.95934  
10245.11758  
10271.4286  
10212.07443  
10230.61793  
10127.10552  
10242.57457  
10220.05826  
10240.5907  
10140.73221  
10176.78439  
10171.85039  
10329.91035  
10192.90515  
10230.72669  
10124.00621  
10157.74047  
10211.30955  
10151.91081  
10146.10499  
10162.84977  
10144.62525  
10271.0821  
10215.66044  
10258.25808  
10250.32827  
10215.14963  
10198.97005  
10321.75545  
10256.78242  
10282.41681  
10240.4087  
10272.91715  
10201.83565  
10246.27628  
10230.40048  
10348.3767  
10116.02724  
10299.62793  
10125.07443  
10167.34228  
10160.48086  
10215.30327  
10138.68722  
10212.8065  
10270.89815  
10236.4513  
10178.81072  
10173.66774  
10308.44029  
10201.22871  
10232.2685  
10210.8897  
10202.07971  
10144.38915  
10245.71342  
10172.9951  
10270.75376  
10163.62166  
10234.7826  
10218.70517  
10175.5902  
10215.15696  
10194.64118  
10268.75318  
10235.99428  
10193.45758  
10236.48404  
10268.84402  
10169.08285  
10303.13139  
10220.72459  
10180.70826  
10179.90643  
10284.23533  
10164.88047  
10147.23588  
10101.51678  
10097.12793  
10226.47844  
10234.99352  
10191.53908  
10173.47228  
10380.96337  
10189.12179  
10277.15856  
10170.54089  
10254.19897  
10235.89727  
10253.00664  
10334.60202  
10319.69609  
10301.73219  
10234.91309  
10190.35515  
10130.09842  
10340.93013  
10225.53679  
10207.85774  
10160.30288  
10158.30676  
10109.41651  
10250.28011  
10163.99954  
10116.59229  
10148.58118  
10276.3226  
10199.7516  
10236.94513  
10197.74769  
10213.40648  
10147.48613  
10218.06138  
10226.69254  
10218.75039  
10295.57457  
10228.17489  
10292.14315  
10179.57781  
10292.52958  
10235.13279  
10249.53908  
10130.83029  
10158.7351  
10116.63477  
10206.96103  
10220.85165  
10309.97797  
10310.92026  
10286.38922  
10278.95066  
10217.33974  
10100.0639  
10192.31797  
10049.49013  
10248.41493  
10216.35678  
10181.70819  
10134.6003  
10196.24389  
10180.45094  
10222.29231  
10191.85991  
10209.11357  
10211.55309  
10322.69783  
10262.15506  
10266.42326  
10260.89771  
10217.52592  
10280.17594  
10151.75966  
10164.08109  
10187.46845  
