11505.54222  
11442.82622  
11463.98857  
11567.42863  
11450.76974  
11557.69213  
11406.82391  
11436.78743  
11489.1166  
11484.40797  
11492.59934  
11424.92929  
11555.84361  
11473.76767  
11506.41699  
11465.86127  
11563.86987  
11474.83267  
11513.16453  
11436.27825  
11495.27834  
11436.13077  
11443.98047  
11554.27505  
11415.01038  
11426.80308  
11492.65331  
11386.722  
11428.75488  
11467.58305  
11452.0725  
11401.53871  
11429.18832  
11471.37065  
11483.19167  
11463.47037  
11530.73522  
11488.38759  
11533.00395  
11484.71649  
11536.87991  
11467.35368  
11558.24851  
11439.04025  
11540.24696  
11428.43247  
11486.75124  
11464.26522  
11494.6603  
11502.9951  
11477.52422  
11499.10372  
11459.19785  
11483.12257  
11447.62237  
11517.91883  
11483.37438  
11479.80897  
11432.53994  
11544.32058  
11459.82744  
11483.53861  
11419.07841  
11496.00757  
11425.50344  
11430.11244  
11446.10252  
11463.33238  
11440.21239  
11467.50049  
11455.12791  
11447.82496  
11530.79896  
11467.42105  
11475.80579  
11447.77416  
11537.7817  
11525.24266  
11506.0274  
11481.93946  
11523.04613  
11444.83743  
11473.87603  
11432.89335  
11433.71458  
11446.57608  
11522.35495  
11503.07472  
11468.38333  
11582.57066  
11479.66183  
11507.23635  
11433.79038  
11476.65276  
11458.61242  
11475.42314  
11503.16036  
11528.72563  
11521.9819  
11488.9563  
11541.08521  
11439.94618  
11523.66773  
11491.92701  
11543.0189  
11426.09758  
11466.02893  
11402.74822  
11496.54994  
11416.79495  
11514.14405  
11460.23542  
11519.96319  
11457.90085  
11516.27808  
11455.35785  
11448.38817  
11454.02597  
11427.22876  
11472.54625  
11511.74252  
11503.53246  
11478.88387  
11603.39793  
11493.08366  
11505.7856  
11474.48485  
11528.53799  
11413.36124  
11465.10257  
11409.42707  
11498.8358  
11471.32034  
11513.36378  
11495.87329  
11506.12959  
11508.73959  
11516.91568  
11427.35852  
11541.97816  
11431.3508  
11457.33083  
11454.36828  
11554.80051  
11420.55663  
11433.51275  
11450.14749  
11490.47352  
11439.01606  
11513.61949  
11437.40892  
11507.26972  
11462.86316  
11484.90789  
11542.13137  
11485.90285  
11510.74679  
11440.2562  
11485.90734  
11470.57675  
