12227.35173  
12249.50555  
12049.16281  
12181.78302  
12087.40811  
12148.38638  
12051.36974  
12037.69904  
11952.60812  
11967.21099  
11948.18697  
11990.7274  
12140.48455  
12101.24104  
12129.27101  
12054.72176  
12254.15384  
12148.33239  
12134.34519  
12117.04724  
12210.28967  
12092.97502  
11971.70572  
12052.31253  
12095.5195  
11950.48145  
12082.3365  
12021.05103  
11980.76593  
12089.35825  
12052.04068  
12013.81042  
12070.67841  
12172.20962  
12043.87301  
12047.92875  
12204.94755  
12117.9165  
12225.94214  
12049.0077  
12128.74365  
12108.25989  
12082.03753  
12094.87685  
12166.11529  
12084.46367  
12221.9648  
12256.79449  
12115.88872  
12082.8708  
12150.71214  
12102.27007  
12125.42688  
12118.16773  
12104.88577  
12137.77941  
12088.78165  
12062.71714  
11975.73593  
12103.66844  
12128.61257  
12108.31001  
11987.39568  
12133.41972  
12029.26205  
12089.63067  
12052.80016  
12170.109  
11972.71537  
12001.86902  
11979.16481  
11900.09497  
12046.31946  
12055.23555  
12099.24771  
12069.78851  
12147.94715  
12192.06735  
12289.80809  
12136.58387  
12064.18427  
12006.49782  
12025.43916  
12182.13168  
12039.53878  
12114.06681  
12095.15826  
12173.16532  
11973.93829  
12031.64209  
12029.68753  
12118.85327  
12029.38261  
12251.87515  
12081.57753  
12115.83774  
12238.88855  
12266.81647  
12234.71849  
12110.25055  
12178.10688  
12037.67245  
12069.3964  
12163.39181  
12244.55317  
11941.64836  
12102.83714  
12001.66054  
12024.216  
12029.94415  
12181.73522  
12083.00114  
12105.82022  
12005.18073  
12155.21349  
12120.82336  
12082.24757  
12042.64991  
12014.1022  
11977.94581  
12175.08601  
12191.77626  
12093.70162  
12268.86282  
12101.75686  
12034.25709  
12039.50846  
12095.89659  
11938.10744  
12088.47957  
11899.19293  
11980.8394  
11974.8474  
12137.55827  
12095.68445  
12161.93871  
12180.92015  
12111.07472  
11910.76713  
11974.6971  
11964.61606  
12041.76477  
11980.63259  
12151.79665  
12091.53325  
12166.29212  
12071.89927  
12222.4786  
12152.71555  
12238.92708  
12130.10372  
12283.61166  
12150.77274  
12013.82244  
12085.3176  
12078.55526  
12015.05261  
12038.23008  
12135.56047  
12039.90652  
