11033.92891  
10954.62026  
11013.10286  
11054.62437  
10899.12383  
11126.0707  
10926.34988  
10916.80657  
11013.58106  
10996.33787  
10947.48909  
10898.96668  
11103.27949  
10953.99102  
11003.6994  
10952.14454  
11056.29246  
10944.30105  
11066.41374  
10991.2955  
10995.95949  
10896.0402  
10899.64327  
11021.15647  
10910.9608  
10893.61803  
11017.31249  
10905.16755  
10998.76616  
10965.11549  
10942.09138  
10919.47675  
10976.05192  
10922.09305  
11014.48301  
10973.63602  
11023.94047  
10979.73174  
11023.16792  
10965.19897  
11055.24398  
10956.51096  
11141.41493  
10947.07136  
11065.5207  
10902.79708  
10985.29949  
10906.4895  
10983.48434  
11024.85902  
10965.1623  
11022.68364  
11023.48278  
10986.89896  
10940.64558  
11067.84539  
10998.38659  
11001.52932  
10945.13638  
11056.80748  
10947.4849  
11014.10438  
10913.88345  
11048.755  
10875.33657  
10944.75101  
10993.06627  
10951.27678  
11000.1917  
10968.62832  
10996.64385  
10981.35036  
11002.9593  
10966.46358  
10964.84641  
10930.54533  
11035.16524  
11003.53442  
11039.80892  
10970.72222  
11005.07313  
10915.17206  
10947.49193  
10879.21756  
10872.14851  
10970.23803  
11060.51261  
10955.95352  
10946.71406  
11149.82415  
11022.65265  
10982.37808  
10913.39589  
10980.91579  
10993.74101  
11012.40792  
11058.77573  
11064.74883  
11042.05332  
11006.67341  
10998.00818  
10947.13979  
11081.19058  
11037.71423  
11005.06526  
10923.42529  
10998.67657  
10841.75413  
11026.44694  
10954.3973  
10978.25062  
10916.45434  
11032.78026  
10980.83186  
11047.87627  
10920.27966  
10975.66541  
10937.86168  
10895.24776  
10953.6613  
11033.2399  
10995.4645  
10976.67936  
11103.46345  
10977.06535  
11027.73313  
11011.9166  
10996.08722  
10918.53669  
10940.74047  
10883.88139  
11050.53377  
10948.81029  
11019.3536  
11017.8953  
11069.3808  
11001.93984  
11057.65881  
10903.82502  
11081.17757  
10892.87853  
10996.95151  
11002.31414  
11022.65  
10903.54061  
10935.81173  
10946.07184  
11026.10668  
10950.33487  
10966.67383  
10905.42974  
10971.76628  
10950.88208  
10986.78886  
11079.51015  
10977.33724  
11098.15924  
10973.4112  
10944.52798  
10973.81992  
