10556.9879  
10497.10256  
10500.84309  
10586.94751  
10504.75004  
10610.34471  
10439.85093  
10531.40191  
10519.78085  
10527.29512  
10538.15701  
10461.71757  
10580.48993  
10526.69732  
10574.72034  
10487.33962  
10579.32445  
10534.20292  
10546.79413  
10440.21541  
10566.30158  
10489.06371  
10523.53178  
10582.69568  
10448.33089  
10487.67728  
10553.7071  
10409.57643  
10494.36748  
10559.43834  
10506.18493  
10488.05916  
10479.50722  
10584.6685  
10542.28648  
10497.54027  
10561.53863  
10544.93199  
10611.91067  
10538.53763  
10599.73966  
10540.38313  
10583.07496  
10477.19415  
10598.90145  
10461.7517  
10535.12432  
10520.59297  
10508.03881  
10483.97356  
10508.5774  
10513.10304  
10466.47966  
10537.63026  
10532.75733  
10546.10856  
10484.68733  
10491.42556  
10479.496  
10571.69132  
10491.45466  
10513.97615  
10447.98276  
10564.01812  
10522.37254  
10498.73183  
10483.83428  
10514.4557  
10447.06435  
10530.77208  
10509.51725  
10460.73719  
10592.21642  
10543.18123  
10561.85181  
10511.615  
10600.09041  
10577.44902  
10552.65256  
10534.00117  
10607.58251  
10521.15954  
10523.58279  
10486.01822  
10480.02949  
10504.47483  
10480.5174  
10550.6792  
10534.53482  
10634.26745  
10521.17365  
10570.03958  
10512.52624  
10532.73025  
10469.00199  
10487.6989  
10591.22823  
10633.5691  
10574.85285  
10528.49114  
10590.10388  
10479.08874  
10552.5787  
10507.59732  
10581.34804  
10459.47655  
10496.22301  
10468.17474  
10539.40776  
10448.10915  
10532.63051  
10490.87468  
10579.98328  
10490.29759  
10549.56852  
10535.86396  
10498.60649  
10545.64225  
10548.26367  
10530.511  
10520.59786  
10554.43386  
10545.44911  
10661.9877  
10528.87815  
10564.95358  
10522.97159  
10578.76392  
10471.3936  
10542.27249  
10427.93294  
10486.75505  
10562.75157  
10603.64139  
10575.03491  
10539.8858  
10598.49839  
10533.98176  
10417.53934  
10481.68203  
10417.19112  
10492.22204  
10460.42241  
10593.82842  
10468.52893  
10500.01894  
10472.20625  
10501.30467  
10514.40228  
10544.71007  
10567.17177  
10614.18479  
10568.16472  
10581.81498  
10579.13373  
10569.97858  
10513.06389  
10453.90336  
10528.98626  
10483.84867  
