11616.85971  
11517.98618  
11636.48534  
11613.73385  
11462.82515  
11696.56918  
11474.70175  
11501.33822  
11655.28555  
11578.99477  
11531.7966  
11500.827  
11679.59124  
11477.00578  
11602.99836  
11557.91731  
11587.93141  
11523.92027  
11705.35928  
11638.57007  
11552.43458  
11458.09014  
11506.20576  
11579.12531  
11469.71174  
11487.81993  
11536.09533  
11532.56585  
11589.21767  
11493.26674  
11563.80955  
11526.15087  
11520.41573  
11487.63579  
11656.97954  
11588.95494  
11602.52976  
11585.07962  
11622.43826  
11562.52902  
11596.69717  
11509.08537  
11730.26699  
11475.29216  
11652.27164  
11515.377  
11533.28696  
11438.27726  
11604.8738  
11602.72078  
11512.04106  
11662.39596  
11643.72798  
11539.5925  
11507.58079  
11677.29087  
11543.06463  
11595.95582  
11561.95359  
11573.96822  
11489.39438  
11585.53687  
11515.41892  
11539.83561  
11438.77066  
11521.88614  
11587.34936  
11516.05297  
11599.37625  
11478.31173  
11603.96839  
11584.76698  
11541.50698  
11522.21365  
11561.45467  
11517.92353  
11639.45855  
11622.32882  
11559.90337  
11546.18818  
11622.08643  
11542.50504  
11507.97248  
11450.89998  
11475.83883  
11588.43358  
11637.97013  
11544.68696  
11558.35968  
11750.72112  
11611.10493  
11571.53556  
11509.22998  
11589.02039  
11616.01183  
11662.5982  
11638.67789  
11584.33979  
11655.55525  
11614.67194  
11528.86076  
11512.29879  
11662.64047  
11621.35285  
11552.40086  
11543.63205  
11573.19191  
11408.95989  
11602.83768  
11548.3508  
11480.16627  
11465.59586  
11635.7239  
11596.63319  
11641.09789  
11528.64959  
11574.30256  
11470.54039  
11489.45862  
11581.6726  
11639.41778  
11615.18437  
11577.02717  
11647.65213  
11512.53301  
11608.90529  
11613.70683  
11593.72767  
11517.0307  
11457.97927  
11471.04824  
11626.05054  
11522.16051  
11630.0592  
11643.3638  
11689.37244  
11551.80379  
11609.36973  
11444.00111  
11641.06771  
11441.17115  
11616.17964  
11611.8273  
11582.21295  
11476.64349  
11537.55414  
11552.16816  
11607.02908  
11507.20837  
11557.76437  
11489.73518  
11530.73272  
11521.04996  
11574.45527  
11693.04194  
11522.62096  
11693.38148  
11564.60582  
11511.63886  
11589.4282  
