11348.18682  
11249.83034  
11357.58981  
11324.26839  
11168.58187  
11396.61156  
11188.3846  
11234.32897  
11342.28567  
11282.53082  
11217.32398  
11174.9995  
11397.68228  
11204.99077  
11309.27693  
11251.10124  
11280.94669  
11213.6772  
11398.01277  
11364.47246  
11273.78951  
11132.7885  
11197.15683  
11270.89706  
11181.43976  
11184.1614  
11242.06357  
11237.46956  
11320.1452  
11218.8419  
11241.4782  
11232.55945  
11267.98608  
11203.32016  
11348.92553  
11297.34049  
11293.91383  
11275.69188  
11323.18667  
11247.29405  
11311.40144  
11219.92014  
11440.5485  
11207.10116  
11365.08335  
11227.86726  
11288.68682  
11124.52181  
11315.18719  
11301.87636  
11192.67657  
11336.52703  
11381.59819  
11263.09551  
11223.22282  
11378.74728  
11269.82864  
11300.28496  
11262.1394  
11257.22915  
11199.57056  
11280.86285  
11238.07209  
11276.85189  
11125.27243  
11239.19454  
11321.91871  
11221.47461  
11329.88022  
11200.11874  
11302.29844  
11297.00055  
11232.3166  
11216.59274  
11280.26647  
11239.39246  
11325.43788  
11339.17338  
11313.21552  
11269.98364  
11313.421  
11244.61822  
11218.56681  
11144.47106  
11142.75811  
11302.65459  
11370.1887  
11240.0988  
11256.16609  
11463.10537  
11344.47687  
11293.08856  
11216.66927  
11295.84024  
11344.51885  
11356.27057  
11337.57787  
11299.06615  
11355.98926  
11331.83526  
11231.40012  
11205.6005  
11350.97242  
11347.53946  
11237.94491  
11227.58989  
11304.66332  
11091.82567  
11297.69741  
11257.42452  
11184.36688  
11151.69638  
11339.10403  
11301.62824  
11354.49553  
11234.63124  
11281.00343  
11187.23517  
11187.81809  
11268.2827  
11317.95113  
11346.10508  
11286.77668  
11352.76888  
11234.99028  
11318.38511  
11339.60639  
11297.13438  
11236.68497  
11169.38107  
11144.83734  
11333.08043  
11229.00922  
11327.98017  
11343.5956  
11418.8966  
11292.61118  
11360.75832  
11157.0704  
11326.71517  
11155.3518  
11325.37574  
11313.28038  
11226.90237  
11190.71868  
11256.76975  
11244.21739  
11318.36698  
11217.95114  
11251.78297  
11163.70489  
11216.55096  
11245.09573  
11275.63383  
11400.65141  
11258.25978  
11415.98941  
11283.3585  
11224.40872  
11289.99109  
