10762.85525  
10694.58244  
10704.69563  
10806.07013  
10682.82348  
10735.39447  
10732.20626  
10696.40075  
10734.49493  
10728.78398  
10682.01812  
10663.31267  
10768.01243  
10709.93834  
10672.09545  
10683.35839  
10780.41233  
10691.88097  
10640.29702  
10688.05122  
10753.3387  
10696.33188  
10738.50795  
10800.13565  
10686.89477  
10661.79588  
10791.92966  
10624.05432  
10731.03082  
10841.84318  
10736.20563  
10710.51031  
10752.66179  
10750.89287  
10677.599  
10711.50784  
10729.16218  
10709.31674  
10711.25922  
10713.05258  
10727.02175  
10729.81588  
10714.57237  
10680.57147  
10665.99825  
10698.17664  
10721.66765  
10727.65549  
10639.22067  
10717.47956  
10785.70278  
10711.80849  
10699.83886  
10749.89102  
10709.7227  
10747.68344  
10743.04036  
10625.47413  
10690.41855  
10769.48127  
10735.1535  
10668.64601  
10694.71116  
10808.35307  
10651.54784  
10692.90005  
10710.65034  
10711.51711  
10707.4844  
10787.35394  
10733.21261  
10695.41034  
10822.32131  
10833.5889  
10759.2612  
10703.13926  
10710.447  
10733.8127  
10877.90495  
10733.86887  
10726.57416  
10716.04375  
10672.64042  
10782.97735  
10647.08678  
10635.60183  
10723.88884  
10738.20011  
10646.32149  
10724.7324  
10707.4674  
10729.60182  
10644.104  
10747.60011  
10663.55512  
10759.99407  
10776.35059  
10848.24674  
10700.52306  
10656.48723  
10815.79711  
10621.79821  
10685.81103  
10714.1383  
10784.73863  
10673.93528  
10730.48424  
10639.90895  
10655.18668  
10650.66559  
10838.79305  
10675.88253  
10684.37731  
10685.93043  
10816.67941  
10700.21568  
10671.58416  
10743.20469  
10690.44066  
10731.7735  
10732.27983  
10721.90664  
10747.96186  
10841.81697  
10735.7244  
10705.94198  
10711.71717  
10658.03143  
10638.37811  
10825.14162  
10633.41096  
10726.11578  
10715.60039  
10785.96319  
10749.793  
10795.42305  
10766.61053  
10726.98189  
10561.50774  
10657.56708  
10672.78251  
10640.73762  
10635.97875  
10809.72145  
10741.64811  
10720.3911  
10700.72432  
10709.30057  
10731.71775  
10831.26557  
10721.3201  
10791.70637  
10797.59011  
10782.33128  
10768.64492  
10703.87191  
10683.98879  
10659.88852  
10662.90628  
10633.3823  
