10917.04215  
10871.38544  
10794.85535  
10639.89455  
10632.82133  
10830.00257  
10843.27481  
10703.46885  
10709.97457  
10753.9832  
10749.95105  
10740.95143  
10920.66785  
10866.08153  
10832.0801  
10703.49326  
10664.60288  
10641.83769  
10630.66897  
10796.52398  
10840.82522  
10868.40392  
10779.43451  
10691.85641  
10657.931  
10635.01929  
10622.83929  
10698.33763  
10708.64878  
10863.24587  
10918.90782  
10851.11153  
10648.64822  
10694.02812  
10631.9952  
10652.3977  
10731.78043  
10881.41267  
10848.25331  
10701.17977  
10820.32398  
10731.58925  
10801.98868  
10920.49811  
10693.12129  
10638.93064  
10698.24019  
10882.80991  
10946.91602  
10881.72487  
10910.255  
10854.34931  
10829.8078  
10659.54662  
10730.38708  
10942.42243  
10702.54078  
10647.11234  
10681.94198  
10686.06621  
10505.29789  
10544.25185  
10634.00082  
10759.35991  
10811.05995  
10731.81095  
10703.77154  
10659.50032  
10715.55572  
10680.68826  
10679.1598  
10944.59744  
10754.48135  
10687.24705  
10739.18365  
10837.07151  
10847.24119  
10938.52055  
10798.35744  
10766.32055  
10810.32243  
10966.00066  
10838.56977  
10722.80004  
10670.69274  
10663.56401  
10693.20894  
10758.58381  
10773.22931  
10921.81983  
10868.81399  
10780.97413  
10728.67528  
10785.13094  
10846.45247  
10784.99428  
10932.61755  
10867.18979  
10879.1192  
10842.03807  
10805.40262  
10769.33996  
10726.44717  
10842.4386  
10632.32537  
10714.36695  
10654.18953  
10680.47321  
10809.37372  
10822.70695  
10750.86029  
10727.63899  
10772.68698  
10887.78932  
10802.11049  
10623.942  
10515.58283  
10433.54046  
10686.02451  
10641.26208  
10666.32922  
10603.08099  
10782.58002  
10915.67249  
10760.95414  
10701.73121  
10706.34596  
10860.88128  
10721.11442  
10661.295  
10782.32486  
10810.58771  
10919.83815  
10871.38578  
10708.96066  
10727.68782  
10867.82968  
10741.68676  
10753.33094  
10724.15503  
10754.92403  
10823.61378  
10812.80883  
10894.82563  
10889.47114  
10828.77796  
10980.43798  
10790.58845  
10755.29745  
10821.49099  
10836.26961  
10775.31248  
10650.1748  
10590.64571  
10585.00538  
10701.32769  
10600.28454  
10657.27627  
10775.65294  
10944.68367  
