10559.36793  
10560.64908  
10499.04829  
10532.43155  
10600.82521  
10563.55395  
10496.91919  
10570.57854  
10537.68936  
10564.60782  
10590.87695  
10558.50263  
10520.19924  
10529.76052  
10539.89988  
10579.08922  
10596.47544  
10525.42182  
10600.63348  
10592.82091  
10530.0723  
10491.37231  
10497.30042  
10495.05543  
10551.13936  
10565.98261  
10535.39764  
10552.69377  
10637.40354  
10580.67301  
10519.31186  
10525.07101  
10541.19932  
10560.19879  
10551.7341  
10538.86553  
10652.15733  
10566.18766  
10517.98697  
10615.21715  
10661.15668  
10679.41146  
10641.27669  
10513.92524  
10564.68151  
10562.12718  
10539.99509  
10563.97273  
10548.26167  
10550.5247  
10495.39359  
10471.68509  
10480.93368  
10574.41063  
10580.50734  
10644.12024  
10579.32641  
10559.50566  
10556.44671  
10482.53723  
10425.64303  
10405.0648  
10446.24767  
10439.93599  
10439.44658  
10441.63052  
10468.90425  
10528.46214  
10522.43377  
10544.10333  
10566.94803  
10512.36632  
10607.91557  
10605.68833  
10580.81535  
10581.26049  
10512.28728  
10540.07553  
10657.12226  
10658.33102  
10558.04221  
10495.31471  
10523.64667  
10554.20013  
10622.98188  
10602.27266  
10589.54194  
10620.30592  
10559.75521  
10488.89393  
10512.60285  
10490.96903  
10554.93831  
10583.08722  
10601.89282  
10614.96615  
10609.81938  
10606.40151  
10550.07154  
10479.87141  
10428.08121  
10422.39626  
10418.95002  
10660.79998  
10675.56815  
10608.64613  
10616.86834  
10661.21471  
10671.95182  
10568.40585  
10650.23875  
10663.14107  
10622.20369  
10600.11558  
10447.36563  
10308.40646  
10366.65447  
10426.10093  
10431.33162  
10413.92124  
10504.61484  
10548.50337  
10570.97803  
10497.90781  
10512.74647  
10497.59628  
10557.3369  
10474.8953  
10463.30715  
10525.88437  
10457.44937  
10588.32355  
10548.51012  
10509.67608  
10508.82007  
10613.79181  
10585.15376  
10608.36268  
10588.76722  
10586.89214  
10507.71453  
10583.84652  
10619.175  
10655.53328  
10546.82739  
10698.48614  
10559.52488  
10566.76645  
10467.38819  
10560.10419  
10646.8469  
10547.05752  
10507.7739  
10470.94809  
10545.15265  
10508.82164  
10546.64824  
10527.94488  
10571.57606  
10538.74987  
