11177.09927  
11098.35751  
11039.52755  
10944.84637  
10954.10262  
11088.1315  
11076.16435  
10979.86789  
11012.03043  
11054.60758  
11050.78872  
11011.83156  
11140.17086  
11096.51925  
11063.65328  
10973.58816  
10982.07138  
10945.69912  
10927.51235  
11064.31772  
11094.8087  
11078.44763  
11021.87631  
10951.65124  
10935.82353  
10956.8786  
10921.62478  
10988.23565  
11017.05473  
11120.83255  
11149.2612  
11074.12719  
10920.18192  
10944.75622  
10935.37557  
10958.39591  
11057.25866  
11129.74472  
11092.70869  
10974.96711  
11083.0717  
11040.96754  
11097.10803  
11142.67527  
10995.5074  
10944.11816  
11009.31048  
11127.5333  
11150.11879  
11129.16553  
11129.32825  
11084.5035  
11055.15875  
10938.02571  
10999.1758  
11227.09371  
11016.60792  
10955.51498  
10986.28152  
10971.02619  
10839.84871  
10861.26805  
10922.83092  
11033.65508  
11038.53391  
10979.62684  
10938.47624  
10946.86293  
11018.09852  
10969.47416  
10976.70031  
11145.31148  
11036.95588  
10987.95145  
11009.69932  
11077.07175  
11095.13273  
11167.8588  
11118.99243  
11055.4258  
11075.77646  
11161.52507  
11061.64899  
10971.05878  
10955.30669  
10954.55213  
10980.96189  
11033.4637  
11037.92787  
11130.05422  
11090.84515  
11028.26088  
11002.77068  
11059.73967  
11033.95719  
11064.33679  
11168.14347  
11102.12265  
11087.70456  
11048.46308  
11025.69256  
10980.54247  
10963.31386  
11069.97923  
10940.0128  
11069.21394  
10979.76058  
11011.23254  
11126.04033  
11120.94917  
11114.00994  
11002.20848  
11046.23061  
11164.53236  
11050.07824  
10894.59428  
10808.89433  
10751.82545  
10921.92959  
10903.45434  
11006.86567  
10928.76271  
11060.33246  
11128.7368  
11041.36821  
11004.30354  
10995.9732  
11092.0743  
10947.70791  
10956.05646  
11012.04653  
11045.78837  
11131.24107  
11094.43257  
10950.66082  
11017.36476  
11103.05577  
11013.69602  
11002.22917  
11004.35489  
11044.76748  
11081.93006  
11084.82131  
11170.72989  
11116.64318  
11051.45213  
11257.55708  
11088.96368  
11041.31993  
11148.07029  
11133.22316  
11057.58648  
10911.28146  
10925.18518  
10881.46427  
10945.59048  
10877.8702  
10955.71698  
11046.29977  
11125.17844  
