10556.32965  
10553.97359  
10544.38811  
10514.28198  
10484.38603  
10498.45601  
10565.48857  
10530.48888  
10514.64772  
10501.09873  
10522.29654  
10514.72555  
10551.62645  
10537.77846  
10490.6993  
10472.32073  
10527.14479  
10476.73835  
10445.85928  
10496.39466  
10534.30455  
10548.65964  
10525.91169  
10465.60019  
10502.27457  
10499.9416  
10476.56423  
10481.17175  
10521.18499  
10542.70904  
10558.6351  
10506.60882  
10495.03284  
10485.53764  
10440.79046  
10480.86977  
10527.29039  
10546.46153  
10517.49198  
10497.56721  
10604.2348  
10554.92209  
10539.08531  
10570.63199  
10534.48559  
10469.76544  
10467.96739  
10554.63149  
10583.80529  
10508.63505  
10543.5533  
10542.2765  
10541.28093  
10481.64196  
10515.48489  
10634.97759  
10531.37102  
10487.3359  
10490.04166  
10479.9069  
10408.43166  
10452.9236  
10454.29229  
10484.02015  
10512.56178  
10437.85378  
10481.94492  
10480.51126  
10499.28051  
10456.24962  
10484.94925  
10555.55943  
10521.5831  
10475.85282  
10485.60698  
10481.73602  
10560.03484  
10553.88339  
10586.05572  
10518.28183  
10519.3987  
10556.55268  
10553.1103  
10495.12931  
10497.88439  
10483.34861  
10499.70604  
10510.15899  
10487.19807  
10540.77691  
10529.2736  
10472.86321  
10513.4221  
10538.21877  
10538.99323  
10520.6068  
10566.00741  
10492.31211  
10462.06483  
10490.52356  
10435.94081  
10458.60897  
10480.8944  
10490.7431  
10490.71925  
10618.03665  
10546.41648  
10546.16787  
10575.52937  
10627.05945  
10576.91123  
10503.88181  
10523.65437  
10546.37429  
10512.18466  
10429.05163  
10463.70961  
10405.9615  
10428.63011  
10474.71049  
10577.35413  
10465.28868  
10519.56441  
10546.77623  
10530.68218  
10517.93831  
10513.54361  
10556.68733  
10490.7759  
10495.11235  
10462.06606  
10470.28022  
10537.00808  
10560.50607  
10457.28228  
10495.80849  
10505.44105  
10519.28699  
10512.97153  
10455.72781  
10507.49042  
10496.51281  
10536.96312  
10584.60343  
10510.17418  
10473.07862  
10687.0778  
10501.41689  
10486.30752  
10629.32009  
10577.55001  
10537.94965  
10483.55765  
10479.90421  
10470.06814  
10520.00525  
10461.86368  
10504.83668  
10513.61572  
10526.50661  
