10424.04026  
10477.6863  
10466.77537  
10384.82504  
10324.40941  
10340.19423  
10470.18457  
10429.0546  
10367.00269  
10335.10281  
10355.88385  
10361.80567  
10470.29156  
10428.75245  
10382.32071  
10359.26743  
10385.90707  
10300.70559  
10270.89236  
10333.04265  
10392.19554  
10455.46355  
10437.15849  
10353.7046  
10392.42736  
10348.56282  
10323.70739  
10321.49669  
10342.84627  
10372.50071  
10459.22659  
10407.97577  
10399.36347  
10381.07461  
10309.30613  
10312.4628  
10344.80054  
10401.91366  
10394.76047  
10379.22971  
10481.08253  
10413.41617  
10335.13822  
10447.38851  
10413.59764  
10336.32535  
10311.30709  
10441.32508  
10492.40443  
10395.9699  
10461.18271  
10460.19344  
10471.74218  
10353.21786  
10393.03793  
10510.86728  
10390.77167  
10332.33911  
10319.66925  
10331.31607  
10230.53775  
10314.60835  
10273.42402  
10323.5066  
10456.5199  
10351.42171  
10419.76947  
10366.72654  
10332.16608  
10303.07155  
10328.50988  
10485.42594  
10400.15802  
10317.16354  
10336.89871  
10332.43187  
10488.5767  
10442.17194  
10405.06074  
10337.49691  
10346.86328  
10474.27737  
10498.877  
10397.26664  
10377.97593  
10338.78042  
10356.36321  
10357.58133  
10336.03979  
10470.70223  
10455.64607  
10404.25611  
10426.99767  
10395.44277  
10466.22691  
10422.31959  
10456.33565  
10374.3445  
10336.79495  
10446.43767  
10346.6443  
10408.55262  
10452.45011  
10443.42186  
10344.69515  
10438.41329  
10379.26106  
10357.29691  
10369.31146  
10448.64306  
10378.44535  
10377.47386  
10353.74434  
10362.0057  
10393.88718  
10305.76387  
10320.53477  
10239.78257  
10271.31929  
10388.6879  
10434.69553  
10269.74056  
10355.06758  
10442.37495  
10431.02871  
10352.71788  
10336.35542  
10456.05347  
10405.1447  
10358.63028  
10344.72558  
10319.4485  
10413.63116  
10509.9532  
10380.05419  
10352.34664  
10376.22505  
10439.65965  
10425.48023  
10331.44168  
10370.97472  
10356.97455  
10434.70695  
10416.86398  
10399.06497  
10396.76932  
10557.56975  
10349.00161  
10361.91096  
10496.19408  
10424.63468  
10438.22304  
10371.22145  
10296.76136  
10291.96295  
10439.36978  
10325.67292  
10344.62301  
10340.12068  
10429.33972  
