10683.32746  
10627.20939  
10618.89634  
10638.56063  
10637.96358  
10650.38731  
10656.9804  
10627.8658  
10656.38695  
10660.45481  
10682.05271  
10661.52863  
10629.70795  
10642.44344  
10594.74274  
10580.85189  
10662.733  
10645.7298  
10613.82751  
10653.21259  
10670.7292  
10638.12788  
10611.11477  
10573.01996  
10607.72789  
10645.26523  
10623.3068  
10634.4598  
10692.39017  
10706.10903  
10654.06727  
10601.29654  
10586.87544  
10585.82215  
10567.01541  
10642.54046  
10702.48064  
10685.22749  
10635.31423  
10611.17121  
10722.46099  
10690.76777  
10734.87451  
10688.94572  
10650.53803  
10597.86792  
10618.36128  
10663.40564  
10671.55012  
10616.7936  
10622.62906  
10621.07624  
10608.03813  
10604.92909  
10633.03397  
10754.1235  
10666.34641  
10636.13282  
10653.59917  
10622.55409  
10579.20981  
10585.70625  
10627.92583  
10638.11315  
10566.36199  
10520.82856  
10541.63335  
10589.74459  
10659.71036  
10603.30056  
10635.13104  
10622.88757  
10638.15117  
10628.19453  
10628.36691  
10625.06801  
10628.63465  
10661.12638  
10759.81091  
10691.83535  
10685.03271  
10635.53698  
10605.17427  
10589.07747  
10612.99651  
10622.13408  
10637.31517  
10656.63354  
10632.31001  
10608.0486  
10599.95604  
10538.72602  
10596.38955  
10675.28374  
10608.8489  
10614.96253  
10671.29229  
10605.56102  
10582.32392  
10532.84601  
10521.66547  
10506.66306  
10508.20091  
10536.17149  
10630.90238  
10790.47508  
10706.88568  
10727.484  
10773.49855  
10798.33918  
10767.43847  
10625.23345  
10686.768  
10723.36813  
10625.75025  
10547.40788  
10601.15746  
10565.49327  
10579.6485  
10557.29218  
10714.3064  
10653.01488  
10677.48137  
10647.00146  
10626.34951  
10676.54992  
10683.64428  
10653.29584  
10572.98186  
10626.13514  
10574.71293  
10615.07867  
10655.44991  
10609.03683  
10531.42124  
10633.53187  
10629.48841  
10595.72924  
10596.96317  
10575.0425  
10638.5455  
10630.46955  
10635.12905  
10745.63329  
10616.83902  
10546.33556  
10811.40553  
10647.73557  
10605.72822  
10757.12106  
10724.34873  
10633.6872  
10591.40041  
10655.72134  
10641.04912  
10597.41529  
10592.60682  
10658.64181  
10680.17097  
10619.78682  
