10513.71277  
10448.45319  
10376.33308  
10439.35991  
10450.57457  
10452.61147  
10426.73335  
10401.58345  
10473.95071  
10450.18534  
10473.7865  
10417.28262  
10415.19273  
10452.05676  
10413.52604  
10397.54999  
10490.93155  
10482.57515  
10414.56868  
10475.27088  
10455.09363  
10411.53869  
10375.71577  
10375.42064  
10397.59819  
10400.01835  
10392.65439  
10434.14421  
10490.11577  
10482.71096  
10417.07289  
10395.46112  
10385.3919  
10395.62777  
10407.44706  
10480.13881  
10520.85563  
10477.0569  
10459.18283  
10450.89142  
10570.9811  
10496.54288  
10533.19889  
10441.49465  
10453.48714  
10411.3966  
10419.76065  
10466.21647  
10468.17106  
10412.69406  
10389.92864  
10396.7064  
10370.85758  
10390.60891  
10440.86695  
10517.89953  
10516.13114  
10444.65074  
10471.58538  
10352.10526  
10314.30232  
10347.02104  
10369.45571  
10392.04683  
10356.85786  
10339.74221  
10331.76697  
10403.1562  
10460.68941  
10423.07196  
10461.4455  
10451.71377  
10516.25832  
10489.37219  
10454.73107  
10473.41895  
10482.78427  
10479.901  
10597.4116  
10524.35147  
10528.65081  
10431.79281  
10431.90372  
10428.29971  
10485.96196  
10479.17887  
10452.60047  
10462.18776  
10462.45787  
10427.46705  
10414.53453  
10388.67422  
10448.05501  
10490.35049  
10400.84482  
10430.93222  
10527.98635  
10406.83343  
10402.51895  
10351.10307  
10297.91264  
10298.81792  
10289.75935  
10354.54253  
10343.43457  
10502.28434  
10405.11772  
10445.05913  
10472.18843  
10527.859  
10525.65599  
10492.15079  
10557.02925  
10507.91815  
10297.85347  
10260.64762  
10329.0179  
10318.88777  
10307.28683  
10321.59856  
10464.2201  
10439.32571  
10507.28525  
10432.10075  
10444.26463  
10490.25532  
10503.4062  
10431.98984  
10401.38118  
10438.8109  
10374.31413  
10468.44708  
10450.95508  
10443.57736  
10389.11382  
10501.33552  
10435.52221  
10428.83803  
10435.24321  
10432.20538  
10493.27214  
10475.3477  
10482.47166  
10611.0745  
10449.67097  
10397.97342  
10535.58054  
10492.91676  
10365.2241  
10553.95966  
10446.50774  
10378.67573  
10363.04225  
10411.65578  
10367.23065  
10374.42353  
10374.18097  
10468.91613  
10462.41416  
10417.02932  
