11201.61053  
11181.9185  
11077.83427  
11015.12926  
11094.553  
11133.81945  
11132.31599  
11064.57536  
11037.41069  
11101.02877  
11119.68324  
11099.56396  
11137.53717  
11153.08932  
11119.26283  
11094.48679  
11085.68621  
11039.2516  
11062.24155  
11139.02105  
11147.00998  
11121.70909  
11094.56666  
11027.62775  
10991.66979  
10960.68069  
11026.04097  
11063.72865  
11116.30427  
11139.5669  
11160.67224  
11132.43428  
11127.22403  
11019.32384  
11046.54172  
11118.84841  
11185.41597  
11194.01031  
11172.88482  
11121.05106  
11173.99237  
11140.8088  
11205.55667  
11184.69162  
11069.71479  
11028.7735  
11074.49077  
11142.41835  
11178.33036  
11124.96587  
11112.49895  
11110.24098  
11103.50217  
11032.33547  
11097.9516  
11118.85665  
11066.40316  
11113.35147  
11109.91751  
10957.1583  
10896.89782  
10905.76265  
10950.22974  
11026.62081  
11074.71562  
11058.75342  
11070.26791  
11004.38888  
11029.89934  
11066.86088  
11098.97125  
11180.81416  
11092.67709  
11116.12765  
11158.33551  
11164.69728  
11050.39929  
11152.84188  
11168.58515  
11145.72818  
11124.85924  
11141.07371  
11123.98675  
11039.95468  
11105.38167  
11094.05436  
11078.74039  
11112.2698  
11121.27476  
11178.79905  
11172.79539  
11118.62604  
11048.91888  
11118.21361  
11202.87567  
11222.82678  
11267.10421  
11244.9133  
11173.35075  
11141.26712  
11104.44583  
11049.98632  
11037.19301  
11218.46278  
11181.22916  
11092.70221  
11085.35519  
11125.54001  
11133.09085  
11022.82558  
11242.70254  
11178.23441  
11204.78838  
11163.3409  
10994.87723  
10823.65106  
10784.73628  
10841.15023  
10917.97089  
11038.69827  
10973.70235  
11006.10534  
11128.3489  
11108.03163  
10982.62684  
10991.64417  
11052.76199  
11123.94458  
11004.319  
11107.66496  
11104.76738  
11161.98594  
11194.95078  
11157.65931  
11063.77065  
11145.52358  
11167.22368  
11175.15543  
11100.32715  
11092.445  
11129.33019  
11170.67768  
11162.72742  
11228.83264  
11192.59197  
11342.16982  
11168.98403  
11107.22374  
11087.63527  
11065.59328  
11120.02683  
11101.56315  
10975.16932  
10992.16592  
11048.18276  
11041.55909  
11007.82276  
11078.12439  
11113.19303  
11118.48897  
