10448.65527  
10413.90877  
10400.36567  
10403.90339  
10404.17179  
10432.83665  
10428.43117  
10455.7127  
10437.21696  
10417.7076  
10397.64747  
10380.4806  
10419.93389  
10427.49078  
10442.93555  
10433.43671  
10424.85749  
10429.48509  
10404.44422  
10435.46924  
10409.26375  
10404.43787  
10427.70523  
10457.47665  
10432.65161  
10419.52572  
10388.6746  
10421.38747  
10390.74892  
10384.66768  
10424.21854  
10450.97421  
10467.58204  
10471.25237  
10415.67238  
10395.62934  
10396.13871  
10413.28717  
10423.11271  
10460.19895  
10436.46095  
10501.9864  
10465.12934  
10377.2519  
10424.31857  
10411.87465  
10405.49463  
10409.80468  
10425.29649  
10416.66899  
10411.61094  
10370.19746  
10382.88484  
10467.62176  
10479.93097  
10495.24827  
10471.44826  
10386.09609  
10449.32544  
10409.65905  
10334.09434  
10317.87076  
10302.14821  
10353.26431  
10357.13999  
10393.8378  
10412.69612  
10447.4749  
10395.6303  
10404.85502  
10355.70485  
10412.32446  
10449.84829  
10446.91462  
10423.94933  
10409.46302  
10406.21207  
10436.88543  
10477.12234  
10433.79808  
10401.62925  
10387.16801  
10422.66369  
10448.91364  
10459.59351  
10478.57008  
10434.49286  
10409.35965  
10398.79232  
10419.05038  
10424.32941  
10408.53626  
10425.45433  
10396.88358  
10441.39452  
10526.45199  
10444.71457  
10418.51329  
10404.33851  
10415.08477  
10401.72915  
10373.39722  
10383.39832  
10503.66531  
10523.97808  
10432.65537  
10399.60841  
10404.41628  
10396.46502  
10451.85059  
10458.19232  
10483.80446  
10452.16663  
10448.97959  
10338.04923  
10300.02002  
10348.40281  
10336.42456  
10362.97085  
10391.43077  
10388.74534  
10392.70673  
10383.23721  
10365.75496  
10420.68589  
10410.73245  
10375.01908  
10388.68767  
10397.54756  
10435.40099  
10431.50136  
10449.45872  
10434.32885  
10420.45674  
10432.54683  
10427.45321  
10479.65554  
10493.0853  
10488.1627  
10442.55385  
10387.25015  
10370.25963  
10464.74347  
10442.83976  
10426.76209  
10560.85049  
10383.2186  
10390.92922  
10364.63521  
10429.10421  
10475.71059  
10417.16214  
10409.16753  
10379.30295  
10368.65895  
10440.94872  
10423.36165  
10415.02524  
10417.35713  
10408.68037  
