12175.69428  
12202.77191  
12195.76235  
12137.93161  
11903.73584  
12034.13773  
11986.17129  
12127.99112  
12059.67486  
12140.94927  
12161.22088  
12035.59595  
11991.94014  
12131.61936  
12125.21486  
12087.93021  
11997.11262  
12083.17197  
12053.86955  
12113.48773  
12084.70402  
12162.39504  
12222.82411  
12425.60698  
12331.44683  
12168.3202  
12090.79687  
11977.86866  
11934.03982  
11904.75591  
12028.33779  
12102.67276  
12063.79137  
12006.14754  
12056.78303  
12004.08191  
11979.08294  
12097.85309  
12235.77408  
12234.53494  
12115.52919  
11984.22152  
11991.14821  
11979.08577  
11962.58145  
12055.35615  
12049.7259  
11972.03731  
12072.98855  
11987.20502  
12074.99699  
12249.53424  
12160.83799  
12180.91388  
12163.97452  
12176.28518  
12138.95003  
12155.239  
12125.53781  
12215.82677  
12169.74267  
12131.20995  
11963.28841  
12058.63545  
11992.07645  
11994.41114  
12032.10206  
12025.94086  
12119.33609  
12036.61986  
12113.81965  
12034.87375  
12143.57665  
12193.80929  
12412.17893  
12385.26175  
12033.69456  
12003.92922  
12064.38728  
12063.15868  
12014.00511  
12153.38696  
12239.48035  
12154.69972  
12110.19489  
12164.55985  
12211.79713  
12036.86898  
12095.48165  
12162.93353  
12232.14496  
12041.7204  
12103.13987  
12017.6431  
12062.12039  
12090.87225  
12137.49924  
12192.70595  
12116.35975  
12093.05909  
12221.65541  
12085.65159  
12101.39532  
12029.82872  
12027.82049  
12018.10716  
11938.91403  
12002.00268  
12007.11266  
12006.68275  
12062.226  
12238.65094  
12192.52607  
12133.78471  
12008.68745  
12018.29903  
12085.71955  
12096.68983  
11877.81396  
11960.33095  
12131.74306  
12033.73125  
12130.08894  
12108.83935  
12097.6466  
12076.29794  
12053.81594  
12061.25277  
12096.49511  
12144.11225  
12189.62986  
12241.62609  
12171.76104  
12213.57878  
12178.50587  
12135.7042  
12229.98379  
12169.16438  
12330.52642  
12183.21627  
12133.04927  
12123.77002  
12141.00619  
11945.70654  
12041.17455  
12077.79029  
12109.48829  
12154.90206  
12029.05059  
11959.66251  
12037.23983  
12066.54045  
11978.05369  
12249.45146  
12238.34727  
12148.81319  
12237.93278  
12247.45759  
11882.43212  
11732.69482  
