10492.64088  
10494.23389  
10538.86372  
10519.52426  
10573.40489  
10515.31112  
10559.88455  
10514.18097  
10525.46674  
10584.91341  
10543.65777  
10542.28483  
10515.67749  
10457.70284  
10532.86849  
10511.13198  
10558.92221  
10521.12379  
10560.4246  
10510.89214  
10514.10642  
10532.61225  
10502.30819  
10639.96268  
10604.52207  
10555.35633  
10459.40326  
10437.20208  
10411.29795  
10458.44204  
10456.42273  
10529.45512  
10571.47683  
10555.9798  
10502.60332  
10547.07408  
10564.25887  
10504.88973  
10557.9026  
10589.68825  
10558.46108  
10545.58803  
10449.06786  
10424.87662  
10444.67319  
10437.63474  
10497.15015  
10529.16974  
10530.46034  
10545.16075  
10552.26233  
10545.14923  
10599.26449  
10584.61036  
10529.17153  
10536.67953  
10463.32883  
10487.75477  
10505.57553  
10563.76608  
10552.32447  
10540.89934  
10521.08707  
10458.96098  
10498.2679  
10469.72809  
10481.5728  
10513.67412  
10527.23469  
10540.68158  
10553.86075  
10569.91854  
10512.99438  
10589.96967  
10623.64884  
10681.36583  
10574.4152  
10530.28669  
10436.75935  
10447.83405  
10470.69522  
10482.74529  
10555.4569  
10573.05209  
10558.64457  
10539.57325  
10555.51348  
10532.5943  
10553.93646  
10601.51624  
10559.91638  
10574.85544  
10496.15969  
10510.13254  
10441.7096  
10445.40725  
10469.78333  
10565.96292  
10537.50288  
10506.05247  
10480.55805  
10527.06557  
10525.33675  
10585.826  
10599.50229  
10555.26167  
10543.29049  
10503.47302  
10526.10344  
10526.92853  
10588.3587  
10529.47573  
10519.92841  
10513.61055  
10559.21616  
10544.2134  
10525.308  
10496.13061  
10541.86037  
10527.83759  
10561.46808  
10538.13052  
10608.26867  
10566.13302  
10568.57604  
10526.67613  
10433.45516  
10429.66365  
10441.18478  
10492.76426  
10509.07718  
10519.09075  
10532.00178  
10515.91854  
10484.56693  
10500.23767  
10491.14037  
10529.65836  
10611.23274  
10580.81939  
10639.78102  
10655.05166  
10517.87686  
10482.84347  
10449.0571  
10475.61006  
10529.07412  
10586.1196  
10610.63319  
10595.95457  
10550.18998  
10494.44486  
10512.60527  
10559.08092  
10611.09594  
10656.77557  
10491.4762  
10635.02445  
10375.61356  
10234.29948  
