10809.26242  
10789.73952  
10832.8425  
10914.68686  
10817.09161  
10894.04498  
10793.40096  
10905.35624  
10799.41982  
10866.2716  
10809.67527  
10818.66258  
10850.17655  
10847.72241  
10866.99361  
10874.0998  
10830.57608  
10883.08214  
10824.4494  
10868.11672  
10829.67074  
10823.58599  
10884.85226  
10998.97653  
10958.38771  
10889.30569  
10778.35698  
10755.95584  
10784.83265  
10718.22162  
10784.85467  
10876.46507  
10794.98201  
10818.49046  
10867.10634  
10759.21073  
10843.71167  
10907.02895  
10939.98888  
10937.71791  
10848.85561  
10845.98031  
10749.61528  
10687.49028  
10734.92049  
10898.2998  
10763.94746  
10839.15057  
10822.86742  
10833.86764  
10821.47865  
10924.3687  
10915.56544  
10818.31137  
10875.86102  
10825.09433  
10835.37993  
10816.11942  
10824.34104  
10833.97622  
10880.1677  
10800.54563  
10819.25495  
10882.95553  
10814.0926  
10809.87253  
10757.79912  
10813.93586  
10815.48812  
10862.28158  
10827.7526  
10851.78062  
10892.7899  
10872.30435  
11037.1123  
11025.25987  
10885.95436  
10855.5185  
10852.47835  
10688.67973  
10765.83765  
10878.70337  
10867.33467  
10797.63021  
10919.59992  
10885.69306  
10840.10555  
10831.80022  
10803.65642  
10831.59747  
10849.16195  
10828.71666  
10858.25832  
10811.44491  
10807.87967  
10792.67757  
10823.53282  
10843.72719  
10808.45716  
10825.31005  
10880.05305  
10793.82823  
10913.1035  
10913.45495  
10858.49253  
10903.89482  
10817.9196  
10910.73375  
10859.03639  
10838.27068  
10865.54375  
10912.03665  
10914.6433  
10837.55348  
10845.37133  
10775.77101  
10792.7855  
10903.55004  
10789.97877  
10841.9277  
10859.84938  
10855.32555  
10901.45236  
10894.65743  
10854.47219  
10809.63534  
10813.28567  
10752.04502  
10802.68504  
10812.20038  
10852.64505  
10891.83744  
10840.17223  
10810.90296  
10772.76338  
10788.38563  
10805.48063  
10797.92762  
10962.15687  
10838.00764  
10937.58898  
10933.30796  
10837.59058  
10765.18264  
10842.94928  
10740.16878  
10866.37835  
10851.67483  
10875.93238  
10820.986  
10794.1626  
10855.05442  
10784.42504  
10933.68393  
11018.44476  
10980.09339  
10887.40552  
11017.19805  
10710.91091  
10533.0739  
