11045.05096  
10996.68262  
11020.62962  
11082.17818  
10974.0063  
10999.71981  
10945.19704  
11039.05604  
10976.57679  
11007.60856  
11046.56435  
11013.0007  
10980.935  
11053.71985  
10986.7926  
11011.73009  
10973.96861  
11034.31701  
10981.42661  
11022.42256  
10963.45102  
11017.46816  
10991.16121  
11072.93727  
11076.61437  
10941.72154  
10906.46664  
10870.02258  
10897.14189  
10921.96313  
10955.84826  
10992.61182  
11016.41622  
10929.28299  
10984.94376  
11029.75077  
11002.68459  
11011.37928  
11130.489  
11164.24889  
11112.86313  
10988.07188  
10926.51343  
10978.76311  
10968.05778  
10977.19059  
11021.8689  
10994.9939  
11059.72057  
10960.94806  
10976.56304  
11045.78467  
10997.82769  
11037.29636  
11100.86435  
10980.74045  
10924.79919  
10967.92023  
10942.06407  
11014.96411  
11028.26567  
11054.81492  
10904.2345  
10977.54622  
10979.27328  
10980.10883  
10981.44179  
11009.74635  
11023.51476  
10937.76393  
11018.39662  
10946.66042  
11012.68341  
10976.1913  
11058.02305  
11210.29222  
11031.59456  
10996.52248  
10937.60386  
10928.52094  
10855.22657  
10958.23052  
10998.2758  
11056.34345  
11095.93304  
11112.47757  
11103.68524  
10980.17206  
11020.70936  
11026.37865  
11032.86778  
10992.62098  
11049.67031  
10980.98747  
10943.02989  
10989.02783  
10985.95377  
11044.68343  
10994.20265  
10945.87792  
11027.86515  
11002.2655  
11069.98835  
11087.00417  
11115.43778  
11075.79137  
11046.1372  
11003.35498  
10946.67925  
11001.04807  
10997.68486  
11052.65818  
11013.21529  
11014.25009  
10957.2926  
10925.04143  
11056.00715  
11063.79506  
10964.569  
11050.9272  
11037.73461  
11036.52369  
11043.56001  
10983.79376  
11085.45637  
10968.21032  
10963.56482  
10984.80408  
10980.43448  
10955.73439  
11001.97391  
11009.12551  
10977.46951  
10996.46882  
10973.12003  
10924.60872  
10980.29536  
10941.46659  
10990.57184  
11015.69283  
11092.222  
10972.17792  
11003.50448  
10923.3519  
10946.79259  
10975.3135  
10998.87116  
11073.00788  
11001.12786  
11009.72875  
11040.77179  
11049.71691  
11000.80615  
11027.35193  
11035.65602  
11094.24637  
11127.84321  
11104.77783  
10918.60183  
10795.69302  
