10804.18244  
10816.91567  
10858.83665  
10879.92272  
10849.82096  
10845.32891  
10806.26377  
10889.1655  
10730.04341  
10832.36504  
10868.51551  
10825.55047  
10811.58977  
10853.33416  
10776.90552  
10858.21391  
10800.84002  
10891.72875  
10815.57556  
10858.82345  
10840.91973  
10831.68723  
10867.37734  
10917.98359  
10853.64057  
10816.34341  
10825.72518  
10840.04651  
10798.946  
10740.43744  
10801.01934  
10893.48506  
10794.0823  
10760.16163  
10838.73887  
10821.56311  
10795.36363  
10845.48889  
10839.82734  
10849.19907  
10902.8695  
10829.48658  
10804.31306  
10752.99025  
10788.17448  
10828.52608  
10783.25079  
10779.21412  
10843.93972  
10793.353  
10815.19334  
10859.02003  
10810.49253  
10872.28592  
10810.94049  
10818.02805  
10830.59455  
10832.254  
10801.16887  
10851.94993  
10851.67339  
10805.08596  
10801.89181  
10837.1964  
10801.10633  
10795.17578  
10777.37228  
10824.65893  
10868.47783  
10807.08948  
10856.26589  
10889.70404  
10893.59618  
10865.18857  
10902.97817  
10815.94826  
10815.26164  
10828.40458  
10862.92429  
10764.09396  
10753.72601  
10850.96536  
10850.31135  
10858.22817  
10865.2383  
10916.41427  
10936.90412  
10793.60922  
10762.97685  
10838.98145  
10841.9983  
10804.26151  
10874.42415  
10837.92381  
10816.80122  
10801.88944  
10823.66682  
10850.20609  
10805.98436  
10814.81738  
10892.60983  
10832.84017  
10889.64336  
10801.86964  
10898.2491  
10841.65056  
10837.8475  
10848.96668  
10816.39962  
10822.58689  
10858.87923  
10911.41178  
10841.56185  
10794.4186  
10772.89392  
10832.03238  
10884.24719  
10890.91669  
10796.21513  
10893.67065  
10820.22672  
10832.39371  
10859.82385  
10815.27934  
10852.885  
10849.39689  
10872.12556  
10757.12676  
10811.01637  
10831.56319  
10863.71842  
10927.31809  
10894.3193  
10919.56212  
10818.93892  
10810.21653  
10838.30783  
10868.37469  
10848.73748  
10821.18116  
10840.30926  
10894.94106  
10870.07368  
10784.94242  
10864.68915  
10771.91136  
10864.37063  
10889.23382  
10841.13819  
10780.03638  
10838.06267  
10883.27206  
10816.71716  
10905.80157  
10839.95605  
10782.52641  
10783.01482  
11034.53749  
10718.26628  
10634.92551  
