10908.0336  
10952.11717  
10867.82513  
10855.36673  
10860.84666  
10847.80859  
10835.52573  
10873.3194  
10865.63311  
10889.23782  
10862.87256  
10877.27706  
10856.99272  
10873.62196  
10865.45304  
10866.91838  
10875.50394  
10876.87187  
10867.44626  
10884.69894  
10883.46855  
10915.83535  
10891.4673  
10866.02008  
10886.98682  
10857.91654  
10823.79923  
10844.6679  
10836.69375  
10827.81722  
10824.07015  
10872.15246  
10852.62549  
10841.33577  
10798.1272  
10841.26418  
10835.48138  
10817.45362  
10892.43542  
10898.43459  
10869.19929  
10861.92646  
10840.93424  
10874.54472  
10823.57397  
10849.06261  
10857.66751  
10860.82928  
10846.13663  
10856.89993  
10850.11844  
10874.9326  
10832.47141  
10854.04635  
10847.94631  
10913.20114  
10871.27661  
10903.71304  
10887.90274  
10900.23581  
10870.8755  
10901.51287  
10876.71348  
10855.22805  
10865.34207  
10860.0755  
10874.3884  
10877.68888  
10878.2439  
10878.25195  
10915.09773  
10885.66885  
10907.00942  
10974.07654  
10984.25854  
10895.31202  
10848.81201  
10791.02639  
10847.04921  
10828.83702  
10851.24865  
10824.74059  
10867.22945  
10849.74246  
10916.59539  
10900.15681  
10907.46741  
10877.34996  
10832.16074  
10890.23267  
10864.58749  
10798.54878  
10875.88894  
10841.027  
10831.32535  
10861.59967  
10880.84287  
10863.2674  
10904.88531  
10893.35473  
10904.43579  
10890.34645  
10869.83656  
10838.19285  
10856.24517  
10872.77789  
10880.34915  
10879.53005  
10885.23525  
10910.51404  
10911.93964  
10909.96401  
10888.83038  
10880.47402  
10810.65706  
10854.63634  
10852.78095  
10904.1886  
10830.64301  
10856.28273  
10893.32912  
10843.15413  
10894.65894  
10828.3189  
10874.87936  
10883.54337  
10852.90058  
10830.48898  
10881.59174  
10915.87488  
10941.17691  
10899.85017  
10926.39536  
10909.94458  
10889.41738  
10897.10578  
10892.9839  
10880.58415  
10887.99269  
10822.55753  
10759.01408  
10908.10847  
10866.61633  
10899.23733  
10880.70898  
10818.17248  
10847.03528  
10894.11423  
10861.6061  
10863.11017  
10807.32642  
10843.63682  
10850.12106  
10966.02206  
10907.08682  
10766.8174  
10862.08704  
10989.15431  
10899.43023  
10802.27816  
