10335.90372  
10357.82504  
10356.63365  
10330.05565  
10355.25463  
10308.4648  
10334.1569  
10333.05191  
10307.15991  
10340.22881  
10322.82913  
10349.01504  
10344.99065  
10335.96951  
10340.98622  
10279.83384  
10349.92287  
10319.78562  
10336.27651  
10312.37207  
10365.268  
10356.99843  
10389.56227  
10365.33803  
10347.36892  
10314.03196  
10271.14104  
10295.98868  
10243.75175  
10255.43828  
10312.20505  
10304.53824  
10335.18297  
10313.75301  
10245.87319  
10326.69669  
10328.54061  
10299.45471  
10372.22892  
10402.92158  
10365.85773  
10323.30506  
10268.51302  
10299.90668  
10297.72565  
10302.18214  
10348.88238  
10349.75329  
10298.53283  
10350.09098  
10319.04486  
10318.74764  
10294.88032  
10270.74144  
10309.93979  
10357.57191  
10297.22974  
10307.23585  
10365.63236  
10345.40704  
10354.33211  
10346.93218  
10330.5744  
10300.23208  
10354.64214  
10322.99132  
10313.82301  
10369.75017  
10317.52733  
10352.8428  
10327.72512  
10347.72777  
10353.26643  
10392.60527  
10401.22039  
10287.8021  
10341.13363  
10288.85431  
10285.57228  
10293.38334  
10309.32003  
10301.81154  
10351.11578  
10308.40295  
10398.89097  
10393.63895  
10385.35307  
10375.63794  
10324.6408  
10370.62923  
10328.69367  
10266.61616  
10317.56535  
10311.81634  
10318.56396  
10311.12939  
10348.0516  
10367.74783  
10344.04114  
10363.3283  
10340.71181  
10383.4639  
10334.65923  
10318.2536  
10318.14007  
10361.36173  
10357.59803  
10362.15224  
10354.77324  
10378.45517  
10374.67542  
10347.02127  
10336.71196  
10360.13839  
10317.58088  
10338.0051  
10311.47676  
10358.31772  
10351.95013  
10350.88853  
10337.59527  
10340.67839  
10368.06721  
10296.91247  
10321.7637  
10317.86331  
10261.42034  
10304.34679  
10343.30194  
10349.96235  
10351.1764  
10381.86361  
10377.10576  
10330.13066  
10358.09623  
10354.8029  
10296.43657  
10323.59821  
10349.34454  
10300.88735  
10260.68783  
10388.11799  
10311.47278  
10339.6097  
10301.4216  
10282.7753  
10338.92718  
10395.04689  
10358.08443  
10324.68651  
10288.50584  
10331.9577  
10304.34969  
10438.64653  
10402.28435  
10275.14011  
10391.08074  
10461.24061  
10219.30915  
10197.37415  
