10703.16321  
10878.27847  
10756.59031  
10699.72029  
10787.84386  
10619.80439  
10822.90505  
10775.24389  
10828.67036  
10789.78552  
10764.16575  
10963.26776  
11013.19461  
10874.79798  
10743.10755  
10801.26549  
10762.35013  
10731.43828  
10812.45144  
10784.87872  
10864.1772  
10822.98631  
10688.91603  
10706.64488  
10880.26294  
10917.95809  
10824.45556  
10720.09853  
10726.89593  
10876.05856  
10697.90725  
10703.66715  
10764.78429  
10696.64415  
10724.30451  
10924.97252  
10766.56424  
10783.39727  
10806.86671  
10823.0518  
10764.21482  
10966.20525  
10723.90192  
10951.00467  
10655.64335  
10721.59127  
10752.61291  
10742.49067  
10889.49781  
10737.84895  
10823.21352  
10814.88025  
10704.15568  
10788.06119  
10706.6823  
10889.33555  
10871.51944  
10784.84038  
10931.72249  
10722.6422  
10750.57181  
10728.48955  
10778.38509  
10657.39167  
10857.60531  
10743.32534  
10821.18538  
10736.50493  
10811.5416  
10760.07064  
10860.65885  
10721.94973  
11065.39803  
10747.14936  
10787.22374  
10718.85733  
10851.59706  
10765.1368  
10786.23111  
10910.17097  
10912.23663  
10817.51239  
10693.66554  
10887.90838  
10614.1562  
10842.41914  
10878.30786  
10777.8884  
10859.44845  
10762.81518  
10668.03569  
10914.44211  
10764.73742  
10826.20462  
10860.6394  
10747.0799  
10993.24426  
10720.65335  
10816.6523  
10724.21914  
10811.11505  
10688.73759  
10893.59535  
10734.94324  
10810.55156  
10731.25867  
11003.16778  
10940.15308  
10785.14168  
10741.37102  
10588.86625  
10530.14183  
10631.91682  
10697.3032  
10743.8592  
10751.2899  
10771.6377  
10771.89776  
10800.9825  
10820.46114  
10732.28259  
10794.67377  
10787.84236  
10782.54384  
10707.10093  
10705.69913  
10700.96199  
10780.16134  
10732.55126  
10791.3085  
10863.40132  
10824.53721  
10818.58418  
10700.15804  
10732.50447  
10809.0269  
10888.61364  
10732.18841  
10830.69855  
10878.08149  
10785.26248  
10859.0946  
10735.69941  
10839.61657  
10727.2239  
10908.62478  
10667.53595  
10937.25545  
10751.67577  
10822.51762  
10775.38631  
10852.3303  
10737.73668  
10812.2213  
10743.36644  
10816.22804  
10768.55427  
10757.23873  
10845.4324  
10740.67507  
