10783.14009  
10780.99989  
10794.24092  
10670.67123  
10828.41942  
10735.14433  
10700.48806  
10734.12432  
10922.3572  
10838.19299  
10738.89892  
10780.44236  
10922.63364  
10871.94155  
10796.20152  
10849.93743  
10886.61754  
10838.66904  
10824.38233  
10980.59786  
10864.6748  
10705.16745  
10660.51282  
10825.9703  
10776.19682  
10799.75831  
10789.58806  
10721.51867  
10785.27515  
10777.17621  
10666.32652  
10805.26804  
10824.13285  
10705.24331  
10891.29466  
10835.18188  
10823.45576  
10831.22131  
10751.81725  
10808.39079  
10766.8666  
10872.38342  
10815.70441  
10758.11474  
10701.47892  
10746.97662  
10851.9689  
10778.90865  
10846.76203  
10709.7809  
10736.03781  
10830.30612  
10883.79787  
10815.27408  
10775.92788  
10794.13594  
10813.10038  
10919.58911  
10751.97531  
10713.12233  
10740.47371  
10727.28202  
10731.65732  
10746.63243  
10818.70917  
10768.81178  
10742.37887  
10650.53215  
10786.53482  
10827.54853  
10692.3294  
10798.68304  
10950.57114  
10739.11256  
10771.90529  
10894.70171  
10829.37633  
10757.65249  
10989.89134  
10856.15072  
10958.29363  
10826.0094  
10844.38325  
10844.44988  
10674.53696  
10861.40933  
10815.73379  
10764.79376  
10728.12892  
10695.13523  
10949.2652  
10858.44458  
10820.37896  
10789.45521  
10809.77471  
10790.75359  
10842.02589  
10755.40284  
10763.43864  
10713.75293  
10809.53486  
10922.38307  
10874.6142  
10832.45696  
10816.59384  
10931.2135  
10875.77817  
10944.45276  
10759.01526  
10695.73097  
10456.62463  
10580.7753  
10603.12458  
10803.02347  
10658.81571  
10776.8605  
10766.26819  
10808.2837  
10786.43748  
10808.21943  
10756.77659  
10845.32087  
10756.90524  
10782.03866  
10731.85071  
10834.82956  
10760.33133  
10776.93018  
10750.88311  
10864.3535  
10851.10751  
10782.70406  
10740.6568  
10721.4749  
10749.79652  
10789.37301  
10839.53059  
10823.95666  
10714.61995  
10786.50741  
10650.24924  
10750.37708  
10771.80128  
10783.89302  
10860.6669  
10698.57529  
10826.9715  
10908.37517  
10756.99541  
10815.5541  
10865.07304  
10917.80677  
10770.0894  
10856.54127  
10832.1479  
10812.55913  
10860.09347  
10672.89597  
10776.1252  
10815.93601  
