10850.85623  
10739.0366  
10798.96308  
10730.64967  
10666.92722  
10782.75623  
10818.4247  
10901.20751  
10799.17932  
10849.48524  
10847.53903  
10813.16774  
10877.00508  
10770.78885  
10786.24845  
10747.13214  
10880.1234  
10755.88278  
10927.21367  
10875.15902  
10789.26798  
10798.75062  
10829.92569  
10761.38681  
10712.5067  
10726.82029  
10705.48569  
10804.14581  
10818.84605  
10767.74314  
10833.14634  
10781.57238  
10712.25662  
10807.59767  
10783.08769  
10774.33586  
10868.79073  
10767.42403  
10740.73723  
10785.79013  
10852.18824  
10818.01086  
10798.42843  
10792.93789  
10756.99079  
10780.20686  
10837.85969  
10767.35938  
10765.87937  
10785.46542  
10792.75201  
10724.87008  
10741.42002  
10749.63995  
10798.68904  
10878.88996  
10774.20977  
10809.03454  
10743.5473  
10785.96  
10767.88898  
10875.90531  
10756.86162  
10789.7148  
10747.02465  
10870.46842  
10793.26567  
10782.20351  
10724.6673  
10727.77245  
10735.18122  
10899.68377  
10841.85778  
10826.32781  
10881.1661  
10823.60195  
10767.30851  
10807.59548  
10881.86891  
10781.04803  
10950.98783  
10825.32373  
10800.62355  
10778.74887  
10742.58265  
10829.16452  
10786.83271  
10845.32895  
10814.25566  
10750.14679  
10775.73606  
10752.2254  
10819.4439  
10825.03104  
10802.68944  
10852.27162  
10841.44016  
10808.97889  
10809.85101  
10826.86756  
10790.49384  
10828.48516  
10783.41551  
10833.97338  
10794.9891  
10857.69019  
10817.73954  
10901.61661  
10818.94691  
10711.78159  
10732.34341  
10715.31855  
10741.34234  
10743.82952  
10732.28376  
10763.96595  
10729.31256  
10771.47646  
10774.81772  
10784.0262  
10805.45129  
10723.86515  
10732.94861  
10741.0924  
10794.19176  
10782.70754  
10814.74299  
10770.88267  
10877.42639  
10792.55018  
10892.00325  
10824.33316  
10831.50013  
10790.23904  
10799.93324  
10781.78271  
10763.03397  
10804.04627  
10786.54362  
10836.39036  
10809.30883  
10819.72462  
10858.71722  
10779.54588  
10787.34413  
10756.13026  
10823.8238  
10770.67308  
10817.45437  
10762.69674  
10802.98355  
10737.57402  
10738.76344  
10751.22299  
10773.03318  
10774.09518  
10884.31809  
10878.63705  
10826.51212  
10821.55046  
