11079.43934  
11022.89047  
11139.24358  
11042.08083  
10976.0093  
11008.44862  
11153.32243  
11090.79173  
11094.26814  
11311.69621  
11234.57551  
11119.4637  
11471.68284  
11176.6767  
11214.65595  
11206.44728  
11202.16136  
11052.7679  
11155.61296  
11313.3553  
11091.19482  
11044.87904  
11017.51827  
10997.29571  
10927.81359  
11001.72728  
11036.04195  
11112.40734  
11110.00152  
11150.92929  
11050.06107  
11032.2642  
11090.49656  
11174.22033  
11180.25274  
11084.10344  
11145.12126  
11078.28395  
11123.52488  
11108.01074  
11057.49491  
11030.79162  
11156.37338  
11049.31447  
11124.56472  
11078.55934  
11059.54359  
11145.68346  
11060.98287  
11123.91282  
11096.29261  
11117.6401  
11202.05315  
11137.09882  
11080.2296  
11248.07437  
11130.83444  
11309.82491  
11083.8029  
11254.5138  
11052.38416  
11020.05606  
10989.08735  
11067.6149  
11123.27336  
11114.81057  
11120.55493  
11051.63687  
11149.03471  
11217.94599  
10911.93523  
11075.18819  
11254.39519  
11199.93776  
11172.1481  
11168.80272  
11035.06094  
11093.32392  
11324.53615  
11125.78407  
11224.46152  
11322.07617  
11089.04853  
11000.39342  
11103.1508  
11118.41543  
11132.72138  
11252.31727  
11188.43463  
11113.6884  
11211.45142  
11103.07724  
11249.96698  
11106.70401  
11104.00053  
11201.90163  
11045.77992  
11180.30651  
11042.58624  
11125.20812  
11094.92526  
11198.4354  
11114.89395  
11145.93089  
11089.66941  
11221.22023  
11187.50163  
11319.49915  
11074.41455  
10985.0923  
10923.06842  
10874.51767  
10863.71075  
10988.7958  
10948.68635  
11063.71289  
11103.55566  
11056.42394  
11187.21186  
11078.49805  
11103.66468  
11160.48931  
11173.45277  
11042.14709  
11125.83629  
11029.91699  
11069.25024  
11030.61441  
11018.521  
11124.99957  
11342.475  
11074.7054  
11227.17603  
10977.70765  
10981.0129  
11104.92005  
11085.57741  
11131.43515  
11007.07076  
11048.34037  
10994.34995  
11070.80074  
11140.87032  
11109.64878  
11211.4649  
10980.87613  
11129.19616  
11099.71554  
11168.50062  
11036.54256  
11254.94526  
11248.84963  
11293.97196  
11094.88629  
11128.71235  
11002.43324  
11248.53493  
11143.23391  
11063.10622  
11175.50954  
