10703.50798  
10681.31942  
10754.54973  
10630.82342  
10700.25281  
10665.09206  
10718.04625  
10710.9345  
10754.63893  
10831.43446  
10741.37983  
10745.47204  
10998.99988  
10819.31931  
10812.40672  
10848.47826  
10785.73669  
10708.4093  
10803.70814  
10866.93267  
10749.66891  
10747.15246  
10697.66746  
10748.3481  
10652.49171  
10656.07743  
10713.31433  
10758.29458  
10695.01123  
10728.35972  
10667.28968  
10683.75223  
10719.22653  
10718.3315  
10720.54861  
10758.34687  
10746.42321  
10734.96508  
10768.10215  
10764.16486  
10678.06941  
10751.38314  
10778.32635  
10712.24661  
10707.45038  
10708.14629  
10741.94819  
10718.39053  
10720.50743  
10736.85631  
10701.02575  
10746.6829  
10780.02828  
10778.67652  
10661.04182  
10830.73733  
10769.07023  
10887.39782  
10725.59091  
10766.66581  
10678.57534  
10653.56741  
10661.1106  
10661.7465  
10727.52007  
10752.32844  
10752.11405  
10657.57411  
10805.15803  
10776.60625  
10653.6134  
10737.91789  
10903.26311  
10769.28442  
10764.65387  
10738.175  
10718.68507  
10739.92243  
10839.8603  
10758.42521  
10843.79547  
10847.44876  
10742.46182  
10719.64733  
10687.48686  
10804.31282  
10748.95505  
10831.20522  
10766.49713  
10777.39511  
10746.32597  
10785.09777  
10840.43015  
10741.52258  
10811.27888  
10791.01993  
10754.31608  
10766.33545  
10707.26896  
10765.95089  
10765.85043  
10779.17504  
10808.92657  
10788.76463  
10763.63362  
10785.59618  
10862.62889  
10814.96338  
10673.49533  
10653.6177  
10586.28477  
10539.28575  
10545.12522  
10639.86849  
10618.1583  
10649.15238  
10713.22341  
10694.09004  
10781.83728  
10682.60663  
10722.87391  
10771.47247  
10749.31471  
10680.7452  
10724.91359  
10669.97801  
10711.33366  
10707.01538  
10670.9189  
10734.34511  
10842.16254  
10746.89954  
10768.08598  
10632.89673  
10717.4617  
10770.76006  
10811.30099  
10775.9457  
10745.67957  
10697.85126  
10625.06211  
10665.80496  
10722.69849  
10713.21996  
10800.57756  
10634.87769  
10732.58656  
10786.37242  
10769.47121  
10697.8134  
10802.96902  
10841.36064  
10776.19089  
10746.42634  
10724.86342  
10717.66024  
10839.72751  
10745.30135  
10750.19788  
10777.26118  
