11051.84898  
11017.7308  
11075.24322  
10962.84424  
11042.62224  
11018.66995  
11008.52729  
11079.14762  
11098.39628  
11157.58004  
11040.88532  
11076.44641  
11290.58133  
11144.12009  
11132.04705  
11162.8544  
11130.87821  
11048.57509  
11149.55693  
11213.46126  
11106.04719  
11058.71114  
11043.52199  
11100.32223  
11041.31981  
11017.9064  
11045.49996  
11104.46316  
11039.73486  
11030.78145  
10990.35789  
11048.25376  
11070.9552  
11043.37511  
11098.38411  
11078.23879  
11099.93819  
11076.38044  
11116.22284  
11089.92345  
11042.59061  
11080.87836  
11128.15729  
11039.07167  
11031.04005  
11032.41033  
11080.08293  
11045.17768  
11053.21927  
11087.92473  
11057.22388  
11056.88052  
11150.67357  
11111.29519  
11009.6769  
11116.20664  
11055.25351  
11225.81358  
11045.55448  
11072.04052  
10994.87182  
10995.31228  
10987.04696  
10994.9525  
11060.32898  
11089.63244  
11059.18856  
10981.7119  
11106.49968  
11091.6955  
10946.47476  
11033.65123  
11225.22728  
11112.64959  
11096.83578  
11133.77296  
11087.70804  
11094.49537  
11192.62968  
11114.20405  
11170.93978  
11126.31941  
11090.62633  
11082.00823  
11046.36732  
11161.31248  
11048.50455  
11120.38327  
11076.84075  
11084.80076  
11112.15138  
11137.40775  
11167.46226  
11072.93149  
11120.13793  
11105.21324  
11081.67098  
11090.79036  
11042.01787  
11086.64021  
11100.76074  
11147.00462  
11126.94074  
11134.455  
11096.34854  
11151.65723  
11167.02307  
11210.43514  
10966.92229  
10976.36925  
10913.54523  
10934.10152  
10946.30009  
11052.99176  
10970.55863  
11004.83591  
11022.26292  
11009.57029  
11107.16876  
11016.03179  
11056.90161  
11114.68536  
11081.36453  
11016.11168  
11052.05977  
11027.29656  
11040.67791  
11072.76389  
10997.09723  
11087.09332  
11151.5003  
11037.32719  
11072.79091  
10979.05757  
11070.20834  
11117.30332  
11135.49471  
11103.70962  
11057.9098  
11026.47194  
10956.28507  
11040.87791  
11082.17768  
11046.71231  
11107.5496  
10945.14653  
11062.43428  
11121.43274  
11071.76874  
11061.87108  
11151.41276  
11167.22498  
11117.63646  
11071.09458  
11062.92772  
11064.91658  
11192.99692  
11066.06459  
11084.5625  
11116.28262  
