10974.76134  
10940.96382  
11045.76019  
10953.09206  
10884.98503  
10893.55452  
11030.43997  
11007.94422  
10995.82523  
11175.3896  
11134.22687  
11020.85253  
11340.02674  
11071.25243  
11103.4522  
11075.52015  
11067.29663  
10961.6797  
11081.46708  
11164.01267  
10960.36095  
10941.27523  
10914.93449  
10914.79058  
10848.83637  
10878.0031  
10946.04931  
11035.11234  
10997.80625  
11037.15908  
10941.73145  
10972.06016  
11002.8878  
11040.47093  
11072.43848  
11016.08833  
11016.62343  
10988.16212  
11014.74909  
11014.40376  
10956.50048  
10922.1943  
11042.67762  
10957.57779  
10993.43001  
11002.03061  
11005.45072  
11042.46416  
10956.74253  
10982.37722  
11005.95007  
11026.42377  
11062.31241  
11023.7852  
10982.79083  
11116.48869  
11056.80951  
11176.8343  
11013.66335  
11117.09704  
10965.52943  
10935.63373  
10923.07735  
10925.62005  
10998.35145  
11036.34092  
11028.58903  
10983.92356  
11047.51353  
11092.00495  
10859.96321  
11038.41111  
11157.29621  
11108.19588  
11053.54236  
11022.83432  
10899.99789  
10960.88576  
11139.40314  
11036.63375  
11095.79642  
11208.68999  
10990.65439  
10896.05488  
10965.52166  
11030.91533  
11076.21428  
11150.26948  
11094.80209  
11040.36978  
11094.67151  
11039.41273  
11124.9908  
11012.42417  
10993.20279  
11065.84172  
10964.44323  
11045.01373  
10949.23123  
11004.30486  
10965.04722  
11083.56866  
11033.72338  
11032.84049  
10959.65459  
11060.25387  
11084.18636  
11172.59597  
10969.6691  
10875.81143  
10808.13057  
10727.31897  
10744.14833  
10827.15759  
10867.93345  
10974.39894  
10986.44378  
11011.71827  
11064.43988  
10960.64236  
10985.46025  
11025.73713  
11047.17078  
10945.40182  
10997.58568  
10937.94767  
10963.62532  
10951.41124  
10951.74339  
11023.51801  
11176.0977  
11022.2983  
11089.54067  
10911.03913  
10972.78641  
11041.20552  
11004.51294  
11015.50109  
10933.16159  
10989.06283  
10912.77411  
10950.25703  
10986.02307  
10982.80994  
11086.52696  
10878.32075  
11016.28171  
11006.5028  
11050.41957  
10961.03312  
11117.3812  
11142.63114  
11135.57489  
11016.00251  
11027.41748  
10931.98096  
11117.63655  
11037.9337  
10971.90334  
11039.92817  
