10977.49058  
10976.72781  
10994.31275  
10979.10489  
11040.26481  
10879.06951  
11104.63209  
11057.40029  
11100.75869  
11027.34602  
11120.55449  
11047.10232  
11302.00494  
11206.08992  
11038.25306  
10981.30735  
10988.9428  
10955.84482  
11016.11087  
11055.93193  
11072.7513  
10940.13727  
10889.82558  
10948.40944  
10977.71062  
11020.14064  
11022.56624  
11018.5334  
11033.6857  
11097.12323  
11064.34624  
11007.22483  
11000.0878  
10918.4505  
11125.92198  
11105.24181  
11021.20061  
11080.35172  
10997.76407  
11069.40298  
10972.55174  
11071.61976  
11040.87613  
11073.46165  
11072.11441  
10977.71762  
11005.03726  
11155.02448  
11050.00208  
10965.50018  
10964.27837  
10931.43782  
10986.90656  
10955.80278  
11043.27147  
11122.78527  
11142.57728  
11088.43517  
11065.45216  
10928.67038  
11017.61043  
10961.7922  
10993.68056  
10944.66089  
11016.93954  
11027.47539  
10984.96101  
10968.57734  
11023.79294  
10989.54081  
10991.59792  
11117.54469  
11158.03075  
11053.0216  
11095.47026  
11064.38151  
10961.62915  
11023.74543  
11095.19972  
11057.14801  
11185.20653  
11061.77349  
11041.02299  
11184.27186  
10972.48988  
11020.98936  
11148.78521  
11001.65496  
11050.79646  
11033.65423  
11051.03085  
11057.5196  
11083.52956  
11093.87259  
11045.52414  
11034.70952  
11093.31519  
11058.69854  
11049.95988  
10944.52495  
10954.91448  
10959.82848  
11024.39036  
11009.93666  
10987.18887  
10985.68412  
11159.60024  
11160.00983  
11111.93265  
10927.17113  
10748.93614  
10733.51691  
10739.98094  
10884.38978  
10891.67181  
10976.5609  
11015.72987  
11072.77837  
11050.47737  
11086.2726  
10944.58669  
11108.13034  
11111.02955  
11081.01973  
11018.73966  
11116.47606  
11027.09403  
11054.67592  
11038.46979  
11008.13169  
11167.77113  
11158.80469  
11048.00975  
11117.68942  
11057.25719  
11082.34516  
11009.59442  
10998.62669  
10944.98296  
10991.01558  
10963.57807  
10965.92843  
10962.94768  
10998.00587  
10964.34639  
10990.28425  
11000.23807  
11083.74981  
11093.95014  
11147.88983  
11062.24  
11037.97273  
11015.19165  
10990.11371  
11126.38828  
10989.56399  
11075.8027  
11055.65591  
11017.32307  
10948.01418  
