10786.38597  
10734.77262  
10838.54849  
10743.43333  
10862.04638  
11026.29732  
10675.37175  
10807.14567  
10811.83176  
10943.25849  
10716.1949  
10741.3642  
10664.98013  
10804.30462  
10799.07205  
10703.07654  
10694.25639  
10667.38232  
10720.99155  
10877.95549  
10863.97685  
10682.74041  
10732.48862  
10733.51655  
10773.14995  
10714.42164  
10808.4949  
10870.69755  
10714.8358  
10823.61891  
10846.23327  
10779.92848  
10772.67212  
10812.71918  
10770.97569  
10856.12076  
10846.81816  
10666.35265  
10738.06284  
10870.86044  
10878.91518  
10841.01694  
10861.36175  
10876.30831  
10892.99698  
10835.5954  
10797.19602  
10824.89513  
10813.45781  
10781.46348  
10807.88777  
10798.78315  
10768.35188  
10674.63485  
10747.27812  
10818.20916  
10785.10204  
10771.27539  
10765.82607  
10732.0282  
10795.84959  
10797.59675  
10672.39634  
10822.73633  
10838.97383  
10870.09322  
10719.822  
10696.86035  
10695.46424  
10771.7193  
10837.95302  
10859.3193  
10718.5468  
10670.11479  
10673.34467  
10764.98457  
10770.3155  
10826.03958  
10881.44558  
10853.80073  
10780.03072  
10745.1204  
10703.95435  
10867.27884  
10704.293  
10709.81188  
10804.81142  
10823.75362  
10646.10977  
10803.8728  
10609.59535  
10787.71966  
10639.39002  
10704.92276  
10746.04458  
10852.55382  
10707.92791  
10722.7843  
10829.7125  
10884.03594  
10904.99901  
10767.86664  
10702.85369  
10785.83129  
10797.74576  
10809.43327  
10915.20563  
10700.02903  
10702.46772  
10896.49302  
10700.06848  
10815.02408  
10633.05605  
10804.63517  
10835.93773  
10731.01926  
10682.7682  
10813.00692  
10794.05984  
10854.78713  
10934.00985  
10723.78382  
10736.68851  
10678.16809  
10786.87697  
10854.01552  
10812.98168  
10802.94867  
10822.27113  
10749.25724  
10887.38089  
10902.95273  
10892.5843  
10901.07145  
10851.7462  
10757.14925  
10617.09339  
10671.8266  
10751.13437  
10760.43285  
10717.84361  
10746.73684  
10728.66651  
10720.31637  
10615.77942  
10627.1842  
10719.38065  
10811.47773  
10887.32182  
10881.03901  
10849.97406  
10853.82095  
10915.12559  
10773.27669  
10726.47802  
10798.03365  
10840.67912  
10765.49359  
10764.64334  
10812.6141  
