10807.72207  
10809.80502  
10861.36031  
10758.03773  
10691.81165  
10872.06135  
10771.40001  
10818.78498  
10711.51401  
10850.7982  
10671.75621  
10774.52192  
10692.17889  
10730.51778  
10802.89766  
10846.63949  
10761.05112  
10677.19479  
10838.51215  
10701.49985  
10812.34911  
10824.12785  
10693.0822  
10738.51726  
10855.19203  
10737.60121  
10759.31847  
10847.66369  
10761.26064  
10690.29518  
10791.54863  
10827.15376  
10694.71098  
10845.01934  
10816.65685  
10665.67233  
10817.55798  
10744.89106  
10701.38804  
10777.74128  
10812.96398  
10806.45034  
10867.81822  
10874.50028  
10847.59187  
10786.93544  
10856.5343  
10844.98124  
10802.16269  
10840.47811  
10827.52884  
10823.38547  
10894.09482  
10802.41939  
10718.82709  
10705.53966  
10766.06915  
10707.28668  
10806.75451  
10798.39661  
10648.62198  
10814.30435  
10720.90044  
10678.99508  
10699.03148  
10866.32517  
10851.33396  
10746.26811  
10724.73345  
10696.28047  
10683.14134  
10824.06765  
10815.67873  
10740.31538  
10725.92057  
10717.30629  
10711.84015  
10729.52441  
10709.12147  
10826.02518  
10849.5334  
10797.96326  
10925.80384  
10921.34033  
10822.06256  
10736.28771  
10674.73212  
10865.35389  
10723.00956  
10862.07278  
10719.35446  
10841.50984  
10846.71773  
10876.26851  
10676.24189  
10745.91099  
10771.28393  
10670.71849  
10658.79197  
10769.14419  
10863.10394  
10852.37077  
10784.96622  
10731.78061  
10736.61492  
10655.0912  
10745.29112  
10816.00381  
10663.07321  
10810.59549  
10673.52987  
10803.6997  
10793.55294  
10659.84505  
10779.14331  
10800.38291  
10763.52467  
10752.72885  
10853.02197  
10869.11327  
10887.92711  
10849.93727  
10782.65539  
10744.59934  
10715.37217  
10766.71809  
10713.27586  
10676.92604  
10672.55091  
10735.58265  
10709.51721  
10720.57682  
10676.43596  
10735.27099  
10785.78809  
10859.79208  
10794.9822  
10716.91092  
10748.69254  
10844.09807  
10852.31555  
10717.38611  
10796.49228  
10889.70144  
10796.3904  
10721.81398  
10710.1117  
10690.11632  
10720.99863  
10812.3937  
10809.8564  
10724.76552  
10782.09571  
10844.11699  
10823.60594  
10884.70337  
10830.38034  
10678.60256  
10756.82082  
10791.43673  
