10382.45877  
10404.40709  
10456.18266  
10348.333  
10406.28437  
10487.10281  
10345.5341  
10372.91146  
10437.43127  
10453.69764  
10301.80432  
10335.66014  
10331.83753  
10375.18244  
10368.82469  
10363.01197  
10406.5229  
10359.33491  
10335.34741  
10434.90611  
10408.53675  
10302.64516  
10349.14118  
10389.7225  
10383.46628  
10388.58596  
10421.77076  
10398.28061  
10348.32491  
10434.98698  
10419.12888  
10366.0534  
10371.47681  
10395.02454  
10370.08793  
10446.98995  
10404.45853  
10328.32788  
10361.43653  
10433.22888  
10451.28763  
10388.39555  
10395.52926  
10404.18468  
10423.63299  
10405.87099  
10380.72568  
10391.02596  
10396.68366  
10396.91014  
10378.94125  
10373.27791  
10358.33571  
10349.07394  
10424.79295  
10417.33521  
10379.41377  
10398.289  
10365.35272  
10349.98089  
10413.13922  
10372.23389  
10350.38949  
10429.20266  
10420.01217  
10398.88083  
10340.99516  
10306.29873  
10347.38757  
10382.91809  
10388.51028  
10410.73146  
10336.67985  
10334.17296  
10326.67341  
10388.68344  
10384.479  
10428.4264  
10427.96244  
10418.65643  
10371.30248  
10334.51018  
10326.81421  
10455.27501  
10339.30786  
10372.55485  
10408.69575  
10364.37224  
10334.8978  
10403.39645  
10308.89432  
10372.46211  
10277.21931  
10335.31643  
10367.65798  
10394.4367  
10325.88144  
10345.71444  
10390.71013  
10455.25132  
10440.84997  
10363.25184  
10356.74126  
10362.62388  
10426.92741  
10399.13107  
10414.20919  
10358.2806  
10390.01897  
10435.03314  
10358.09756  
10411.77346  
10324.52816  
10406.42227  
10373.69009  
10335.37981  
10321.31992  
10425.95564  
10386.69487  
10433.62599  
10497.90403  
10349.03319  
10391.44431  
10352.66328  
10372.30936  
10454.23439  
10406.44347  
10377.78704  
10383.93018  
10423.96111  
10445.94093  
10480.29805  
10439.48286  
10413.96357  
10389.91268  
10358.24866  
10332.47818  
10366.59223  
10402.2273  
10333.44127  
10365.73686  
10385.63183  
10362.13855  
10328.45349  
10307.6061  
10304.64939  
10353.74454  
10421.49838  
10399.75928  
10422.81596  
10401.82283  
10383.60918  
10449.51496  
10430.97365  
10333.10199  
10402.64542  
10417.07551  
10388.24398  
10384.16063  
10389.24519  
