11256.63227  
11250.56385  
11322.03497  
11311.62068  
11254.40447  
11361.6631  
11178.90711  
11235.5668  
11253.27907  
11383.09292  
11211.55882  
11190.77554  
11162.55854  
11250.47846  
11271.93014  
11239.86285  
11222.19246  
11177.339  
11281.88247  
11254.51266  
11337.33244  
11189.49944  
11128.67625  
11161.42111  
11276.37789  
11202.41979  
11227.81152  
11294.47341  
11232.24307  
11270.0148  
11267.61552  
11262.17503  
11162.81319  
11279.79857  
11311.09373  
11256.4489  
11358.32272  
11227.88199  
11202.09377  
11318.39117  
11344.64626  
11308.46539  
11306.16545  
11352.56239  
11332.7109  
11290.05347  
11357.1029  
11278.98336  
11304.67289  
11296.30467  
11269.73471  
11286.68143  
11259.12799  
11220.68955  
11241.95508  
11224.05046  
11305.99198  
11219.97895  
11247.77085  
11181.80519  
11240.07163  
11251.37588  
11116.57073  
11230.57125  
11232.83186  
11347.54821  
11244.26718  
11162.16958  
11196.40972  
11225.59993  
11234.71576  
11324.17524  
11258.92403  
11217.27008  
11207.83686  
11232.38687  
11237.4054  
11253.48541  
11292.84675  
11295.86858  
11267.64479  
11312.79267  
11251.40884  
11312.30454  
11191.45724  
11185.47222  
11198.38214  
11274.59024  
11182.47459  
11242.96933  
11118.10509  
11230.44167  
11186.73642  
11162.70356  
11203.44197  
11281.29949  
11237.65278  
11143.7684  
11195.04212  
11388.36589  
11335.51979  
11210.32826  
11211.87029  
11226.59803  
11264.79026  
11236.24138  
11322.16613  
11249.46458  
11220.09508  
11336.39568  
11226.32441  
11226.19409  
11207.79428  
11216.47414  
11289.85729  
11252.67711  
11216.02847  
11269.89064  
11305.26743  
11338.09886  
11307.52655  
11222.83181  
11194.61756  
11166.18001  
11204.32283  
11254.03818  
11262.47795  
11230.19657  
11228.18799  
11288.47138  
11275.45267  
11270.76951  
11245.68072  
11284.85744  
11273.70729  
11268.9594  
11178.90026  
11201.55157  
11229.23165  
11242.17849  
11231.38242  
11184.55352  
11221.2876  
11240.77317  
11212.06573  
11148.50888  
11211.21146  
11236.03807  
11296.66295  
11306.06412  
11254.56787  
11253.99795  
11366.56639  
11315.32542  
11302.3269  
11311.39329  
11239.00531  
11169.42796  
11249.39878  
11292.8775  
