12413.07692  
12362.49629  
12483.49456  
12365.01925  
12300.26467  
12333.70826  
12287.41037  
12294.69252  
12425.81892  
12424.26654  
12236.00437  
12229.94298  
12218.43187  
12304.7659  
12409.18332  
12431.15125  
12354.78153  
12351.15362  
12450.36346  
12408.12047  
12367.4656  
12405.57328  
12317.86822  
12352.2679  
12365.15842  
12331.32828  
12353.42666  
12390.03147  
12360.56399  
12362.40626  
12369.62856  
12297.21982  
12214.94117  
12339.76493  
12404.01138  
12287.99885  
12355.25352  
12298.47186  
12285.98243  
12334.8132  
12342.40124  
12346.44303  
12402.68722  
12412.40836  
12410.79406  
12436.3691  
12447.02183  
12459.38977  
12430.81857  
12437.29488  
12408.96017  
12417.0965  
12396.21967  
12357.3676  
12325.50776  
12322.26998  
12347.27596  
12312.1615  
12277.29489  
12278.47193  
12223.46323  
12228.90246  
12211.58524  
12371.00119  
12336.21813  
12385.94935  
12381.13396  
12358.11049  
12310.22298  
12323.37129  
12305.95055  
12337.21998  
12318.35807  
12332.73899  
12370.62675  
12386.56403  
12411.95863  
12389.53642  
12392.30696  
12364.61338  
12407.30366  
12530.84971  
12422.85648  
12325.68556  
12275.40539  
12266.44917  
12289.98408  
12408.90374  
12325.00852  
12408.98502  
12300.09298  
12362.9352  
12365.17438  
12374.81093  
12312.90082  
12435.34234  
12421.18084  
12374.2629  
12395.9353  
12371.74823  
12379.80147  
12383.79062  
12337.07291  
12347.31066  
12402.42572  
12372.68711  
12326.62906  
12340.13195  
12315.32759  
12357.45803  
12214.89323  
12222.61461  
12257.8374  
12264.10125  
12332.61467  
12332.54054  
12324.22776  
12314.12461  
12332.67751  
12351.54369  
12398.89703  
12354.98744  
12187.42661  
12232.23929  
12303.02615  
12356.06655  
12341.22633  
12358.66414  
12394.48357  
12420.11731  
12395.20069  
12338.86127  
12321.89917  
12344.24287  
12412.21896  
12485.81188  
12415.12099  
12330.02088  
12368.92626  
12422.24324  
12455.04297  
12403.11193  
12433.94211  
12401.82828  
12371.27091  
12341.85041  
12330.55515  
12261.34071  
12262.14046  
12324.06322  
12340.25121  
12312.87105  
12315.08159  
12419.24511  
12255.82318  
12311.0813  
12423.64851  
12368.45384  
12359.53896  
12327.5893  
