11013.06874  
10992.79487  
11106.26489  
11041.60962  
11017.38725  
11146.84921  
10973.08537  
11029.5805  
11057.24358  
11171.08953  
11001.00449  
10994.36763  
10928.89792  
11022.38253  
11020.43876  
10961.41498  
10964.53239  
10931.46884  
10994.13106  
11016.96154  
11081.39988  
10941.88079  
10916.10375  
10952.74262  
11045.91371  
10999.49314  
11035.30858  
11065.4148  
11014.2493  
11025.53393  
11050.19633  
11042.59057  
10961.73179  
11025.11947  
11036.49006  
11008.29112  
11102.7765  
10984.54058  
10960.79806  
11020.79006  
11116.06954  
11049.3582  
11024.18661  
11077.96676  
11097.5199  
11083.6886  
11075.18616  
11044.92742  
11039.82293  
11061.60636  
11020.1267  
11029.6585  
10993.29663  
10986.21976  
11001.55399  
11006.51747  
11056.49416  
10990.28186  
11047.5587  
10960.2775  
10998.66593  
11026.86757  
10893.5933  
10974.02767  
11009.95446  
11090.09557  
11013.91902  
10943.38775  
10926.01828  
10940.8207  
11013.89071  
11109.51462  
10996.97088  
10962.3279  
10924.98025  
10973.55048  
10984.87483  
11008.04758  
11098.34363  
11079.39195  
11020.36612  
11047.96941  
11044.63032  
11102.42008  
10973.13508  
10935.69831  
10968.18016  
11023.69389  
10953.12204  
11053.35533  
10953.17581  
11043.45927  
10965.22738  
10957.23139  
10966.74665  
11040.62711  
11014.91362  
10916.33815  
10996.60708  
11131.4428  
11088.99529  
10983.81576  
10990.18585  
11002.40354  
11006.24719  
11010.99056  
11114.26965  
11015.33324  
11001.28254  
11130.18659  
10987.04479  
11011.05998  
10950.69895  
10989.3533  
11050.24748  
11025.26288  
10990.88786  
11043.9763  
11064.48584  
11084.26459  
11056.74513  
11000.81413  
10936.78222  
10945.72403  
10927.13287  
11008.81078  
11047.00997  
11008.14978  
11004.3753  
11083.41733  
11054.33711  
11081.74329  
11039.74227  
11067.86937  
11077.65482  
11029.70641  
10945.68318  
10951.06876  
11044.13295  
10988.73025  
10922.36586  
10938.49441  
10969.44689  
10971.70046  
10941.41552  
10920.24983  
10969.57381  
11000.75021  
11071.4905  
11098.59419  
11046.89847  
11060.70521  
11167.06349  
11096.12818  
11047.87165  
11025.58325  
10994.79649  
10996.5703  
11029.04718  
11031.51404  
