11154.30291  
11176.03922  
11166.38597  
11215.49884  
11189.2797  
11161.15884  
11189.23895  
11104.55307  
11117.17623  
11160.21553  
11192.09237  
11126.8179  
11153.6227  
11158.24186  
11144.06473  
11156.59732  
11162.1849  
11152.47631  
11155.38803  
11196.56037  
11115.23277  
11102.2828  
11156.40906  
11200.85591  
11157.18012  
11178.95646  
11207.21486  
11136.57947  
11137.12253  
11220.63856  
11203.56463  
11136.48751  
11192.65643  
11164.16197  
11160.5382  
11214.48704  
11162.22074  
11153.65682  
11161.44539  
11232.56755  
11228.76833  
11179.83811  
11170.28135  
11145.32846  
11164.0547  
11166.17295  
11148.16888  
11148.36652  
11157.65799  
11166.86399  
11152.45636  
11154.99027  
11131.22011  
11110.25543  
11172.46481  
11204.55098  
11132.87263  
11185.05529  
11176.32989  
11146.91957  
11204.06625  
11153.01053  
11145.78449  
11188.00417  
11210.58572  
11163.88949  
11130.9574  
11136.02717  
11136.17572  
11156.07127  
11180.48856  
11129.09153  
11108.14108  
11106.84132  
11155.94917  
11190.99328  
11196.72272  
11205.77807  
11198.7459  
11153.01538  
11106.36752  
11105.83367  
11152.48751  
11184.03687  
11123.75552  
11154.09894  
11203.73475  
11147.39561  
11145.39532  
11158.32464  
11141.2639  
11113.54961  
11078.2702  
11090.98727  
11175.63091  
11107.33913  
11109.48072  
11166.19074  
11163.85455  
11174.60505  
11135.17504  
11107.05617  
11125.47555  
11113.23755  
11149.905  
11193.50575  
11166.03198  
11119.28282  
11185.95776  
11181.90697  
11183.81985  
11192.94908  
11133.92346  
11191.76923  
11179.80173  
11135.44164  
11159.0332  
11225.32794  
11173.26191  
11170.393  
11251.94852  
11131.33442  
11135.38686  
11145.14244  
11198.00428  
11206.66067  
11187.13198  
11171.74217  
11211.50948  
11172.14274  
11184.8511  
11207.33456  
11179.5089  
11144.04328  
11159.09701  
11148.72161  
11149.92432  
11165.29161  
11176.46133  
11126.44  
11125.20026  
11161.91149  
11194.83347  
11130.8705  
11129.59152  
11138.82605  
11191.12736  
11176.54953  
11176.72771  
11151.18441  
11158.23839  
11154.24402  
11183.78649  
11172.82322  
11109.48008  
11165.13818  
11193.52026  
11141.85261  
11176.3901  
11161.31411  
