11406.2006  
11337.09761  
11406.85457  
11448.79075  
11355.7975  
11386.1117  
11362.81884  
11363.71178  
11379.62322  
11460.18045  
11371.48229  
11378.61963  
11307.85568  
11346.56468  
11408.00174  
11426.26496  
11414.95947  
11318.49347  
11432.82967  
11385.07435  
11364.04858  
11393.36795  
11348.44559  
11399.88273  
11469.91537  
11359.29304  
11319.45636  
11421.4896  
11346.4198  
11370.20166  
11356.32961  
11495.66342  
11326.38718  
11419.84274  
11488.0904  
11356.07238  
11450.80963  
11395.23055  
11286.09353  
11388.79357  
11370.72864  
11415.332  
11424.93092  
11421.48343  
11345.94756  
11405.09353  
11459.06185  
11422.41443  
11370.33275  
11424.29007  
11412.19457  
11452.65764  
11451.50872  
11369.35655  
11393.42105  
11342.59768  
11474.11422  
11341.95764  
11343.61593  
11391.77517  
11369.50822  
11351.39655  
11328.42246  
11367.40885  
11388.4467  
11439.81677  
11462.98187  
11317.56423  
11313.25968  
11316.17023  
11311.63111  
11361.0376  
11459.60807  
11327.55426  
11320.59054  
11391.62196  
11389.04583  
11412.51584  
11347.85444  
11333.36139  
11405.48358  
11425.17264  
11432.24876  
11366.29276  
11379.42826  
11341.97173  
11375.81572  
11413.21122  
11337.19663  
11350.22568  
11335.92147  
11341.92235  
11453.74756  
11417.23704  
11401.88305  
11330.48718  
11450.21385  
11417.30781  
11348.22076  
11393.47578  
11399.59408  
11382.58492  
11327.01394  
11314.99259  
11370.84203  
11355.09828  
11379.06889  
11413.15059  
11365.30724  
11357.75984  
11334.13262  
11298.48565  
11345.72898  
11295.006  
11336.06619  
11494.68172  
11419.74168  
11394.39685  
11397.64684  
11430.57323  
11467.48154  
11439.06845  
11327.9158  
11324.14682  
11354.12714  
11386.93656  
11331.35921  
11351.12083  
11374.95807  
11357.74426  
11394.50873  
11402.9907  
11362.91779  
11337.95907  
11400.02265  
11453.34572  
11436.33169  
11381.33283  
11378.09734  
11365.3528  
11449.7846  
11392.67414  
11355.57499  
11466.8544  
11392.23552  
11318.26077  
11377.05146  
11377.29239  
11350.91415  
11358.98012  
11361.26962  
11334.80664  
11373.99769  
11394.88644  
11440.07963  
11423.4381  
11377.40774  
11336.38889  
11432.03719  
11407.27647  
