10832.62188  
11046.04184  
10928.72445  
11022.3192  
10877.04686  
10852.25752  
10943.13548  
10814.67373  
11007.11494  
10823.57505  
10997.80878  
10905.77036  
10926.22313  
11060.80935  
10893.41795  
11013.10429  
10850.90568  
10927.14752  
10888.75008  
10902.82646  
10983.1083  
10862.47886  
10907.97257  
10875.54834  
10854.49507  
10999.70825  
10853.91387  
11033.68331  
10910.51974  
11041.24933  
10948.20244  
10928.57529  
11034.67912  
10895.15627  
11092.04999  
10951.71316  
10958.40516  
11054.22478  
10930.75076  
10984.69675  
10922.51616  
10986.23842  
10866.03917  
10894.31923  
10855.10318  
11017.32826  
10884.51479  
10926.8231  
10903.19167  
10890.45309  
10981.14829  
10875.49559  
10944.75217  
10876.74992  
11012.66399  
10881.02216  
10931.08163  
10883.00632  
10980.5466  
10971.73438  
10901.49106  
10986.40283  
10969.62458  
10980.83522  
10865.24447  
10941.13185  
10869.68333  
10906.17134  
10980.86513  
10794.7008  
11036.89106  
10869.38221  
10938.33094  
10874.46219  
10835.71216  
10925.61589  
10898.55327  
11032.97895  
10871.71429  
10935.7095  
10851.49063  
10874.04792  
10985.35253  
10904.46418  
11014.83003  
10862.87453  
10968.67543  
10887.56933  
10947.64078  
11023.43214  
10953.47621  
11025.17914  
10884.16057  
10986.41452  
10870.0601  
10949.81958  
10805.78507  
10964.73465  
10983.9488  
10965.94359  
10944.67278  
10944.43946  
10884.29217  
10994.04908  
10859.67628  
10840.29245  
10817.71531  
10943.45272  
10899.75816  
10881.88567  
10892.21291  
10888.91978  
10981.06912  
10895.40229  
10876.55282  
10823.60207  
10893.92692  
10939.82224  
11032.26298  
10945.28199  
11165.75824  
11015.14791  
10877.80394  
10884.14165  
10870.29915  
10868.86755  
10916.64052  
11059.23772  
11002.37069  
10881.87782  
10868.78477  
10881.77436  
10863.27835  
10987.06281  
10993.56156  
10985.83372  
11057.47528  
10908.27464  
10986.00031  
10920.14328  
11026.41301  
10837.23156  
10999.99484  
10817.08928  
10843.92959  
10886.43155  
10870.93686  
10869.8303  
10903.15031  
10963.0202  
10904.15643  
10943.58599  
10867.36719  
10980.56536  
10981.61892  
10953.92915  
10890.73487  
10940.91649  
10977.92656  
10940.99209  
