10966.83117  
11426.57133  
11094.82652  
11254.95826  
11112.07231  
11182.70937  
11209.24188  
11105.27047  
11222.63486  
11157.01188  
11267.99882  
11275.51211  
11113.96289  
11355.19764  
11069.19829  
11189.65527  
11084.1616  
11150.95014  
11158.9492  
11116.88679  
11291.74558  
11065.49353  
11157.55299  
11213.43705  
11005.32523  
11330.55262  
11063.19347  
11171.00258  
11110.00711  
11284.07967  
11197.85942  
11228.2159  
11253.61498  
11218.62622  
11480.20713  
11235.64546  
11116.40259  
11298.41508  
11148.81155  
11365.12592  
11261.78758  
11284.3877  
11057.27735  
11269.86953  
11133.17052  
11264.30971  
11004.8055  
11128.78513  
11180.8304  
11134.84628  
11270.38195  
11168.61841  
11238.0223  
11146.91326  
11377.89093  
11096.07774  
11278.44945  
11029.35778  
11254.93039  
11196.92116  
11171.37593  
11249.19941  
11256.69339  
11403.74909  
11047.59949  
11233.40118  
11031.40244  
11078.03007  
11270.0325  
10988.29602  
11233.67717  
11217.99191  
11163.10628  
11149.84793  
11070.89153  
11195.36635  
11084.58268  
11282.91847  
11096.31359  
11164.65252  
11150.09638  
11050.83965  
11309.37154  
11086.92997  
11194.57452  
11095.30441  
11177.502  
11163.86086  
11089.38543  
11294.97826  
11127.36045  
11212.96989  
11135.40121  
11171.08467  
11194.75768  
11296.76565  
10996.24861  
11356.64027  
11177.67506  
11145.05225  
11131.08659  
11279.78254  
11169.49638  
11328.04628  
11082.86475  
11065.72033  
11032.69254  
11338.99268  
11163.78583  
11104.1057  
11224.66856  
11104.1628  
11263.22592  
11189.02606  
11235.66336  
11041.8627  
11282.83027  
11229.44024  
11337.24965  
11142.40943  
11545.35604  
11366.84497  
11080.42774  
11206.78193  
11068.22212  
11177.01429  
11050.19307  
11170.32821  
11133.72205  
11101.06354  
11159.65026  
11108.49205  
11198.68597  
11262.32109  
11250.24197  
11246.04364  
11442.74946  
11116.4057  
11375.00944  
11108.95981  
11323.75287  
10968.30147  
11190.05731  
11135.76243  
11018.7703  
11118.38366  
11245.1856  
11137.87126  
11064.18266  
11134.93071  
11252.25435  
11296.0593  
11115.96928  
11191.84412  
11217.49636  
11202.33989  
11225.04282  
11137.26531  
11170.17749  
11197.37539  
