11171.82636  
11318.82189  
11098.08943  
11205.44501  
11075.36029  
11087.92115  
11101.12174  
10987.53784  
11060.33359  
11188.13619  
11120.11313  
11150.68395  
11075.89676  
11230.09899  
11050.53175  
11176.91658  
10971.6813  
11177.12082  
11186.03863  
11030.6685  
11204.31198  
11046.83696  
11243.41149  
11209.3315  
11192.33318  
11199.62069  
11134.9861  
11231.88189  
11030.12534  
11221.64066  
11080.21674  
11165.02792  
11198.73671  
11037.38086  
11178.12814  
11076.98407  
11120.18783  
11170.68899  
11048.53938  
11187.73646  
11245.35813  
11305.86337  
11072.37371  
11126.00191  
11177.72346  
11345.30437  
11045.02834  
11199.87386  
11079.31113  
11160.53844  
11037.9915  
11185.98762  
11042.68299  
11105.64912  
11201.72081  
11067.73955  
11199.09941  
11057.54331  
11216.9911  
11050.39737  
11228.46294  
11082.39559  
11141.53308  
11181.66233  
10965.36551  
11177.19606  
11043.66342  
11213.03564  
11176.20055  
11055.94042  
11175.62396  
11157.37597  
11141.39349  
11132.80166  
11022.90841  
11117.94371  
11009.61055  
11135.89945  
11059.49429  
11215.59848  
11162.77258  
11085.50186  
11189.57764  
11082.39123  
11198.58853  
10968.69329  
11157.86012  
11102.8856  
11223.44258  
11275.99937  
11265.82419  
11123.41716  
11221.52296  
11055.89898  
11214.37587  
11153.03041  
11044.8818  
11264.16619  
11143.19263  
11108.64145  
11109.60927  
11003.49806  
11038.60649  
11209.11703  
11052.22746  
11166.91131  
11042.21062  
11090.12495  
11157.223  
11121.1962  
11182.57304  
11302.94532  
11115.06756  
11183.4297  
11101.88646  
11241.79721  
11227.66539  
11200.6044  
11156.53452  
11008.86318  
11141.68857  
11138.71269  
11038.07506  
11109.75829  
10971.64375  
10937.22673  
11047.46182  
11129.54883  
11225.60896  
11024.92361  
10971.74646  
11209.09358  
11166.69446  
11343.12984  
11255.64352  
11151.81868  
11247.4459  
11136.6516  
11265.41967  
11151.67892  
11152.94601  
10968.60513  
11036.73474  
11059.51788  
10955.59751  
11120.72064  
11198.69015  
11045.4199  
11080.60797  
11176.29867  
11139.41557  
11218.9763  
11043.77716  
11261.8577  
11110.53668  
11198.31205  
11083.76653  
11270.99004  
11095.85779  
11152.12955  
