9006.798035  
9079.196279  
9010.710744  
9125.896484  
8932.829865  
9065.630239  
9042.708771  
8970.971771  
9033.395009  
8922.959157  
9131.115295  
8954.992839  
9122.748362  
9088.703217  
9005.80305  
9066.695068  
8956.119965  
9105.757924  
8927.886749  
8994.017588  
9050.919189  
9012.985565  
9047.292633  
8949.478719  
9025.64977  
9021.896759  
9068.888987  
9058.590373  
8986.564148  
9076.254517  
8977.371684  
8967.421071  
9045.049001  
9000.95694  
9181.920553  
9054.868296  
9022.834025  
9046.202993  
9052.844462  
9220.563711  
9065.063212  
9120.969157  
9038.474803  
8969.68162  
8961.854584  
9198.937551  
9069.714945  
9094.046539  
9033.366597  
9009.86618  
8997.083689  
8978.571889  
8994.369415  
8993.833598  
9132.092997  
8972.707489  
9045.250966  
9033.441325  
9024.038879  
9041.229736  
8984.307383  
9084.542063  
9037.501882  
9059.315186  
8977.174571  
9034.092814  
9047.243805  
8998.964742  
9010.140249  
9049.638916  
8980.911336  
8941.823171  
9074.439351  
8915.4705  
8976.024434  
8973.856201  
8977.245372  
9037.44633  
9048.447683  
9111.01119  
8972.313527  
9050.698832  
9088.992889  
8970.504771  
9089.716522  
9047.657959  
9102.48818  
8944.731293  
9161.139262  
9107.900126  
9067.654531  
9025.87205  
8909.724314  
9049.916423  
9042.670675  
9075.990885  
8962.435842  
9049.524801  
9091.901164  
9158.151906  
8948.959554  
8939.062795  
8894.795817  
9132.409821  
8994.121826  
9042.675161  
9039.444336  
9085.002889  
8949.084849  
8997.559733  
8996.871918  
9030.93924  
9053.88149  
8948.810781  
8991.445017  
8903.35555  
8977.870687  
9008.990753  
9035.666402  
8980.199626  
9174.013265  
9129.778941  
8987.499929  
8951.678782  
8976.487956  
9012.415385  
8995.40803  
9266.791016  
8996.303029  
8902.430461  
8878.213531  
9004.690226  
9001.214773  
9182.142578  
9159.958038  
9192.850739  
9149.516103  
9035.699565  
9091.110087  
9039.045959  
9011.64326  
8977.667236  
9016.851003  
8954.427368  
9031.819387  
8956.985168  
8956.202037  
9107.715983  
9040.063182  
9045.304067  
8936.187327  
9032.586477  
9005.794006  
9108.633586  
8985.106547  
9078.105947  
9010.186422  
9058.713084  
8969.340576  
9045.381083  
