10570.42737  
10621.32746  
10678.01102  
10713.70779  
10577.08073  
10705.6894  
10567.13964  
10638.86656  
10572.17604  
10635.89713  
10642.62067  
10566.36611  
10750.45566  
10661.07023  
10659.14265  
10576.90761  
10633.99767  
10619.42073  
10569.32862  
10606.18161  
10608.34564  
10636.72459  
10653.10685  
10571.78296  
10648.87508  
10583.38279  
10616.5274  
10555.53271  
10618.57484  
10645.18242  
10604.51892  
10668.86391  
10643.70221  
10669.92011  
10723.90258  
10631.79382  
10683.62825  
10609.94301  
10639.34497  
10704.34611  
10660.27508  
10693.52845  
10629.05588  
10628.4896  
10664.45095  
10664.33722  
10691.82816  
10654.9489  
10587.39174  
10599.23515  
10610.31644  
10631.70287  
10582.72541  
10609.82599  
10645.52903  
10601.01786  
10649.32608  
10607.08737  
10686.50427  
10605.61302  
10634.4721  
10627.43401  
10612.78999  
10659.1283  
10624.42509  
10669.55019  
10598.88601  
10640.56626  
10616.19784  
10697.73964  
10637.37749  
10661.30169  
10680.77713  
10578.52507  
10706.21002  
10597.13009  
10667.78468  
10600.22366  
10675.97596  
10623.59415  
10580.63003  
10655.26943  
10635.43141  
10658.80868  
10612.97978  
10620.22393  
10597.10584  
10514.78538  
10572.4266  
10581.85521  
10658.65909  
10605.53512  
10677.39346  
10594.63768  
10591.17806  
10584.9042  
10619.0149  
10660.60236  
10674.86982  
10682.03834  
10626.83516  
10618.81351  
10610.00032  
10637.27957  
10538.9905  
10633.48127  
10632.60065  
10747.47439  
10620.00987  
10682.94693  
10618.69711  
10637.29295  
10638.57145  
10634.29183  
10577.80092  
10610.94949  
10625.535  
10639.53732  
10605.60971  
10698.20689  
10719.51674  
10631.34366  
10615.19745  
10632.03794  
10552.25802  
10514.00229  
10540.97297  
10661.22489  
10611.24661  
10620.70156  
10580.81755  
10600.73792  
10610.83037  
10713.04214  
10763.7258  
10662.14854  
10708.30127  
10639.75736  
10670.29002  
10635.06396  
10641.28488  
10676.64581  
10595.64493  
10616.26621  
10594.03541  
10628.29106  
10630.05471  
10687.59407  
10668.24536  
10629.7702  
10591.49186  
10604.35802  
10624.90126  
10644.3824  
10601.58846  
10604.95848  
10571.57752  
10622.37679  
10622.65396  
10644.61973  
