10898.25961  
11355.79893  
10987.0592  
11150.93898  
11053.67602  
11137.87061  
11073.88932  
11059.15449  
11067.96139  
11092.80789  
11196.03631  
11226.12434  
11016.37947  
11199.4092  
10935.7802  
11047.28225  
11002.99342  
11061.94123  
11081.41916  
11040.59803  
11120.80355  
10960.24564  
11074.4933  
11133.59859  
10876.64672  
11191.62723  
10964.83123  
10973.44035  
10981.0774  
11117.7699  
11077.42824  
11146.91881  
11116.68291  
11171.78375  
11459.44848  
11199.22336  
11079.29268  
11152.2199  
11063.24881  
11333.84566  
11205.87459  
11159.27758  
10970.36471  
11197.40516  
11032.93361  
11176.84277  
10902.95594  
11055.99691  
11095.52869  
11081.83611  
11185.599  
11074.76088  
11177.78979  
11119.85674  
11329.08607  
11010.43186  
11208.5041  
10927.92859  
11137.02314  
11087.22932  
11088.11508  
11148.20986  
11162.8416  
11360.5541  
10920.25664  
11117.20967  
10929.33125  
10966.96557  
11140.02104  
10879.65154  
11054.26687  
11130.83289  
11044.98287  
11061.33959  
10979.06926  
11093.38578  
11000.84482  
11084.81178  
10987.82398  
11043.30637  
11125.91699  
10974.24926  
11230.53764  
10992.20816  
11002.97055  
11020.50283  
11043.00344  
11088.60334  
10969.40139  
11179.67564  
10998.43219  
10989.96129  
11060.70447  
11023.82564  
11129.11307  
11235.86131  
10875.8441  
11287.15482  
11099.2301  
11131.16205  
11007.69244  
11194.46064  
11082.11508  
11193.62197  
10972.44  
10955.32117  
10953.3368  
11344.60248  
11061.13797  
10994.81559  
11230.59713  
11026.84457  
11172.98365  
11113.20732  
11203.51553  
10937.14875  
11156.23979  
11166.77574  
11229.30523  
11103.27309  
11522.25529  
11284.54275  
10976.34254  
11147.35807  
10960.41842  
11156.68701  
10929.81867  
11084.96324  
10988.32266  
10980.76738  
11062.14125  
10997.94217  
11154.81955  
11175.37283  
11192.27584  
11169.37437  
11329.35209  
11013.35203  
11300.69965  
11010.0943  
11193.45877  
10853.95018  
11029.96305  
11101.07684  
10934.34535  
11007.39451  
11196.58527  
11075.17188  
10955.65234  
11043.41459  
11167.38549  
11163.09025  
11009.79883  
11144.09395  
11114.01906  
11093.45049  
11164.20619  
11018.90873  
11058.1226  
11054.76564  
