10644.20793  
10908.56651  
10739.85935  
10829.98711  
10681.23294  
10674.53319  
10754.43594  
10660.45118  
10796.90389  
10648.03258  
10816.29318  
10729.11449  
10731.80412  
10853.68831  
10710.996  
10811.68952  
10682.24403  
10746.39536  
10696.4851  
10702.25536  
10792.19164  
10687.17665  
10708.89433  
10704.1865  
10648.75374  
10821.55507  
10707.6366  
10812.69998  
10719.49436  
10827.44144  
10753.9692  
10742.69016  
10831.22009  
10733.69382  
10952.48216  
10786.38839  
10769.61288  
10845.05131  
10740.96471  
10836.11594  
10760.52523  
10807.13616  
10700.08106  
10713.74076  
10681.40346  
10861.98477  
10701.70954  
10741.19602  
10746.09257  
10689.75891  
10792.0184  
10695.61252  
10764.78556  
10696.92841  
10849.66935  
10679.26584  
10756.90101  
10688.85  
10775.28993  
10799.43626  
10717.50436  
10804.1581  
10760.18282  
10827.71434  
10669.39953  
10757.22845  
10699.81446  
10701.06032  
10768.38071  
10635.75028  
10806.95435  
10707.49947  
10761.8319  
10678.20579  
10654.9468  
10717.38475  
10692.83813  
10816.32832  
10695.0045  
10757.80553  
10691.31341  
10686.30329  
10836.64852  
10698.86729  
10808.33357  
10690.86677  
10776.01793  
10705.05677  
10789.99958  
10874.72547  
10743.96142  
10802.83407  
10683.6974  
10800.77555  
10726.31972  
10802.57831  
10632.31267  
10807.14964  
10787.25515  
10813.60356  
10702.77377  
10716.10229  
10654.88914  
10835.2303  
10680.07885  
10669.47382  
10670.45529  
10797.05776  
10699.00796  
10672.85021  
10742.03764  
10701.95349  
10785.38934  
10709.88397  
10713.871  
10613.08611  
10707.47491  
10751.9144  
10846.31888  
10733.87743  
11006.0316  
10834.88906  
10695.66289  
10678.04192  
10670.40338  
10729.26282  
10714.67569  
10885.00284  
10786.56821  
10662.1227  
10667.1026  
10713.79249  
10722.05046  
10844.78213  
10829.79595  
10809.7332  
10896.87681  
10709.03556  
10817.34156  
10731.53475  
10831.14942  
10660.79429  
10776.482  
10663.23793  
10695.40515  
10689.74683  
10719.12959  
10716.69036  
10704.19639  
10762.33907  
10722.7702  
10781.92187  
10698.6811  
10780.74453  
10770.48224  
10769.7049  
10743.2407  
10730.79191  
10749.49154  
10734.68605  
