9574.550024  
9581.336064  
9489.735596  
9587.814209  
9585.244722  
9506.887266  
9667.12862  
9539.495589  
9507.97487  
9587.545983  
9634.260776  
9583.724879  
9469.627837  
9541.395668  
9662.05771  
9509.514286  
9571.708968  
9643.241842  
9666.051067  
9662.448006  
9592.480039  
9621.417632  
9512.808989  
9637.073234  
9600.96231  
9572.817863  
9585.579489  
9723.371877  
9650.870353  
9645.829438  
9404.491413  
9472.913928  
9434.015734  
9502.691852  
9538.822628  
9559.003654  
9514.395996  
9472.923138  
9589.632796  
9489.698234  
9588.228322  
9541.088185  
9571.504352  
9507.216368  
9590.853937  
9492.666041  
9593.169232  
9683.216073  
9515.923576  
9636.270794  
9430.73541  
9493.588143  
9629.649591  
9602.596848  
9613.392275  
9563.608036  
9705.124461  
9518.215955  
9592.316541  
9466.370302  
9634.951399  
9484.051918  
9442.40183  
9600.257838  
9560.212689  
9633.946348  
9580.760616  
9546.598885  
9454.746801  
9554.182255  
9569.747508  
9657.130413  
9458.628115  
9498.664433  
9649.819395  
9585.065017  
9621.792657  
9648.476748  
9619.695211  
9664.416908  
9647.309191  
9612.427061  
9557.034028  
9663.979172  
9596.065716  
9624.503367  
9539.749815  
9604.596814  
9659.56841  
9557.791024  
9462.869789  
9594.406031  
9566.855974  
9670.768757  
9554.140036  
9514.409761  
9578.831156  
9557.724879  
9620.439992  
9639.652293  
9564.600855  
9656.27364  
9503.48653  
9600.750295  
9516.648656  
9498.774616  
9478.846806  
9524.975645  
9639.496582  
9534.318949  
9578.598363  
9677.541588  
9659.129529  
9637.671244  
9583.176547  
9620.987103  
9576.47636  
9556.141408  
9641.895895  
9530.730124  
9637.868829  
9611.233744  
9671.596318  
9470.989595  
9492.120403  
9472.589591  
9518.898075  
9469.994722  
9455.466637  
9610.99542  
9471.085912  
9482.319656  
9483.589204  
9525.27204  
9619.451534  
9660.180639  
9584.945944  
9679.097471  
9533.760666  
9591.704118  
9604.859788  
9616.286638  
9558.506322  
9553.626978  
9537.242608  
9461.199547  
9582.20704  
9575.855469  
9603.571904  
9637.322148  
9568.22077  
9607.040426  
9716.469331  
9635.466965  
9486.953933  
9574.685227  
9507.789248  
9593.617684  
9554.875413  
9581.368998  
