10749.71625  
10720.85577  
10494.08713  
10737.57888  
10668.04019  
10649.12657  
10750.0058  
10660.50709  
10728.11599  
10773.71177  
10726.97394  
10615.71935  
10586.23733  
10744.65371  
10777.09908  
10561.25908  
10655.7792  
10586.19269  
10709.10237  
10798.74431  
10621.95278  
10567.40202  
10700.44865  
10661.11812  
10658.71623  
10735.69576  
10714.80933  
10859.11095  
10939.06427  
10755.17141  
10622.83036  
10566.8623  
10620.04593  
10612.6487  
10658.27472  
10576.45684  
10559.02394  
10668.37828  
10540.82445  
10705.59842  
10747.12741  
10852.03776  
10576.26822  
10659.45532  
10644.61084  
10510.08406  
10835.70111  
10688.27146  
10797.44407  
10706.88751  
10619.71982  
10814.59328  
10751.4203  
10601.87137  
10722.39167  
10700.528  
10665.66785  
10729.23602  
10568.02553  
10653.87075  
10629.97939  
10565.03804  
10676.96694  
10641.39788  
10700.07374  
10802.17164  
10708.17983  
10716.13021  
10581.49788  
10548.26263  
10706.52027  
10682.60072  
10699.49883  
10717.27468  
10727.64471  
10690.97657  
10699.08764  
10649.73595  
10657.49333  
10733.20654  
10769.86891  
10723.12892  
10795.38483  
10658.32687  
10692.94083  
10635.76267  
10702.57314  
10647.64427  
10649.31106  
10681.13582  
10748.6156  
10653.53694  
10743.64646  
10736.45524  
10688.42631  
10734.89018  
10654.03659  
10688.05063  
10754.89071  
10672.36143  
10720.12731  
10656.17564  
10663.69651  
10696.66405  
10668.23582  
10646.95866  
10547.63662  
10695.18721  
10776.37476  
10632.42717  
10634.61012  
10709.86778  
10735.66377  
10684.75802  
10639.30645  
10702.7476  
10616.29418  
10660.78516  
10584.69603  
10734.10559  
10794.01075  
10812.55556  
10753.30825  
10770.40874  
10637.27743  
10529.76677  
10619.13355  
10494.73214  
10653.78496  
10660.72209  
10669.05571  
10651.97565  
10579.99561  
10761.08883  
10670.4785  
10708.49874  
10782.93935  
10759.93352  
10699.76664  
10671.15916  
10674.84187  
10809.25244  
10697.11976  
10736.01388  
10592.83998  
10660.48919  
10667.30461  
10706.4991  
10791.50714  
10650.05616  
10718.49356  
10686.31498  
10725.91864  
10683.53706  
10586.88813  
10620.20351  
10585.37478  
10720.14382  
10606.53205  
10788.72813  
