11038.06564  
11027.87767  
11083.25621  
11006.74469  
11039.24181  
11045.51103  
11051.50217  
11100.49649  
11111.64824  
11049.43167  
11046.98105  
11145.15157  
11049.3763  
11028.23336  
11018.60905  
11070.01175  
11038.51307  
11071.85297  
11089.70808  
11051.81078  
11061.15908  
11045.95787  
11010.79169  
11087.84664  
11051.93022  
11039.40249  
11015.00922  
11037.93449  
11127.06844  
11056.83567  
11049.06238  
10981.72116  
10972.7421  
11041.10147  
10993.74787  
11105.71596  
11070.57506  
11070.85074  
11041.30547  
11032.57918  
11043.68475  
11061.5529  
11107.58828  
11070.48866  
11052.90293  
11102.83461  
11036.60035  
11060.2895  
11057.46492  
11033.40812  
11046.95886  
11033.25403  
11029.66467  
11089.92571  
11075.28093  
11059.60396  
11043.99123  
11042.88544  
11064.60087  
11055.31889  
11047.07592  
11023.54428  
11000.6417  
11025.46219  
11007.09423  
11054.76957  
11108.46974  
11000.52344  
11083.01566  
11040.64682  
11007.69098  
11002.24859  
11003.13127  
11006.1558  
11095.96005  
11112.32784  
11006.37138  
11081.07244  
11061.22742  
11082.13121  
11114.78963  
11048.02693  
11096.45424  
11072.17133  
11079.01992  
11089.88732  
11032.18159  
11158.08822  
11037.09943  
11056.17876  
11155.00335  
10996.25708  
11032.1322  
11062.36173  
11020.17147  
11075.95469  
11090.62243  
11043.10781  
11075.73651  
11014.4566  
11043.79781  
11066.53018  
11022.36106  
11018.3284  
11021.05647  
11015.33224  
11049.96064  
10990.44841  
11041.70581  
11065.64488  
11030.5673  
11120.9747  
11029.56986  
11058.14504  
11041.38699  
11144.08045  
11023.43652  
11089.55571  
11074.17302  
11046.91185  
11001.69436  
11087.8309  
11177.68956  
11089.12958  
11013.43255  
11032.17962  
10985.6448  
11105.95126  
11042.01272  
11039.30907  
11035.86074  
11008.97949  
11069.52284  
11032.63036  
11034.91046  
11039.28136  
11055.20025  
11011.79057  
11017.76785  
10998.28337  
11035.95781  
11061.53193  
11055.42136  
11086.16313  
11068.29415  
11124.09864  
11112.84035  
11013.31108  
11040.16701  
11066.05396  
11049.29247  
11043.11779  
11109.97167  
11014.17036  
11084.3962  
11013.59825  
11094.49323  
11056.80088  
11041.09897  
11056.02933  
