9882.360115  
9922.822276  
9718.98226  
9832.208783  
9917.985754  
9824.30966  
9950.187457  
9849.89  
9843.071896  
9844.181522  
10007.63235  
9818.806992  
9754.564191  
9844.33337  
9981.89098  
9736.905604  
9755.866785  
9891.288585  
9928.022676  
10003.57392  
9830.511295  
9866.609504  
9867.236759  
9936.23994  
9989.214251  
9902.038215  
9823.07614  
10074.41133  
9984.419028  
9955.910372  
9657.364865  
9745.971044  
9839.411359  
9744.858653  
9817.603239  
9791.26923  
9773.505949  
9801.449068  
9855.0889  
9814.644736  
9884.116125  
9824.142718  
9817.842842  
9820.378694  
9879.051912  
9806.33574  
9853.309028  
9975.05672  
9767.198784  
9986.281954  
9724.914899  
9802.465468  
9844.628228  
9883.892262  
9906.469041  
9810.409104  
10026.55606  
9793.640392  
9917.000381  
9824.308109  
9950.306526  
9729.291906  
9761.588738  
9898.608951  
9803.437633  
10006.32284  
9800.199571  
9909.769072  
9741.843179  
9839.80021  
9918.267571  
9874.012311  
9782.721331  
9878.874095  
9930.544642  
9747.294886  
9940.026988  
9901.891332  
9870.907675  
9933.918913  
9883.666468  
9944.96223  
9865.187417  
9867.04802  
9907.210905  
9881.778345  
9894.965806  
9779.690573  
9910.406404  
9918.536872  
9684.600306  
9811.949976  
9906.365493  
9874.658652  
9791.112204  
9845.094421  
9824.648998  
9936.023893  
9893.4899  
9969.328032  
9926.709422  
9981.790876  
9775.924679  
9931.201613  
9816.855957  
9896.760189  
9757.969375  
9800.162508  
9965.019072  
9751.24222  
9889.374318  
9978.308001  
9945.352241  
10007.82976  
9882.913212  
9852.539626  
9842.681734  
9872.157284  
9864.859282  
9873.004614  
9964.569982  
9843.590547  
9919.439579  
9736.526547  
9884.446257  
9721.024041  
9896.328071  
9761.807606  
9715.471673  
9982.873273  
9735.149069  
9841.712345  
9762.351771  
9874.970775  
9840.029362  
10026.077  
9905.438419  
10029.97373  
9795.820467  
9922.327023  
9839.09282  
9961.596741  
9829.686441  
9898.137961  
9799.633868  
9817.844601  
9805.419588  
9887.929472  
9921.618523  
9828.247559  
9909.084268  
9837.275861  
10031.52706  
9951.34664  
9758.780672  
9906.012157  
9799.496794  
9879.860061  
9836.074283  
9788.548562  
