10882.79344  
10582.91157  
10440.10027  
10825.76868  
10583.72398  
10871.20127  
10625.82621  
10700.88826  
10671.40067  
10670.88991  
10682.74529  
10587.10575  
10658.97868  
10894.57143  
10645.04835  
10484.7257  
10677.28604  
10584.75616  
10657.63909  
10667.8327  
10521.65781  
10593.84449  
10661.58172  
10649.54983  
10755.64458  
10646.68368  
10841.08851  
10786.36233  
10673.87882  
10560.07224  
10492.1269  
10591.36178  
10567.19724  
10450.42916  
10830.10035  
10527.2287  
10710.81587  
10673.08657  
10541.63019  
10943.45411  
10719.06379  
10853.26816  
10571.93331  
10680.88264  
10674.02496  
10578.7817  
10711.72933  
10581.02083  
10643.81942  
10642.40895  
10565.20638  
10847.75113  
10701.36908  
10634.03768  
10700.95654  
10617.81684  
10606.72239  
10536.81759  
10547.77649  
10775.71731  
10560.46791  
10593.42837  
10871.01443  
10518.63388  
10761.76152  
10710.60614  
10629.9386  
10800.90023  
10540.71052  
10549.01172  
10749.72449  
10535.42569  
10863.55289  
10914.536  
10567.04972  
10538.35824  
10948.9068  
10582.89815  
10631.73953  
10600.37383  
10595.39399  
10948.77908  
10680.31167  
10581.20097  
10575.50576  
10596.73572  
10749.58276  
10562.05644  
10844.4829  
10611.95943  
10498.23861  
10686.2054  
10661.38505  
10582.31157  
10806.06032  
10587.43435  
10600.83834  
10728.5659  
10595.26353  
10625.29443  
10830.07091  
10590.06641  
10800.79814  
10631.31542  
10786.96711  
10748.39353  
10471.5565  
10727.3572  
10633.15476  
10576.81464  
10897.4051  
10686.43095  
10836.23455  
10629.09022  
10758.27338  
10675.69493  
10844.78821  
10551.62485  
10547.12477  
10551.04286  
10831.94303  
10653.45244  
10567.68624  
10569.45844  
10680.344  
10451.67844  
10827.2466  
10527.47944  
10635.6044  
10631.10442  
10697.80987  
10725.8831  
10517.62445  
10732.32904  
10646.22  
10719.05743  
10766.6253  
10648.95064  
10791.37228  
10607.06528  
10782.10533  
10696.694  
10733.01306  
10645.85378  
10607.93076  
10650.08165  
10517.90081  
10872.90869  
10605.42437  
10617.71359  
10689.38957  
10724.28434  
10717.34491  
10941.75221  
10534.575  
10905.65767  
10527.1088  
10552.07258  
10462.29271  
10632.13303  
