10208.18065  
10181.72746  
10063.84895  
10171.53738  
10169.8454  
10138.08631  
10211.04206  
10190.66029  
10128.91097  
10182.60451  
10242.34761  
10141.31597  
10116.39446  
10177.56703  
10213.59551  
10068.29643  
10107.53499  
10204.46684  
10245.5316  
10239.66607  
10114.6959  
10184.69005  
10121.62093  
10252.88226  
10244.34599  
10172.18702  
10183.69535  
10347.52823  
10224.07018  
10214.89752  
10007.34987  
10104.36367  
10106.3124  
10083.42502  
10158.31236  
10119.90209  
10130.05173  
10085.19188  
10147.1302  
10140.65254  
10178.61277  
10139.34965  
10159.49662  
10093.5857  
10204.2727  
10128.54937  
10210.31802  
10229.959  
10090.80215  
10220.76329  
10053.78828  
10153.17826  
10169.28489  
10170.34807  
10174.42625  
10158.07062  
10280.86585  
10114.99982  
10181.08165  
10116.96239  
10227.10954  
10100.64339  
10099.89058  
10153.98228  
10131.57464  
10217.84004  
10147.89895  
10183.74359  
10063.21357  
10139.01267  
10178.1823  
10158.44207  
10123.79553  
10183.01999  
10193.92369  
10088.16472  
10218.41978  
10201.54256  
10192.51285  
10223.72687  
10204.93774  
10251.38805  
10150.08491  
10189.4627  
10138.62228  
10209.0087  
10180.69494  
10149.682  
10253.00622  
10187.04851  
10051.12712  
10165.11767  
10159.51183  
10200.25761  
10134.19026  
10089.92984  
10156.2715  
10203.55894  
10220.41256  
10208.92589  
10240.37811  
10219.22404  
10116.45611  
10188.13374  
10148.83804  
10172.94505  
10104.56356  
10140.73993  
10218.35884  
10101.35991  
10203.30329  
10290.4709  
10202.53055  
10253.2713  
10167.82852  
10191.54111  
10150.77689  
10117.56392  
10188.71284  
10139.25332  
10284.22154  
10154.30274  
10235.89019  
10051.7488  
10149.89135  
10082.50955  
10216.04226  
10093.82265  
10051.11445  
10249.4179  
10097.23894  
10118.79466  
10082.19316  
10149.81986  
10169.77961  
10277.00895  
10198.00528  
10273.10889  
10130.92011  
10161.94403  
10182.69447  
10223.24377  
10166.19443  
10153.54902  
10149.20471  
10073.34002  
10137.43035  
10177.8433  
10159.53975  
10155.26455  
10172.20753  
10172.52306  
10278.18344  
10252.86449  
10090.28893  
10221.94381  
10113.62831  
10215.28338  
10151.17011  
10133.90558  
