10193.91582  
10058.782  
9996.946254  
10138.25761  
10066.05838  
10121.78122  
10085.56055  
10194.17963  
10036.24223  
10128.4646  
10141.4297  
10015.19752  
10127.76035  
10181.76543  
10103.52312  
9973.447545  
10057.95844  
10082.69913  
10188.66111  
10133.05708  
10005.48513  
10125.70108  
10039.24904  
10150.13496  
10222.28223  
10089.62731  
10165.67265  
10230.43903  
10124.9574  
10092.09914  
9980.534703  
10108.43692  
10037.01229  
9982.804905  
10142.01048  
10009.44343  
10140.82788  
9996.283726  
10022.2038  
10149.5426  
10142.52664  
10129.13118  
10066.56889  
10041.76187  
10128.03729  
10045.55192  
10178.62206  
10091.36137  
10038.76684  
10118.40293  
10015.5754  
10165.55041  
10115.2566  
10075.33581  
10116.91284  
10082.99092  
10149.75797  
10029.65953  
10062.09038  
10080.20944  
10098.57228  
10088.42434  
10095.77304  
10030.00781  
10097.82746  
10096.92685  
10057.45122  
10141.19346  
9982.870667  
10091.20107  
10134.36237  
10025.55371  
10120.69822  
10193.32326  
10050.68751  
10005.7402  
10191.80791  
10053.21647  
10130.78995  
10111.12545  
10123.43714  
10260.5271  
10084.37567  
10114.85914  
10030.80577  
10101.17036  
10156.69155  
10057.0522  
10244.9526  
10096.8741  
9969.037275  
10135.30938  
10087.03651  
10099.35015  
10122.9646  
9997.26743  
10092.20611  
10146.40946  
10129.493  
10103.98884  
10209.16384  
10086.76712  
10098.01494  
10101.46655  
10120.73323  
10142.32892  
10025.83521  
10106.62972  
10083.15316  
10005.86339  
10179.57717  
10160.20719  
10172.23837  
10138.04576  
10124.24025  
10047.80063  
10138.11143  
10002.53669  
10094.82394  
10046.50637  
10248.95956  
10071.52258  
10123.61508  
10022.16434  
10112.61324  
9998.624111  
10189.75007  
10041.77942  
10006.98411  
10137.04265  
10076.47376  
10099.05467  
10020.17523  
10122.65105  
10096.9078  
10176.6153  
10157.67389  
10141.03618  
10112.1144  
10053.59651  
10151.84942  
10125.20153  
10137.14852  
10043.16282  
10116.81021  
9986.334612  
10046.59677  
10148.19707  
10035.76393  
10103.52118  
10092.62331  
10120.38031  
10145.01038  
10248.41687  
9992.602661  
10201.48251  
10040.36531  
10154.23594  
10046.1605  
10070.71021  
