11112.26189  
11135.42848  
11297.5193  
11320.8905  
11449.82936  
11264.07549  
11322.99993  
11390.64563  
11553.58223  
11350.67943  
11291.07427  
11745.31372  
11446.47108  
11492.54292  
11461.69202  
11427.47292  
11320.91317  
11228.98382  
11327.31102  
11250.4213  
11202.83084  
11288.03128  
11290.3343  
11275.35991  
11364.308  
11345.26482  
11405.52953  
11451.29685  
11307.02422  
11293.98517  
11254.62061  
11286.09157  
11631.12194  
11642.97575  
11437.81058  
11359.19337  
11251.71729  
11341.26986  
11291.33298  
11287.49055  
11283.74161  
11279.47394  
11309.16868  
11439.33873  
11293.2905  
11301.7238  
11457.54954  
11301.81498  
11316.14865  
11445.32757  
11395.69178  
11293.0465  
11486.03467  
11423.69463  
11499.94376  
11290.01977  
11299.51961  
11231.73551  
11202.21196  
11593.70763  
11547.95162  
11427.9549  
11759.03016  
11338.47123  
11250.50008  
10982.22303  
11107.1593  
11208.11073  
11562.78832  
11738.55931  
11452.05741  
11302.0977  
11146.38522  
10978.70435  
10980.94825  
10981.83006  
11186.03756  
11342.85001  
11303.07698  
11280.44147  
11414.89596  
11571.86365  
11705.19599  
11598.75986  
11594.37722  
11365.24578  
11042.59886  
10901.40617  
10947.95006  
11199.94083  
11210.00804  
11415.7401  
11215.7999  
11244.83339  
11177.90695  
11267.70153  
11560.58345  
11520.83523  
11621.10881  
11600.33502  
11552.98736  
11528.18398  
11405.84224  
11354.61933  
11186.98377  
11257.29537  
11245.16659  
11590.10586  
11541.66727  
11523.66988  
11491.35698  
11434.49677  
11221.68918  
10985.97415  
11054.77918  
11172.54043  
11264.88987  
11394.56471  
11432.61315  
11327.23499  
11535.26866  
11516.47649  
11729.67916  
11756.18582  
11588.23476  
11348.85865  
11099.07377  
11218.93242  
11369.17206  
11291.44308  
11226.22759  
11281.27291  
11317.76993  
11404.14596  
11566.9385  
11362.35537  
11599.706  
11387.60079  
11339.38208  
11341.83141  
11498.97276  
11605.66656  
11576.64487  
11367.30509  
11265.2098  
11349.76956  
11493.90212  
11660.45878  
11292.00457  
11071.81376  
10994.06157  
11112.3751  
11098.72703  
11255.986  
11254.84442  
11429.18921  
11327.83759  
11446.18499  
11441.37344  
11419.9679  
