11059.24002  
10911.15588  
11074.43451  
11294.15888  
11026.82326  
11015.68783  
11142.54343  
11258.55077  
10994.14691  
11084.66458  
11127.27953  
11225.19609  
11199.8044  
11301.042  
11235.83082  
10962.91196  
10939.00673  
10960.55051  
11160.32916  
11098.87638  
11001.63796  
11014.33649  
11018.14775  
11121.71911  
11072.61411  
10925.89398  
11046.18572  
10977.34237  
10942.70301  
10959.02602  
11078.46352  
11235.34418  
11243.98719  
11200.71254  
11209.02468  
11132.7243  
11045.8338  
11073.67932  
11028.76041  
11052.56211  
11032.38317  
10988.20764  
11207.23034  
11186.26997  
11055.32827  
11195.56837  
11083.52702  
11067.108  
11083.88214  
11178.94432  
10965.42609  
10998.68979  
11286.21544  
11190.30109  
11141.85772  
10966.0212  
11223.0431  
10998.33897  
11184.64836  
11284.20214  
11337.49803  
11134.28882  
11289.67318  
11019.33066  
10871.45901  
10811.39069  
11057.01994  
10928.14936  
11272.75734  
11308.4345  
11181.92559  
11026.69152  
10965.59749  
10947.80922  
10952.60763  
10857.04202  
11114.90534  
11082.18583  
11125.03184  
11189.31939  
11056.67911  
11249.57996  
11216.91323  
11272.15336  
11292.36737  
11035.12361  
10825.01628  
10767.15594  
10996.75646  
10811.24476  
10897.6284  
11033.10113  
10923.65921  
11136.65409  
10877.89504  
11104.031  
11054.15666  
11161.03069  
11054.09103  
11342.70181  
11157.02296  
11096.7591  
10957.18833  
11204.83265  
10865.99222  
11052.13772  
11201.71778  
11267.10558  
11232.6398  
11181.85137  
11209.86787  
11121.80021  
10929.26481  
10913.04023  
10932.14354  
10951.60096  
11100.72712  
11073.70322  
11133.29082  
10993.4998  
11199.55973  
11275.74023  
11347.00868  
11108.86125  
11129.55188  
11176.50111  
10929.04495  
11183.37384  
10882.27102  
10941.12022  
10981.77856  
11098.00496  
11144.09405  
11155.79611  
11193.2404  
11086.3713  
11253.55164  
11045.38  
11078.03899  
11113.42722  
11219.67506  
11362.02274  
11440.44908  
11106.75423  
11166.83527  
11239.31345  
11123.50268  
11211.70389  
10969.78738  
10980.33206  
10895.97073  
10995.37548  
11027.45467  
11055.99229  
11057.23264  
11062.21256  
10981.15289  
11106.48678  
10997.3043  
11072.89762  
