10186.14987  
10212.78372  
10284.18704  
10381.05479  
10314.52342  
10265.91723  
10266.02  
10399.69199  
10302.03082  
10422.05478  
10389.99643  
10461.89682  
10415.86424  
10737.96077  
10548.36803  
10334.53146  
10330.04989  
10436.42271  
10466.40945  
10434.88018  
10401.15406  
10323.17383  
10358.62445  
10552.2015  
10452.22702  
10255.68111  
10288.51676  
10259.06724  
10281.06942  
10206.73536  
10296.8601  
10366.51646  
10352.16104  
10640.34517  
10449.92209  
10319.80111  
10320.63983  
10353.25339  
10276.93055  
10393.53217  
10330.37667  
10216.04001  
10311.97428  
10392.58043  
10314.54822  
10372.11563  
10345.84483  
10412.95148  
10349.48527  
10346.61593  
10335.17822  
10314.89689  
10545.43487  
10324.54732  
10414.17132  
10253.64334  
10292.101  
10358.85022  
10323.4039  
10553.00245  
10578.69032  
10536.32455  
10578.24132  
10363.66855  
10254.08357  
10166.36103  
10173.09036  
10264.12694  
10565.67665  
10480.6788  
10355.30216  
10318.8895  
10179.04203  
10069.48436  
10127.57682  
10263.62719  
10257.74072  
10357.91248  
10206.87209  
10247.29158  
10239.63854  
10467.17218  
10684.21049  
10482.20027  
10576.42716  
10411.6231  
10292.7828  
10174.78354  
10221.47104  
10244.68044  
10303.45365  
10427.61838  
10307.14247  
10260.18305  
10266.74285  
10393.67677  
10424.7945  
10468.16257  
10233.33049  
10346.51197  
10534.74137  
10435.30378  
10382.59307  
10421.19112  
10246.10672  
10406.46028  
10369.01292  
10488.9687  
10320.41351  
10376.29145  
10382.80252  
10417.28922  
10216.52383  
10154.75935  
10102.95743  
10162.75938  
10359.32567  
10288.43605  
10285.05768  
10288.12927  
10507.9873  
10536.6929  
10379.49036  
10574.96541  
10417.95912  
10478.56644  
10376.22006  
10481.45393  
10281.20425  
10291.85164  
10370.49229  
10332.52868  
10393.90896  
10352.67064  
10374.68283  
10373.31596  
10402.46752  
10377.42818  
10461.34172  
10467.91979  
10571.60636  
10403.47244  
10537.17118  
10334.32808  
10447.97935  
10445.0632  
10450.06158  
10574.02488  
10264.56623  
10252.46174  
10264.71103  
10270.87309  
10235.22502  
10362.38588  
10289.72532  
10236.71827  
10307.74849  
10375.59799  
10308.43013  
10386.9907  
