10236.90434  
10396.21678  
10400.55646  
10439.21506  
10468.86344  
10415.1416  
10413.92385  
10509.33523  
10484.79406  
10516.6177  
10515.17572  
10541.8359  
10389.74865  
10515.04732  
10378.58689  
10288.8  
10255.77957  
10393.55316  
10317.67688  
10357.68785  
10465.12807  
10312.18561  
10338.50406  
10488.16408  
10508.35195  
10306.25438  
10244.44268  
10384.09635  
10375.20873  
10301.17158  
10324.40223  
10369.97799  
10250.01285  
10588.20402  
10508.08256  
10423.77227  
10324.93582  
10384.71023  
10334.82627  
10346.68143  
10475.99754  
10300.92803  
10358.38689  
10445.85451  
10463.03049  
10491.08822  
10391.14855  
10562.22234  
10407.50809  
10355.84158  
10408.51166  
10464.14303  
10608.00609  
10432.78232  
10379.34561  
10382.51494  
10291.06914  
10423.88787  
10347.60109  
10614.70152  
10543.2318  
10507.33143  
10623.89359  
10422.1451  
10289.1765  
10262.98783  
10259.36443  
10442.75861  
10613.30291  
10542.17264  
10470.65271  
10345.79104  
10123.6751  
10080.08438  
10143.60963  
10376.12775  
10280.20219  
10384.47234  
10362.23254  
10324.86146  
10335.23877  
10610.09648  
10667.25021  
10529.23891  
10645.09332  
10397.45219  
10219.5998  
10115.52977  
10158.31428  
10175.23691  
10410.06428  
10580.86496  
10487.65543  
10474.26057  
10441.67266  
10525.36271  
10550.28445  
10494.09781  
10427.13916  
10382.42326  
10619.08145  
10442.41072  
10503.14736  
10527.6032  
10446.10814  
10502.04613  
10531.67768  
10547.6298  
10298.12092  
10436.45527  
10391.78178  
10294.44898  
10099.04279  
10048.98187  
9992.037197  
10151.10996  
10382.13354  
10258.83031  
10362.99504  
10422.39896  
10518.01809  
10546.02668  
10274.45127  
10687.24482  
10451.85752  
10527.91154  
10462.84998  
10454.24631  
10277.83439  
10442.90869  
10440.60217  
10369.15385  
10368.38336  
10378.58035  
10433.01746  
10359.05893  
10433.61133  
10472.62771  
10436.15154  
10475.65732  
10573.05525  
10488.86309  
10617.11277  
10414.20016  
10426.42969  
10464.42459  
10556.91775  
10616.37545  
10360.93928  
10245.53753  
10257.79785  
10211.71305  
10330.1075  
10381.20387  
10278.08367  
10161.86293  
10459.79639  
10461.50545  
10467.18248  
10508.14496  
