11896.94133  
12045.26596  
12076.68781  
12193.17289  
12129.24448  
12114.79591  
12116.98072  
12251.7518  
12235.87068  
12269.98683  
12094.25907  
12313.82915  
12561.83004  
12376.71247  
12253.19623  
11961.95529  
11956.0939  
12053.04492  
11996.3063  
11987.95739  
12113.85815  
11917.41594  
11962.74363  
12145.87924  
12256.75926  
12124.14367  
11926.84949  
12022.46222  
12003.04295  
11986.45055  
11933.24062  
12002.93133  
12433.40903  
12307.48572  
12180.78911  
12316.4917  
11983.38673  
11984.50769  
12200.29784  
11976.09088  
12078.87656  
12007.35183  
11985.21337  
12124.7826  
12043.14757  
12139.98917  
12064.3238  
12192.65155  
12136.78363  
12181.31027  
12146.83484  
12192.93852  
12331.49614  
12173.90383  
12072.52302  
12045.50654  
12039.00863  
12124.72365  
12043.15254  
12494.51942  
12439.40554  
12278.87025  
12390.87333  
12141.81893  
11880.36234  
11822.43616  
11909.9917  
11986.28742  
12541.5103  
12507.27026  
12248.429  
12025.29872  
11855.75808  
11746.45368  
11738.24811  
11917.16347  
12011.19218  
12254.40361  
12117.65299  
12105.17458  
11982.24755  
12497.05091  
12039.95916  
12384.43627  
12133.77134  
12035.18467  
11879.25236  
11819.457  
11870.44988  
12035.8479  
12313.49999  
12174.57649  
12124.82507  
12068.41554  
11944.10266  
11972.77015  
12315.48395  
12300.70185  
12083.82149  
12275.73771  
12307.58834  
12109.64106  
11940.9245  
12094.17463  
11996.90377  
12007.96396  
12067.36878  
12349.95721  
12109.90066  
12237.3269  
12260.65227  
11978.88377  
11840.15394  
11722.20728  
11806.68246  
11929.80367  
12014.01008  
12014.36189  
12051.48983  
12089.21115  
12412.48316  
12488.39318  
12619.36639  
12513.12127  
12227.56441  
12091.33076  
12029.14688  
12241.46771  
11971.7134  
11997.7705  
12156.64095  
12031.25784  
12014.59222  
12280.99559  
12299.97083  
12137.90518  
12323.23851  
12175.31379  
12193.57766  
12369.88055  
12449.05063  
12450.37519  
12294.84718  
12004.17974  
12061.27828  
12353.97437  
12340.7166  
12337.68031  
12020.90661  
11883.23126  
11913.88629  
11971.1361  
12076.35053  
11989.17424  
11852.45136  
12079.11496  
11922.76774  
12175.10632  
12150.32858  
12161.29755  
