10906.60549  
10916.26269  
11006.11673  
11101.73459  
10972.19959  
10911.46474  
10978.78064  
11139.68764  
10981.58766  
11111.29886  
11128.43107  
11173.93887  
11141.23205  
11433.73707  
11266.59958  
10983.24597  
11005.70163  
11112.54978  
11129.00759  
11134.78812  
11128.70761  
11012.00195  
10989.45294  
11242.76594  
11208.15466  
10878.23281  
10997.21388  
10945.01896  
10966.60952  
10911.16862  
10998.37997  
11099.97356  
11062.9983  
11305.03081  
11164.52009  
11045.74802  
11018.72674  
11042.13268  
10943.50129  
11166.23508  
11041.94845  
10900.7678  
11052.60923  
11136.86001  
10938.08199  
11053.07897  
11073.57719  
11142.45256  
11075.53067  
11090.80998  
11020.79357  
11012.93431  
11274.48261  
10977.94327  
11154.14838  
10882.44213  
11013.46822  
11044.06478  
11020.7696  
11232.32199  
11238.58161  
11247.6319  
11343.82736  
11080.10154  
10925.35448  
10831.81404  
10902.94266  
10887.54799  
11245.05172  
11158.97278  
11054.76157  
11081.73945  
10948.02657  
10765.04311  
10834.7586  
10941.82809  
10992.18544  
11052.02276  
10938.52817  
10989.16328  
11006.82961  
11268.60269  
11418.43026  
11250.27948  
11270.40384  
11077.53373  
10882.83322  
10709.10934  
10798.02186  
10829.86621  
10869.01276  
11041.06595  
10969.26133  
10865.31105  
10866.35212  
11078.26717  
11062.85051  
11290.81512  
10918.31099  
11101.35552  
11338.77273  
11080.02852  
11141.75907  
11180.09769  
10856.03231  
11088.10208  
11032.74208  
11088.2336  
11019.59434  
11204.88587  
11172.85056  
11183.11718  
10912.62939  
10830.93051  
10755.65522  
10792.89348  
11011.4233  
10942.25585  
10944.56999  
10946.87472  
11149.24936  
11352.91611  
11288.6491  
11374.30484  
11135.1944  
11199.30868  
10977.40099  
11192.91311  
10932.45346  
10971.61913  
11062.49271  
10998.24933  
11045.73626  
10958.41824  
11100.28302  
11100.83252  
11241.26804  
11094.02522  
11187.52824  
11163.57399  
11420.01376  
11152.63138  
11269.09189  
10971.07639  
11180.2922  
11206.42397  
11251.85071  
11253.7255  
11002.54052  
10970.22389  
10917.58906  
10939.6336  
10902.5557  
11077.20136  
10971.95596  
10919.07742  
10904.71071  
11057.48562  
10967.85127  
11025.75915  
