11232.61158  
11293.06187  
11266.76299  
11321.38717  
11316.68914  
11289.48348  
11303.64064  
11293.64763  
11287.20392  
11248.63939  
11322.06014  
11379.33893  
11312.9853  
11352.11362  
11288.47079  
11299.75174  
11312.52412  
11267.95757  
11250.19317  
11236.18138  
11263.45285  
11303.81196  
11305.71425  
11258.70746  
11358.0526  
11260.78945  
11232.41331  
11334.15698  
11250.63075  
11307.12215  
11235.52421  
11291.10187  
11477.53899  
11341.199  
11370.86889  
11393.82022  
11322.95598  
11229.50179  
11254.6874  
11254.20917  
11320.00504  
11313.33459  
11268.70792  
11303.03798  
11402.42779  
11322.64977  
11323.85217  
11336.72715  
11367.21547  
11251.60542  
11220.56992  
11307.87801  
11353.66989  
11315.76055  
11279.51942  
11255.64982  
11262.55702  
11276.35763  
11267.17035  
11378.58123  
11564.18584  
11350.18424  
11455.9736  
11380.30636  
11212.77435  
11163.87455  
11196.25657  
11190.41883  
11385.61389  
11459.19814  
11473.67597  
11352.39053  
11239.24945  
11160.55788  
11172.43914  
11223.65377  
11222.57465  
11284.96378  
11324.98676  
11312.61548  
11270.88426  
11323.45767  
11154.35312  
11331.91786  
11501.44244  
11186.30023  
11151.79812  
11145.96453  
11134.24886  
11252.35082  
11387.57724  
11206.64594  
11226.79004  
11270.43977  
11191.01837  
11179.74743  
11347.15692  
11309.43052  
11403.46439  
11514.05307  
11215.41647  
11437.95158  
11139.90583  
11313.83113  
11127.33979  
11184.60986  
11247.01477  
11520.36792  
11410.37274  
11380.11173  
11410.35079  
11352.72144  
11182.58873  
11120.54999  
11133.06357  
11156.47063  
11260.03893  
11237.07692  
11290.54332  
11285.17886  
11376.04885  
11480.99519  
11528.49355  
11375.1864  
11250.11355  
11206.34742  
11214.42779  
11302.2482  
11192.17744  
11261.40508  
11284.56223  
11298.02709  
11268.07145  
11336.21832  
11424.81399  
11375.85634  
11406.59062  
11317.88853  
11261.51385  
11284.55373  
11343.88566  
11470.44248  
11427.41072  
11346.37951  
11277.16181  
11300.73709  
11337.23027  
11522.36666  
11282.4582  
11193.18602  
11220.15935  
11321.23546  
11229.77756  
11246.15596  
11189.70997  
11330.4779  
11227.97066  
11241.66148  
11247.3698  
11243.90498  
