10709.8063  
10681.88848  
10739.9778  
10716.77252  
10704.71121  
10870.93022  
10758.02842  
10740.7855  
10888.17894  
10676.71188  
10790.27809  
10864.32888  
10852.51445  
10822.08139  
10628.833  
10786.88139  
10546.39877  
10561.9586  
10700.88186  
10608.62504  
10641.66191  
10721.67527  
10732.84017  
10688.74059  
10713.12482  
10634.1949  
10721.25552  
10659.95798  
10791.03352  
10712.89027  
10741.59791  
10738.3943  
10745.05961  
10675.90918  
10768.78194  
10718.09381  
10701.17358  
10666.85668  
10696.54222  
10770.4969  
10717.32441  
10692.87767  
10943.15334  
10733.11622  
10884.18098  
10667.18373  
10856.54914  
10804.63271  
10732.36414  
10737.209  
10649.18102  
10746.81927  
10726.46963  
10688.25093  
10805.26818  
10813.58419  
10699.68533  
10689.46595  
10822.18244  
10555.61936  
10707.45432  
10571.45354  
10747.5301  
10646.63856  
10678.6341  
10713.45897  
10762.22554  
10715.20288  
10747.18436  
10639.52025  
10732.02476  
10605.81718  
10696.31783  
10743.13817  
10688.76445  
10733.58605  
10722.70403  
10768.77341  
10692.7421  
10635.37861  
10805.98768  
10700.8329  
10813.28433  
10611.08736  
10880.45016  
10711.98143  
10738.13097  
10775.52089  
10672.44002  
10834.35096  
10638.68248  
10701.0057  
10721.05736  
10778.27919  
10655.62281  
10766.94354  
10696.65562  
10835.7731  
10660.21833  
10738.36945  
10705.51016  
10780.36844  
10677.21117  
10779.091  
10667.11429  
10771.13726  
10738.20121  
10742.65653  
10876.08992  
10715.46253  
10904.68639  
10757.10061  
10835.79872  
10714.01909  
10697.17828  
10772.67356  
10776.87928  
10671.95344  
10765.98548  
10677.40641  
10687.9435  
10671.80965  
10720.77463  
10773.69416  
10845.60725  
10750.82881  
10689.73819  
10814.22016  
10704.15885  
10761.64829  
10658.89027  
10830.29257  
10679.34549  
10734.95476  
10746.08064  
10674.87899  
10792.63226  
10702.90236  
10628.44698  
10849.20329  
10704.28417  
10673.668  
10864.21383  
10678.93139  
10658.87232  
10804.57422  
10691.83866  
10801.35244  
10728.08859  
10760.41599  
10731.4557  
10858.74733  
10831.8161  
10698.28188  
10637.3798  
10789.20717  
10729.23271  
10654.6299  
10614.18022  
10733.01004  
