10173.56094  
10215.02052  
10273.71962  
10169.34724  
10247.7374  
10252.45312  
10196.45884  
10206.48938  
10258.04921  
10201.34188  
10277.35677  
10126.70591  
10157.21597  
10264.65597  
10119.55034  
10101.82904  
10066.12562  
10007.39138  
10065.43936  
10042.18638  
10080.54204  
10074.93168  
10117.12464  
10124.57907  
10172.73678  
10111.30003  
10174.20712  
10161.90917  
10163.5234  
10085.12926  
10280.9535  
10197.39243  
10233.90022  
10169.48257  
10148.10408  
10158.41054  
10227.19155  
10221.91734  
10116.07472  
10181.65432  
10149.42112  
10129.89467  
10273.06155  
10092.91312  
10229.52237  
10084.57145  
10224.58856  
10125.70791  
10289.72778  
10121.79154  
10216.01566  
10128.24639  
10224.88033  
10075.5783  
10254.41242  
10077.14816  
10234.29536  
10079.09776  
10153.57452  
10059.77306  
10158.02968  
10081.95248  
10142.21782  
10121.13184  
10234.58819  
10220.91516  
10211.43151  
10151.50887  
10233.73294  
10152.9258  
10135.3423  
10138.70588  
10099.59055  
10189.48985  
10087.89296  
10172.22903  
10088.66417  
10210.94313  
10188.91038  
10176.01743  
10225.72105  
10131.76767  
10223.57318  
10080.13183  
10172.40525  
10085.79389  
10286.68822  
10121.7071  
10178.46801  
10173.26379  
10148.16518  
10128.06797  
10219.28607  
10109.89895  
10184.67504  
10078.95151  
10186.71436  
10123.14197  
10184.52019  
10090.32524  
10192.85433  
10149.53725  
10109.18337  
10142.54978  
10096.65751  
10168.88617  
10107.41868  
10249.0536  
10156.43706  
10085.90794  
10215.42786  
10107.1284  
10213.82205  
10136.11892  
10153.93616  
10211.14813  
10082.65997  
10165.60651  
10127.32598  
10098.50286  
10141.03117  
10079.8939  
10099.58128  
10031.81383  
10306.42303  
10258.8757  
10368.5404  
10246.5858  
10172.09813  
10296.2246  
10165.11837  
10248.39624  
10162.98251  
10259.38222  
10194.70934  
10167.61378  
10242.78337  
10171.34086  
10201.26966  
10201.96268  
10152.7597  
10182.59561  
10183.6522  
10165.91636  
10191.6314  
10207.05593  
10191.37281  
10170.49145  
10134.36957  
10280.08597  
10152.87448  
10271.49346  
10138.44941  
10156.11668  
10151.67955  
10155.19659  
10175.97696  
10043.68098  
10189.62222  
10048.25699  
