10799.08647  
10785.38887  
10881.51543  
10773.18755  
10821.11288  
10898.49209  
10774.3499  
10802.7659  
10896.40773  
10794.64722  
10946.48065  
10786.68422  
10777.83254  
10859.01719  
10689.93448  
10756.5541  
10606.36062  
10661.16171  
10717.73008  
10629.77678  
10702.65273  
10693.5924  
10717.11055  
10749.18718  
10745.96942  
10670.65772  
10785.45628  
10673.80801  
10813.20898  
10671.76302  
10868.37589  
10789.43122  
10807.47095  
10725.96069  
10752.40756  
10735.64538  
10821.16948  
10765.37057  
10763.78521  
10795.42517  
10725.04352  
10722.99788  
10912.17716  
10678.01796  
10896.76985  
10710.66728  
10876.77628  
10759.11327  
10864.10477  
10776.42016  
10775.81194  
10805.429  
10828.97674  
10772.62079  
10888.18005  
10713.74482  
10811.57355  
10709.7419  
10819.13421  
10636.90289  
10796.77924  
10672.36476  
10756.99071  
10676.4838  
10780.98901  
10788.24761  
10797.81484  
10722.63579  
10862.46089  
10694.9621  
10773.85088  
10744.56225  
10734.55068  
10807.7161  
10712.79523  
10799.09941  
10713.92245  
10833.01368  
10770.74286  
10753.00359  
10875.33381  
10710.03448  
10855.06079  
10664.00887  
10838.55177  
10722.97864  
10900.30719  
10763.15444  
10775.89133  
10817.90599  
10732.02637  
10750.60665  
10797.05445  
10750.7536  
10794.19985  
10723.64853  
10762.41892  
10765.63849  
10779.13587  
10723.90168  
10749.21611  
10776.62565  
10710.72913  
10780.26599  
10688.63369  
10821.8311  
10714.64011  
10810.32474  
10807.63837  
10691.2936  
10867.25212  
10722.21263  
10862.62515  
10723.54013  
10717.53912  
10810.27965  
10707.46294  
10764.34249  
10751.5438  
10708.73932  
10752.65418  
10669.74531  
10708.25519  
10642.15093  
10894.4658  
10855.08563  
10870.57588  
10873.66831  
10740.83921  
10905.28108  
10764.51976  
10892.06687  
10744.96146  
10879.41941  
10817.67863  
10743.74591  
10900.43739  
10765.70222  
10776.7165  
10857.12891  
10755.55197  
10758.15966  
10843.63283  
10748.32045  
10782.63534  
10840.77192  
10744.07957  
10802.53905  
10733.48454  
10867.06242  
10758.56948  
10895.56096  
10778.47175  
10742.09251  
10718.06861  
10786.90724  
10782.26044  
10629.61231  
10798.2232  
10708.42634  
