11439.24977  
11492.23189  
11518.95195  
11371.33759  
11464.98856  
11498.41676  
11382.89584  
11410.71722  
11528.51356  
11384.6091  
11540.62687  
11407.61219  
11536.90406  
11598.33885  
11368.11624  
11437.32971  
11269.22411  
11299.66253  
11329.79812  
11255.87745  
11304.68128  
11318.90425  
11354.11738  
11398.19205  
11405.65342  
11327.65184  
11489.88834  
11368.33592  
11487.89059  
11305.78153  
11568.82071  
11462.17482  
11510.67968  
11384.45154  
11407.01685  
11381.27586  
11514.40445  
11450.33459  
11378.38134  
11508.252  
11406.84014  
11378.44824  
11509.17369  
11312.44998  
11549.33045  
11278.04191  
11543.2722  
11362.55961  
11562.02701  
11383.48287  
11480.57379  
11384.85702  
11529.79035  
11343.39306  
11553.7814  
11278.53963  
11457.57794  
11289.4769  
11459.5611  
11281.17583  
11465.92375  
11300.74122  
11425.33874  
11331.28565  
11502.01995  
11473.98384  
11435.04007  
11353.57968  
11494.70958  
11360.5701  
11421.96242  
11422.66498  
11343.78181  
11508.49397  
11308.49172  
11463.76489  
11309.26232  
11506.91279  
11411.78728  
11431.80002  
11550.39717  
11366.23992  
11533.30726  
11282.84829  
11487.26083  
11308.45453  
11567.53903  
11373.5825  
11397.30251  
11476.15308  
11357.12026  
11394.64526  
11429.50965  
11373.15602  
11402.71359  
11357.67378  
11385.78121  
11435.57936  
11447.28049  
11399.91675  
11454.02989  
11442.48875  
11387.23633  
11433.88469  
11354.77568  
11451.87818  
11340.97066  
11493.14084  
11445.31995  
11381.53801  
11553.63354  
11355.70994  
11578.12961  
11387.46797  
11482.3389  
11523.87791  
11378.78105  
11494.43058  
11449.88604  
11450.90117  
11503.87607  
11382.16894  
11404.18878  
11316.29953  
11524.48157  
11350.0671  
11510.15962  
11447.63003  
11365.51268  
11466.75263  
11338.12435  
11500.84814  
11337.12496  
11484.30114  
11431.44928  
11395.7502  
11514.08638  
11335.36271  
11414.5505  
11437.99863  
11322.72645  
11439.27922  
11473.69102  
11356.32551  
11433.91926  
11538.27808  
11380.72185  
11430.77196  
11381.68766  
11586.76622  
11403.44517  
11579.51116  
11401.25254  
11452.38985  
11382.34556  
11435.35358  
11445.56877  
11305.70533  
11478.69311  
11323.45422  
