11241.0138  
11051.27803  
11105.83817  
11017.1463  
11030.54799  
11008.50098  
11018.15763  
11045.07428  
11000.20996  
10964.64113  
10937.67128  
11238.42501  
11320.05367  
11198.52568  
11041.92441  
11047.15109  
11083.62601  
10947.64694  
10988.83088  
10914.00744  
11123.21343  
11138.33066  
11006.42647  
11175.69343  
11040.01729  
11138.03764  
11061.10775  
11017.14259  
11040.65516  
11076.28513  
11149.97429  
11049.06278  
11103.78383  
11003.20795  
11092.78206  
11008.53381  
11195.98983  
11080.46986  
10995.37038  
11213.01471  
11109.60794  
11070.91742  
11092.45154  
11013.65493  
11054.93783  
11007.01868  
11054.31997  
11124.38889  
11137.50871  
11012.29599  
11044.28263  
11001.9179  
11066.2334  
10995.40898  
11038.8986  
11155.12905  
11154.27493  
10976.48999  
10951.05088  
11044.76076  
10986.37706  
11088.78147  
11013.87458  
11153.42823  
11049.85972  
11104.91587  
11020.54635  
11142.52321  
11089.3681  
11011.18632  
11068.68332  
11100.8184  
11037.76859  
11164.40701  
11074.64646  
11122.00461  
10995.89823  
11142.64988  
11035.12325  
11097.32147  
11070.54828  
11033.67412  
11024.88905  
11052.60524  
11061.33159  
11014.9066  
11107.8631  
11048.81211  
11106.10187  
11070.92025  
11071.7336  
11059.45992  
11161.88594  
11090.37551  
11084.9202  
11083.53587  
11128.07693  
11115.28062  
11112.55084  
11061.87598  
11002.29874  
11168.18771  
11019.39061  
11064.61368  
11030.25618  
11124.50832  
11134.14103  
11107.85143  
11111.7088  
11067.61384  
11118.61569  
11035.51942  
11198.49894  
11148.35496  
11059.17567  
11142.39954  
11187.45331  
11083.49376  
11097.36031  
11062.27371  
11146.24235  
11049.16759  
11190.07609  
11189.621  
11250.39643  
11172.19321  
11026.39642  
10974.67525  
10940.53194  
10987.81182  
10912.53313  
11015.08434  
10957.00186  
11064.40405  
11045.28992  
10949.32725  
11112.77996  
11021.76225  
11128.96174  
11080.62956  
11015.64118  
11069.56083  
11118.15734  
11033.56536  
11155.54572  
11127.30391  
11077.51913  
11068.85944  
11059.97133  
11137.75243  
11026.86786  
11119.13997  
11129.94858  
11026.26453  
11019.11384  
11156.964  
11027.13448  
10993.76725  
11032.24892  
11142.8758  
