10752.54163  
10825.40205  
10776.46878  
10812.21856  
10874.04378  
10803.77242  
10843.68577  
10926.41623  
10800.18744  
10852.44437  
10802.61214  
10803.75338  
10790.30542  
10791.37152  
10799.03421  
10733.92676  
10727.03812  
10739.18838  
10690.86074  
10769.68684  
10793.88528  
10790.87858  
10855.96295  
10780.22674  
10803.45738  
10801.38744  
10803.73891  
10793.17574  
10767.96642  
10803.7321  
10783.9951  
10818.99584  
10761.36501  
10797.86141  
10756.41053  
10838.72945  
10801.51671  
10819.80347  
10826.88085  
10786.16904  
10793.99242  
10813.18348  
10835.43091  
10885.22964  
10787.79656  
10846.1849  
10771.63194  
10760.04977  
10817.26492  
10825.11121  
10822.31305  
10785.14658  
10769.49892  
10786.2882  
10767.29016  
10742.91161  
10772.84482  
10869.67793  
10771.60161  
10789.38873  
10762.21844  
10760.16473  
10780.51828  
10778.69917  
10784.01207  
10732.09318  
10787.26278  
10854.23602  
10859.22659  
10853.06763  
10806.75171  
10720.86818  
10780.63609  
10754.31191  
10808.06449  
10781.58527  
10858.92747  
10819.86007  
10818.66092  
10791.6077  
10817.29435  
10854.73645  
10806.30288  
10830.04139  
10769.60021  
10837.53731  
10798.47  
10816.12637  
10863.60253  
10800.17844  
10769.23877  
10796.88418  
10765.70459  
10783.68307  
10803.90903  
10818.54712  
10818.73572  
10798.61297  
10797.53019  
10759.27805  
10809.19692  
10764.57082  
10847.20334  
10758.74347  
10840.15405  
10771.42409  
10786.91122  
10818.34927  
10766.8798  
10895.59972  
10808.86364  
10882.45034  
10797.34321  
10844.73294  
10819.56176  
10809.88269  
10802.74193  
10844.51714  
10772.79442  
10816.59504  
10738.04813  
10795.68585  
10748.62027  
10810.05925  
10846.68125  
10869.12977  
10733.58359  
10721.03305  
10844.04712  
10735.98079  
10794.75799  
10749.72997  
10823.59531  
10788.69328  
10802.7254  
10864.53575  
10767.78722  
10825.13765  
10803.56371  
10741.28378  
10809.4077  
10827.54265  
10772.96097  
10812.53874  
10827.75421  
10821.73398  
10811.3769  
10766.19531  
10834.11473  
10813.63105  
10837.71361  
10803.19248  
10742.1151  
10820.85921  
10805.73993  
10791.118  
10833.83255  
10838.43952  
10767.89067  
10761.82379  
