10947.38554  
10942.06033  
11011.11233  
10953.29287  
10962.67123  
11018.27601  
10968.74294  
10939.37221  
10994.02865  
10923.81163  
10988.19762  
10995.59329  
10999.08193  
11008.42904  
10998.92274  
10975.95521  
11004.05664  
10985.47741  
11004.97999  
11001.11498  
10968.64859  
10954.36619  
10937.05787  
10936.7446  
10983.27461  
10935.56668  
10958.97141  
10923.38238  
10935.84232  
10907.38115  
10995.39635  
10969.57366  
10956.26899  
10961.92479  
10944.44451  
10987.76244  
10957.65296  
10999.24211  
10958.28036  
10966.01824  
10952.75152  
10930.27362  
10924.65677  
10925.76101  
10965.52043  
10929.90382  
10961.01447  
10944.68321  
10960.28461  
10958.82648  
10970.32939  
10992.42795  
10985.40508  
11012.58852  
10990.31797  
10962.74242  
10991.37686  
10971.10968  
10957.80538  
10985.96132  
10968.38457  
10968.93574  
11018.34623  
10970.04378  
10973.36581  
11019.58695  
10979.11076  
10995.55987  
10966.13782  
10937.28329  
10969.26111  
10942.58329  
11013.37358  
11006.45015  
10979.98181  
10986.29127  
10954.88781  
11004.47866  
10965.01626  
10937.14426  
10949.07963  
10936.67352  
10924.5546  
10960.69592  
10947.97737  
10957.98901  
10949.2499  
10958.04412  
10969.95253  
10972.99412  
10976.99704  
10962.54337  
11003.68411  
10975.03581  
10928.95908  
10970.93586  
10949.55441  
10962.85118  
11009.37502  
11000.18518  
10945.40373  
10940.28276  
10992.64213  
10937.48774  
10965.49308  
10999.66569  
10952.60802  
11002.93405  
10988.90704  
10990.87978  
10959.30067  
10985.05085  
10983.49248  
10976.14444  
11005.98289  
10976.89609  
10983.6684  
10957.72944  
10947.80046  
10977.96395  
10946.99493  
10967.93925  
11007.65169  
10984.10404  
11018.47062  
10957.24649  
10924.91343  
10986.41104  
10928.57844  
10996.89108  
10994.18592  
11005.10638  
10984.98059  
10940.14527  
10968.89387  
10955.3093  
10934.38735  
10989.96276  
10961.66615  
10969.79868  
10988.14855  
10986.39413  
11025.80523  
10970.38058  
11006.80336  
10981.91134  
10986.94963  
10984.75645  
10934.7404  
10985.78626  
10970.96336  
10988.10232  
11007.74071  
11005.04699  
10934.48264  
10961.99008  
10952.88557  
10923.22123  
10941.32996  
10974.87582  
