10350.27805  
10294.62752  
10372.45792  
10310.53525  
10295.27766  
10313.46816  
10310.67836  
10307.00249  
10365.45742  
10301.28635  
10356.32067  
10374.38315  
10399.763  
10362.3812  
10323.12724  
10300.82876  
10315.65352  
10329.37012  
10319.84309  
10272.69663  
10311.46729  
10316.6726  
10304.72626  
10266.84517  
10378.25389  
10360.02166  
10320.8085  
10280.05685  
10331.1032  
10265.67928  
10333.02802  
10280.74664  
10300.72784  
10325.51156  
10297.472  
10310.26282  
10301.75568  
10390.63556  
10338.46634  
10335.77882  
10376.03722  
10326.04418  
10304.64435  
10283.20767  
10278.4185  
10266.52566  
10292.11035  
10271.05803  
10284.83897  
10320.05591  
10285.91811  
10309.85417  
10369.12187  
10364.70613  
10300.76161  
10308.02729  
10324.01199  
10332.99336  
10327.45595  
10368.05195  
10345.60419  
10307.33707  
10298.38613  
10327.60991  
10338.10227  
10371.90817  
10431.33095  
10381.39755  
10306.92129  
10302.62907  
10331.4459  
10301.05893  
10348.46264  
10295.51495  
10377.77358  
10302.18439  
10298.39006  
10369.60616  
10371.9802  
10353.4144  
10321.57557  
10275.69091  
10244.99235  
10308.40758  
10293.53702  
10286.60993  
10271.39572  
10275.51119  
10240.17782  
10271.7937  
10275.72892  
10307.36282  
10415.88088  
10378.76564  
10298.92731  
10337.14004  
10369.84627  
10344.63015  
10340.07276  
10311.61357  
10331.34576  
10295.02672  
10360.65502  
10326.33288  
10328.49844  
10350.31179  
10281.75431  
10339.36838  
10386.48565  
10371.30188  
10305.03448  
10291.85772  
10303.93173  
10294.44015  
10344.05481  
10357.62958  
10369.77536  
10315.83363  
10340.71882  
10317.70964  
10289.65556  
10309.85018  
10307.19405  
10342.85721  
10354.3176  
10347.48294  
10274.07413  
10318.76282  
10301.42795  
10326.62557  
10320.91333  
10345.4571  
10328.69373  
10308.53754  
10360.75524  
10333.23535  
10348.10858  
10370.7275  
10305.25373  
10316.98869  
10323.59718  
10317.99309  
10360.77955  
10332.15804  
10327.59569  
10332.73153  
10365.39194  
10333.01317  
10278.05692  
10347.49123  
10279.82211  
10322.65689  
10310.39183  
10407.03585  
10341.18189  
10368.72172  
10318.41099  
10256.90005  
10292.23777  
10300.31266  
