10930.38514  
10971.50444  
11025.73768  
10974.46694  
11020.84449  
11053.58299  
10894.69212  
10870.50731  
10934.28561  
10924.72873  
10954.37376  
10979.69986  
11059.93529  
11083.88323  
11054.92833  
11005.96991  
11065.9933  
11010.60427  
11072.81501  
11009.92349  
10947.39858  
10956.04213  
10876.87406  
10881.7331  
10923.38865  
10931.52182  
10914.41699  
10891.87305  
10937.9839  
10936.54883  
11066.46644  
11017.70739  
11002.38046  
10930.58416  
10942.20554  
10897.63413  
10895.8808  
10977.07286  
10930.33743  
10949.98509  
10967.13287  
10978.77974  
10958.97333  
10977.46646  
11013.19573  
10982.37416  
11011.96684  
10953.97419  
10990.84024  
11029.3705  
10998.27611  
11088.74163  
11097.69511  
11020.58984  
10983.48972  
10932.3914  
10918.49283  
10908.609  
10967.35268  
10982.82406  
11028.3679  
10985.21249  
11076.27272  
10958.0558  
10929.53524  
10952.47937  
10957.64836  
10960.24713  
10907.75684  
10985.35742  
10987.17652  
10995.47816  
11069.27435  
11045.06013  
11015.03514  
10979.75032  
10886.16111  
10953.48204  
10909.71879  
10985.10812  
10982.85559  
10938.98238  
10968.21865  
11036.05118  
10996.88134  
10991.69157  
10983.24615  
10985.23023  
10960.83795  
10879.38754  
10942.51164  
10881.98085  
10957.131  
10898.6188  
10968.02105  
10958.34736  
10940.73465  
11011.22575  
10964.78434  
10955.3356  
10878.34738  
10891.34993  
10959.7387  
10941.8526  
11007.66928  
11081.03031  
11004.01196  
11086.30311  
11017.97672  
11067.67728  
10965.11362  
11050.27302  
11013.61103  
10978.98685  
10980.71745  
10973.48398  
10987.86416  
10997.98625  
11022.284  
10998.251  
10968.22824  
10988.32954  
11098.58552  
10934.25614  
10952.72134  
10976.6883  
10993.2376  
11038.30949  
11002.00702  
11059.45031  
11022.47048  
11008.75767  
10934.31806  
10878.08014  
10975.13839  
10878.99211  
10953.54038  
10972.79381  
10939.03741  
10962.39629  
11006.9653  
11025.70775  
11081.15587  
11036.00853  
11031.19565  
10896.9154  
10914.22929  
10914.91364  
10931.57284  
11013.84459  
11001.47389  
11009.47714  
10926.26746  
10925.84273  
10974.33261  
10975.70031  
10945.72696  
10946.20171  
11007.40858  
11057.58819  
