11247.2374  
11274.30142  
11323.81495  
11313.75034  
11302.05195  
11361.64475  
11284.93137  
11237.3142  
11264.2665  
11233.25045  
11295.33075  
11308.14196  
11344.51775  
11352.26339  
11346.19189  
11297.10587  
11341.15998  
11310.74366  
11348.27365  
11330.37571  
11273.44499  
11263.92342  
11231.47287  
11236.86383  
11258.22131  
11226.45457  
11238.43278  
11202.29701  
11242.40724  
11220.75247  
11343.08928  
11321.9988  
11293.07382  
11285.16582  
11262.25102  
11282.80924  
11265.70317  
11274.72088  
11251.7516  
11263.51216  
11258.42521  
11267.47085  
11253.51431  
11271.77746  
11308.94808  
11276.87371  
11297.83123  
11283.75346  
11307.38136  
11307.49691  
11317.22592  
11340.76383  
11313.70118  
11331.83745  
11317.96126  
11270.17244  
11303.05109  
11269.08452  
11283.38867  
11289.22954  
11310.26597  
11309.64727  
11373.19781  
11282.79628  
11281.82129  
11304.52788  
11263.29053  
11270.41831  
11279.87556  
11268.45363  
11283.12544  
11285.0169  
11349.93305  
11371.22199  
11294.30996  
11303.20514  
11260.27203  
11313.95849  
11228.76989  
11255.57701  
11274.19725  
11252.19647  
11264.51191  
11289.05816  
11286.50193  
11304.17819  
11278.58328  
11279.74058  
11301.44004  
11294.23958  
11285.33547  
11258.32666  
11285.18131  
11275.70997  
11243.78783  
11261.96908  
11262.72117  
11293.81652  
11316.58281  
11301.81687  
11230.97077  
11238.59633  
11285.052  
11267.87863  
11277.30918  
11347.78083  
11302.19751  
11338.18808  
11302.09035  
11315.24993  
11303.36202  
11329.26149  
11317.86569  
11292.51153  
11308.64911  
11261.79601  
11275.92203  
11263.67683  
11284.21617  
11305.56986  
11295.94888  
11298.65923  
11358.72735  
11302.14105  
11307.29612  
11280.89251  
11268.81847  
11318.39093  
11265.64024  
11333.81245  
11338.90433  
11341.88457  
11294.03979  
11232.30817  
11267.40059  
11233.94705  
11232.69074  
11288.0498  
11275.75472  
11300.53455  
11323.6238  
11329.28846  
11366.42421  
11296.31433  
11349.82788  
11294.37186  
11270.44679  
11264.51528  
11269.53404  
11313.25679  
11332.11463  
11309.34092  
11318.1092  
11287.40341  
11245.78492  
11250.06008  
11264.898  
11266.53595  
11261.60823  
11319.68509  
