10737.33321  
10781.18623  
10779.54314  
10777.01431  
10879.61944  
10876.46088  
10750.78835  
10730.95372  
10701.1944  
10714.55992  
10790.60678  
10738.0139  
10891.00251  
10932.3079  
10917.84692  
10833.35224  
10857.29208  
10831.67093  
10830.96306  
10812.05072  
10784.30734  
10785.71692  
10726.20034  
10695.22766  
10703.4418  
10705.47236  
10714.55303  
10706.35508  
10741.55766  
10724.7194  
10813.65411  
10858.65782  
10876.39393  
10835.6692  
10750.47528  
10744.71383  
10691.06985  
10716.88118  
10704.97223  
10854.69528  
10852.62249  
10872.34772  
10805.35969  
10793.1364  
10783.55732  
10757.777  
10771.69729  
10782.10173  
10821.45365  
10895.74122  
10873.92947  
10903.13947  
10879.93757  
10862.7653  
10766.70393  
10719.34724  
10734.05509  
10776.39233  
10819.0238  
10819.83727  
10818.28873  
10888.73217  
10885.13775  
10781.29898  
10768.49224  
10749.56585  
10747.08848  
10750.82427  
10710.25719  
10816.65982  
10730.97048  
10711.99346  
10756.10086  
10937.07311  
10855.59329  
10810.50533  
10686.96992  
10737.6759  
10759.15594  
10826.24253  
10862.82834  
10782.27636  
10755.5126  
10749.60173  
10754.63503  
10840.2509  
10843.56209  
10753.69457  
10809.13088  
10725.3897  
10711.22745  
10654.6801  
10762.24962  
10728.90897  
10757.63365  
10759.6079  
10784.13889  
10946.50991  
10825.77297  
10790.1221  
10681.14768  
10753.5467  
10798.36531  
10853.42978  
10843.03011  
10750.38976  
10871.55448  
10922.98004  
10890.95796  
10819.89018  
10757.61559  
10807.07079  
10872.13618  
10827.4619  
10779.83279  
10720.05955  
10778.2254  
10773.16003  
10819.37354  
10782.18542  
10849.71437  
10874.86171  
10836.27332  
10720.41956  
10740.81526  
10774.42433  
10780.30606  
10778.81832  
10749.47704  
10820.69172  
10877.99534  
10795.30249  
10762.12124  
10708.22718  
10733.89951  
10728.01667  
10792.26191  
10805.72825  
10794.72961  
10789.74849  
10702.23433  
10786.82422  
10911.78291  
10869.16342  
10778.18069  
10713.67646  
10727.50845  
10740.73643  
10840.81908  
10807.63831  
10829.9426  
10842.31894  
10777.13987  
10768.1642  
10805.59441  
10817.67221  
10744.8431  
10728.71059  
10760.22493  
10913.12762  
