11154.29818  
11119.95696  
11104.95466  
11090.11313  
11157.72062  
11120.05307  
11053.40203  
11119.71631  
11065.33853  
11104.16078  
11093.77676  
11090.26833  
11181.72937  
11232.64816  
11173.96495  
11121.29967  
11115.65231  
11085.06711  
11114.59719  
11142.6679  
11158.13073  
11214.95364  
11179.20403  
11108.4653  
11091.20526  
11153.96066  
11179.08957  
11129.74183  
11148.95495  
11141.79008  
11173.65046  
11147.4498  
11159.17057  
11188.70013  
11247.89397  
11170.05684  
11164.42506  
11141.1982  
11141.28674  
11214.20935  
11171.33162  
11208.76683  
11170.24612  
11213.89444  
11134.43328  
11145.02079  
11154.62372  
11084.76641  
11107.86963  
11084.10756  
11135.11841  
11136.69315  
11182.24781  
11217.12126  
11143.15241  
11096.35731  
11079.25908  
11120.93331  
11209.55922  
11150.48056  
11098.98171  
11195.3868  
11185.64504  
11110.0168  
11152.69291  
11141.33081  
11196.93551  
11202.41178  
11122.48307  
11181.24328  
11075.5854  
11090.11212  
11147.80977  
11098.89262  
11140.02853  
11154.09902  
11082.87216  
11069.11638  
11134.04725  
11214.13286  
11185.18874  
11108.25519  
11090.00455  
11128.6618  
11090.96864  
11108.27982  
11092.86225  
11097.11353  
11075.62531  
11060.44716  
11084.71231  
11091.01309  
11177.65289  
11166.79324  
11177.45433  
11140.94525  
11142.03721  
11181.46535  
11188.21961  
11108.70309  
11070.68016  
11174.06189  
11137.87965  
11049.15399  
11114.61106  
11101.84027  
11148.25316  
11196.81806  
11244.45443  
11189.80495  
11129.03093  
11105.74406  
11111.87747  
11140.4269  
11104.52643  
11143.39115  
11160.34438  
11149.29926  
11187.96797  
11136.35711  
11068.48974  
11130.70987  
11129.66594  
11146.37363  
11185.38761  
11125.79166  
11089.3304  
11075.77131  
11064.04594  
11155.90152  
11165.0958  
11162.99792  
11131.44703  
11124.16477  
11130.24917  
11135.641  
11203.68188  
11169.89144  
11028.79656  
11055.43672  
11083.1035  
11108.02373  
11137.25617  
11198.62236  
11160.47163  
11076.38874  
11155.84228  
11117.98796  
11101.71712  
11080.46997  
11085.44448  
11145.05312  
11146.24809  
11150.05815  
11275.35102  
11211.34952  
11065.43792  
11074.50094  
11121.15736  
11136.62231  
