11546.9816  
11518.85154  
11627.27311  
11551.27377  
11563.9892  
11651.81651  
11596.72035  
11600.59673  
11616.84327  
11525.35235  
11598.00122  
11590.2585  
11602.0069  
11658.07441  
11647.97746  
11632.84576  
11657.55667  
11634.32288  
11686.58164  
11690.07399  
11608.3531  
11597.94315  
11560.36106  
11566.62434  
11589.79944  
11575.36099  
11570.04242  
11544.01508  
11552.7176  
11528.37586  
11593.10942  
11572.7466  
11627.2299  
11623.16371  
11562.60688  
11628.90921  
11639.2171  
11636.00637  
11572.2688  
11570.77962  
11537.45366  
11518.77669  
11480.23238  
11538.83148  
11560.81274  
11502.92366  
11559.25239  
11545.6098  
11553.84156  
11564.63194  
11598.11292  
11622.87584  
11609.57891  
11687.57199  
11656.16678  
11620.22431  
11655.22672  
11596.64268  
11558.52387  
11594.36251  
11566.26868  
11617.6313  
11732.50102  
11656.49107  
11649.42278  
11672.52305  
11613.65688  
11570.43916  
11583.50326  
11547.59456  
11599.3721  
11542.00563  
11601.31963  
11664.89593  
11633.22837  
11658.70272  
11552.07016  
11643.71435  
11594.16212  
11540.72029  
11541.65183  
11480.51309  
11511.76407  
11591.79967  
11538.40748  
11529.10024  
11585.61488  
11623.48232  
11652.34052  
11650.02317  
11600.57586  
11570.53386  
11626.31807  
11618.46734  
11528.26605  
11584.25005  
11545.28744  
11584.83704  
11684.83508  
11642.47173  
11569.09177  
11561.34645  
11601.62586  
11542.68129  
11585.93651  
11627.23389  
11587.52926  
11644.34336  
11595.94443  
11614.58488  
11547.4867  
11605.19396  
11599.02807  
11632.74226  
11631.50552  
11565.89175  
11564.42269  
11578.35907  
11544.46536  
11561.42228  
11590.09942  
11619.05912  
11664.15909  
11576.69531  
11672.79247  
11581.93022  
11546.08133  
11632.46482  
11541.80396  
11610.59551  
11676.81677  
11688.62343  
11642.36907  
11571.14319  
11595.94922  
11568.23119  
11543.04767  
11587.34749  
11571.91217  
11557.74101  
11560.75818  
11600.8732  
11624.56683  
11614.13253  
11634.87165  
11622.94154  
11642.7977  
11601.31675  
11569.62982  
11592.93512  
11594.42125  
11620.18364  
11668.45262  
11649.87729  
11538.61407  
11547.31571  
11576.67835  
11539.47048  
11572.12931  
11621.29744  
