12072.87304  
12048.7786  
12160.61981  
12179.26012  
12151.66148  
12139.3041  
12067.8905  
12114.49299  
12037.05345  
12037.17332  
12118.85919  
12124.22698  
12225.52832  
12212.61839  
12172.31045  
12156.9198  
12221.97693  
12151.05842  
12123.98511  
12149.61002  
12126.19719  
12137.2571  
12058.57466  
12042.32932  
12064.01659  
12045.46291  
12070.20163  
11985.77902  
12003.36237  
12042.44541  
12210.93351  
12247.92736  
12139.60404  
12101.78333  
12125.32548  
12135.32032  
12161.82704  
12134.59698  
12113.74978  
12195.53401  
12108.20339  
12051.10435  
12103.54124  
12097.92724  
12220.40598  
12134.51972  
12146.16632  
12136.74986  
12155.91399  
12239.09381  
12190.08653  
12183.86454  
12113.52387  
12121.68154  
12092.93386  
11991.9631  
12039.3619  
12089.84873  
12148.47467  
12152.28475  
12059.06346  
12156.60257  
12233.79135  
12147.28008  
12116.85668  
12135.47509  
12142.46876  
12114.17095  
12111.86067  
12158.79391  
12131.26903  
12059.95022  
12141.17237  
12280.93141  
12208.33606  
12172.3592  
12071.50439  
12086.58974  
12048.95697  
12053.01126  
12060.8457  
11982.26236  
11987.20254  
12062.75079  
12038.28995  
12079.01294  
12129.64628  
12078.86043  
12121.13336  
12122.84685  
12192.2337  
12140.46123  
12197.88144  
12112.1241  
12134.25859  
12043.8745  
11976.72749  
12214.01972  
12162.85592  
12119.74407  
12021.68718  
12117.32846  
12130.9485  
12087.13028  
12112.04293  
12192.99815  
12213.96017  
12260.98832  
12121.91686  
12083.02398  
12113.6564  
12139.75577  
12148.81618  
12122.79373  
12109.36899  
12055.23737  
12069.42847  
12078.07952  
12092.49119  
12103.86428  
12179.54074  
12144.60237  
12155.81119  
12011.44868  
12069.79927  
12083.46969  
12035.35091  
12111.00058  
12126.03528  
12132.81594  
12247.91097  
12171.53149  
12125.25404  
12048.17717  
12106.22509  
12067.2793  
12196.55752  
12211.72648  
12137.2746  
12120.42922  
12253.2878  
12248.44268  
12214.62714  
12064.28887  
12029.7039  
12056.25088  
12152.68705  
12118.55065  
12160.01336  
12176.78737  
12264.73642  
12250.13575  
12243.24259  
12123.302  
12081.03825  
11963.53499  
11956.30676  
11960.42915  
12044.76443  
12148.93485  
