10639.42958  
10600.83976  
10689.95828  
10583.0933  
10614.11807  
10665.62704  
10644.00889  
10633.37774  
10716.48708  
10606.0096  
10672.76358  
10674.59735  
10644.31001  
10655.30187  
10642.26794  
10646.12481  
10657.84241  
10651.42018  
10652.40812  
10662.95531  
10655.61446  
10636.44255  
10634.68571  
10628.51404  
10700.89692  
10636.81695  
10671.95703  
10636.92952  
10620.99187  
10585.54034  
10638.30632  
10607.62351  
10610.36133  
10629.94751  
10618.04863  
10684.7414  
10641.27708  
10716.31795  
10656.87746  
10660.48394  
10638.81638  
10583.96296  
10586.91119  
10570.39276  
10612.81095  
10573.55637  
10615.09455  
10596.4489  
10603.80685  
10600.73253  
10614.05727  
10634.67758  
10648.23612  
10684.71123  
10653.81946  
10647.00348  
10671.27901  
10665.08147  
10623.42253  
10674.49667  
10617.26314  
10619.01579  
10653.90407  
10648.8385  
10656.5737  
10726.94491  
10687.25046  
10713.27282  
10643.92068  
10597.1624  
10646.91396  
10590.89471  
10667.7179  
10631.81961  
10657.15829  
10660.81217  
10641.24996  
10686.63451  
10694.13416  
10610.10521  
10615.17504  
10612.62292  
10575.40926  
10623.45903  
10600.3035  
10602.44338  
10611.01562  
10627.65316  
10629.5059  
10643.06634  
10660.32512  
10658.76594  
10714.57888  
10666.23533  
10605.62144  
10672.03688  
10627.9237  
10622.94083  
10693.86432  
10690.40129  
10652.11866  
10633.90667  
10692.32929  
10598.16736  
10645.24951  
10642.14203  
10593.57015  
10658.61909  
10667.25932  
10657.74287  
10605.94037  
10631.53721  
10640.08215  
10651.2269  
10695.13649  
10684.29618  
10683.51602  
10643.51321  
10602.29243  
10641.50383  
10588.60978  
10628.28089  
10647.08749  
10657.47143  
10721.83902  
10624.85328  
10571.71366  
10645.45872  
10582.40687  
10650.86372  
10640.15079  
10659.22609  
10667.56844  
10640.08609  
10662.31941  
10669.14079  
10628.02171  
10683.81932  
10639.08869  
10630.124  
10643.60639  
10634.23238  
10675.98033  
10635.6378  
10654.50792  
10661.00595  
10695.79037  
10697.43656  
10590.89829  
10649.46517  
10600.05125  
10658.18159  
10688.98389  
10715.05932  
10614.76679  
10666.1344  
10632.44037  
10570.62773  
10612.39553  
10620.74737  
