11799.13246  
11631.28707  
11771.38878  
11871.62695  
11821.50618  
11732.91197  
11729.17417  
11645.7591  
11607.76131  
11498.9064  
11550.85929  
11770.52542  
11793.35675  
11797.59545  
11677.85021  
11719.91454  
11735.37738  
11941.20834  
11973.91579  
11858.6725  
11702.07114  
11609.79398  
11715.84599  
11822.33715  
11831.09347  
11811.50516  
11693.03184  
11719.17949  
11783.44195  
11849.11675  
11747.48246  
11693.94693  
11725.69137  
11773.28598  
11731.9136  
11661.45271  
11797.22761  
11817.40656  
11722.16113  
11865.86834  
11849.31997  
11876.00168  
11885.71792  
11750.5515  
11824.04692  
11812.47587  
11658.54482  
11614.55254  
11766.16336  
11612.32312  
11596.92088  
11711.12915  
11682.23244  
11762.47427  
11729.87959  
11689.24704  
11612.44132  
11778.96635  
11761.68054  
11894.23362  
11856.00261  
11687.54218  
11753.19098  
11826.94739  
11747.62703  
11642.7314  
11710.9066  
11727.32863  
11705.2389  
11692.06824  
11788.01034  
11828.54207  
11770.68488  
11832.08235  
11807.73787  
11767.37693  
11708.83448  
11841.2956  
11687.48364  
11604.00654  
11750.36301  
11641.22049  
11711.78352  
11766.00859  
11671.63185  
11814.13487  
11759.60046  
11781.9808  
11806.77541  
11638.01706  
11788.83238  
11787.51045  
11688.93677  
11910.02918  
11885.57315  
11739.20456  
11789.03399  
11744.87614  
11629.63433  
11684.75322  
11747.50765  
11651.45663  
11786.83917  
11767.58107  
11802.93748  
11796.29203  
11676.48013  
11667.42843  
11723.90744  
11533.3332  
11574.26456  
11645.14125  
11637.10931  
11721.84876  
11725.39075  
11810.2221  
11764.96819  
11651.32297  
11716.00069  
11743.28072  
11730.98682  
11833.00083  
11780.95705  
11742.52881  
11807.81305  
11774.11506  
11708.53025  
11654.93313  
11670.12515  
11745.61853  
11793.89052  
11779.19084  
11724.75701  
11801.4232  
11830.27393  
11835.92854  
11778.0939  
11772.58554  
11793.17136  
11715.0506  
11586.69528  
11634.98452  
11691.80704  
11680.90811  
11696.79095  
11678.10268  
11770.6344  
11815.55196  
11737.80172  
11810.60318  
11757.63376  
11774.97271  
11838.28718  
11674.07813  
11799.4116  
11729.34345  
11684.28929  
11777.5471  
11627.494  
11788.42661  
