9699.612731  
9790.599368  
9690.215125  
9660.719093  
9593.537619  
9617.363726  
9740.317822  
9753.28053  
9723.249005  
9693.406395  
9560.889682  
9626.26781  
9777.747695  
9784.041807  
9717.123578  
9737.543083  
9629.662511  
9606.981458  
9674.180302  
9749.608244  
9722.279149  
9743.964448  
9682.120102  
9620.478846  
9637.683875  
9711.765353  
9761.564036  
9700.669458  
9640.287533  
9760.040663  
9795.783481  
9692.306356  
9644.930516  
9639.247274  
9737.384911  
9639.171198  
9641.450486  
9750.244348  
9775.293386  
9681.602363  
9803.184057  
9699.798896  
9757.517155  
9730.673133  
9609.670231  
9638.773935  
9754.543503  
9607.901701  
9725.574182  
9776.474752  
9650.504212  
9639.245609  
9742.806653  
9671.769139  
9635.661504  
9717.962897  
9616.663064  
9637.023512  
9712.364542  
9688.236575  
9741.480818  
9726.490599  
9627.87614  
9717.651951  
9801.381734  
9749.409813  
9635.350762  
9671.438653  
9726.414915  
9712.431384  
9654.076836  
9737.325427  
9727.534047  
9669.137831  
9662.934305  
9728.436452  
9608.378742  
9661.637031  
9761.640276  
9670.040515  
9619.198131  
9722.401698  
9661.635099  
9766.729152  
9638.290178  
9601.132692  
9724.154241  
9632.603253  
9698.968796  
9710.791164  
9611.122024  
9678.083323  
9673.729631  
9643.775063  
9729.182902  
9658.717294  
9680.06929  
9658.114984  
9724.962081  
9657.062957  
9636.172481  
9695.691029  
9621.366702  
9709.613244  
9683.654736  
9735.33493  
9712.419412  
9611.522486  
9708.009497  
9655.113448  
9566.491569  
9583.231909  
9709.916513  
9761.660475  
9679.494561  
9777.044109  
9742.479539  
9670.406123  
9618.635263  
9738.820486  
9675.496415  
9707.873461  
9756.495646  
9637.259923  
9676.886033  
9738.905453  
9747.013814  
9748.917332  
9751.010007  
9675.38823  
9692.869922  
9794.669702  
9691.406031  
9652.123909  
9656.439345  
9699.351773  
9643.614789  
9738.385174  
9706.114366  
9718.946935  
9704.500742  
9647.94339  
9628.927407  
9712.146747  
9735.645808  
9641.307846  
9641.107864  
9684.941731  
9747.766663  
9660.308804  
9751.331413  
9669.918704  
9685.220941  
9793.499913  
9650.827257  
9750.11758  
9627.3655  
9703.860036  
9740.001941  
9602.272581  
