10179.40749  
10213.9531  
10177.04645  
10159.62234  
10120.99791  
10121.98105  
10193.22794  
10183.52488  
10185.97587  
10167.10492  
10080.1853  
10127.49152  
10210.56273  
10222.55422  
10164.79751  
10200.63586  
10121.9569  
10106.16223  
10156.00071  
10209.21812  
10170.05219  
10163.04642  
10175.95319  
10115.1126  
10131.84771  
10171.22758  
10169.49401  
10183.32475  
10132.57948  
10219.09925  
10221.58339  
10165.89426  
10133.12283  
10132.53384  
10171.41753  
10139.4436  
10129.77163  
10214.41522  
10213.32611  
10185.60026  
10260.82252  
10178.72769  
10202.61135  
10170.29207  
10108.73531  
10129.94264  
10202.24358  
10120.19991  
10200.09317  
10210.45849  
10168.58529  
10127.23516  
10185.2013  
10172.06072  
10134.71615  
10170.08982  
10116.04592  
10125.29895  
10152.58523  
10182.25361  
10196.19405  
10162.30447  
10117.4161  
10176.08112  
10231.66189  
10229.31808  
10147.48903  
10147.18415  
10162.26064  
10163.21456  
10124.34393  
10202.16821  
10212.81482  
10151.47111  
10136.72721  
10168.12339  
10094.38815  
10143.37671  
10210.43966  
10185.30365  
10112.39703  
10166.44951  
10149.73257  
10216.81657  
10147.94026  
10123.15187  
10171.13041  
10135.40708  
10162.74968  
10165.19908  
10109.05484  
10133.89443  
10141.10217  
10139.93293  
10172.24295  
10167.79181  
10175.08568  
10147.13913  
10179.07577  
10142.43505  
10128.12122  
10128.98252  
10121.0229  
10153.50765  
10178.23232  
10210.2517  
10160.90027  
10105.02516  
10164.14554  
10120.95428  
10080.26489  
10074.38969  
10158.06828  
10192.19094  
10176.5275  
10225.73567  
10212.27178  
10151.71072  
10123.26319  
10182.84241  
10158.2317  
10176.39792  
10200.05762  
10130.32918  
10143.20502  
10180.00364  
10196.89788  
10211.44182  
10188.88868  
10147.61944  
10171.24041  
10237.77236  
10171.29441  
10156.17954  
10152.12742  
10174.27644  
10137.503  
10183.90946  
10172.05112  
10167.57316  
10169.23948  
10131.23797  
10129.36865  
10180.10953  
10173.69723  
10138.45901  
10139.50536  
10169.20301  
10194.29915  
10162.44379  
10205.28955  
10156.10331  
10171.91557  
10230.19142  
10137.30569  
10178.24786  
10134.39943  
10164.29602  
10173.31197  
10115.19433  
