10880.60125  
10932.51471  
10953.70152  
10983.89438  
10969.64898  
10913.26937  
10896.73446  
10906.90498  
10940.2016  
10925.73664  
10926.52459  
10881.21795  
10908.82979  
10904.64474  
10935.98391  
10930.63366  
10915.11535  
10915.02451  
10895.04437  
10913.71248  
10922.86835  
10904.53793  
10943.06323  
10922.60424  
10876.8516  
10887.31977  
10916.36027  
10922.41792  
10914.20847  
10903.08358  
10936.12145  
10911.63543  
10919.18499  
10892.63485  
10951.99765  
10928.12355  
10917.71098  
10926.79857  
10915.40782  
10930.21397  
10950.37135  
10989.85992  
10937.31293  
10938.06336  
10944.16631  
10890.52604  
10914.6657  
10945.95445  
10889.33289  
10948.37492  
10954.90521  
10873.78921  
10943.80793  
10980.25853  
10936.67983  
10945.51288  
10889.25313  
10887.26191  
10947.91865  
10921.85902  
10936.55022  
10906.31581  
10925.62148  
10899.46678  
10889.88955  
10937.8764  
10941.33187  
10874.84493  
10895.01823  
10900.09949  
10914.58141  
10922.77989  
10927.38263  
10990.50368  
10906.76398  
10938.91956  
10898.02924  
10886.25351  
10918.50964  
10987.34993  
10933.2295  
10929.80115  
10921.36503  
10880.92747  
10938.10729  
10927.72043  
10919.40041  
10953.44248  
10863.24373  
10921.83956  
10943.64789  
10865.26623  
10912.96075  
10903.32121  
10885.01778  
10954.62101  
10970.76334  
10921.46727  
10936.92685  
10927.90727  
10874.42568  
10936.12282  
10901.85395  
10952.9484  
10936.42621  
10894.02441  
10911.74468  
10890.99989  
10919.23756  
10905.92092  
10945.21045  
10866.57038  
10898.91088  
10904.04576  
10926.51276  
10947.81956  
10956.525  
10947.86303  
10928.82265  
10898.84846  
10922.0115  
10880.72723  
10952.56919  
10974.90299  
10930.05283  
10918.81712  
10912.78311  
10916.74445  
10918.25088  
10913.60207  
10920.00365  
10926.51361  
10980.93119  
10928.42586  
10882.48236  
10928.80083  
10942.78393  
10907.07494  
10904.0079  
10930.14742  
10880.01617  
10907.8271  
10935.08084  
10895.19172  
10928.65771  
10916.53614  
10911.65821  
10880.20479  
10923.82942  
10936.18579  
10909.0386  
10952.07911  
10895.25698  
10928.06467  
10948.25964  
10941.54274  
10958.44123  
10907.64521  
10929.1487  
10898.32459  
