10375.45885  
10321.76752  
10345.91929  
10347.41699  
10313.01558  
10334.76699  
10411.01216  
10317.36681  
10319.85219  
10301.8596  
10235.83954  
10334.05164  
10409.65288  
10427.56876  
10296.193  
10335.65159  
10253.12502  
10298.68095  
10388.19155  
10415.40766  
10373.68487  
10288.44856  
10326.5893  
10288.97492  
10354.56431  
10370.25326  
10278.85957  
10307.07232  
10311.60768  
10447.19788  
10385.83323  
10294.07177  
10295.84857  
10340.05025  
10349.43483  
10283.60171  
10328.4657  
10412.88707  
10337.88328  
10399.51616  
10433.05914  
10348.70006  
10397.70472  
10306.86354  
10273.65109  
10344.09076  
10358.48655  
10284.54518  
10395.79657  
10349.02219  
10319.4537  
10300.86521  
10312.41046  
10337.9098  
10343.64422  
10366.65538  
10254.13088  
10320.84733  
10296.95729  
10369.98646  
10401.46429  
10275.4274  
10286.27295  
10382.07507  
10391.9802  
10354.19852  
10331.10716  
10362.87808  
10298.59555  
10310.97404  
10260.76666  
10406.99975  
10350.00841  
10345.86359  
10348.07622  
10349.17173  
10248.94282  
10359.56136  
10367.45406  
10350.38209  
10315.48849  
10326.86648  
10325.79367  
10434.37599  
10302.97129  
10322.0631  
10330.50636  
10302.38549  
10367.5272  
10289.46172  
10300.15889  
10333.77623  
10261.6578  
10316.74283  
10369.91411  
10310.47477  
10384.65022  
10357.38821  
10336.35891  
10309.75628  
10350.07543  
10282.37025  
10312.33869  
10311.57394  
10384.66435  
10444.41045  
10340.89023  
10279.58196  
10385.50775  
10266.82391  
10250.16941  
10286.26476  
10316.89477  
10320.82273  
10326.43991  
10366.8919  
10339.60474  
10299.93293  
10309.11192  
10365.00578  
10298.15302  
10391.32314  
10355.87081  
10292.7016  
10345.23583  
10349.04556  
10364.42285  
10331.4668  
10347.82168  
10294.62002  
10374.39222  
10413.96233  
10327.22286  
10332.76709  
10366.43661  
10350.90522  
10293.28899  
10382.15455  
10388.00249  
10327.6349  
10293.73285  
10274.6832  
10322.40179  
10370.38812  
10310.58104  
10278.64472  
10328.84448  
10375.74578  
10321.6564  
10378.25692  
10385.01731  
10310.877  
10380.33687  
10360.80439  
10338.78148  
10350.95291  
10305.78121  
10385.27308  
10282.0181  
10299.92281  
