11075.80739  
11000.57981  
11063.43257  
11069.96053  
10964.60836  
11120.32191  
11046.68411  
10923.65134  
10931.87491  
10919.65098  
10915.7848  
11084.60842  
11096.31468  
11055.90721  
10931.17253  
10931.68167  
10910.99124  
11014.51023  
11103.75335  
11059.52286  
11056.12086  
10922.25998  
10934.64841  
10994.86052  
11133.79223  
11064.23693  
10937.02421  
10939.31548  
10987.6471  
11102.285  
10981.64491  
10941.39825  
11000.69105  
11045.36912  
11017.04859  
10913.35828  
10992.4223  
10978.49539  
10925.24917  
11103.538  
11053.64622  
11053.05523  
11119.88689  
10951.26443  
10952.40503  
11142.10074  
10989.04126  
10942.79889  
11168.00848  
10963.3013  
10972.08269  
11112.0354  
10935.76996  
11029.34456  
11076.45068  
11028.0372  
10933.31753  
11045.29769  
10966.95471  
11012.59315  
11099.12545  
10930.60948  
10932.54903  
11066.95585  
10947.52949  
10907.98762  
10989.96129  
11069.70472  
10917.32049  
10929.05132  
10985.35294  
11067.13327  
11018.9649  
11062.78812  
11130.96261  
10983.80079  
10929.12016  
11043.91647  
10940.41772  
10988.37133  
10995.05126  
10981.65958  
11000.6304  
11065.20544  
10967.61471  
11011.73281  
10975.28118  
11000.95806  
11056.14794  
10920.46537  
10991.34774  
11034.13046  
10933.01271  
10954.3216  
11094.89553  
11046.46669  
11079.37018  
11144.27395  
10914.29898  
10958.57501  
11104.5115  
10944.50873  
11013.85463  
10982.77264  
11148.25342  
11151.33622  
10952.49008  
10928.8861  
11003.26938  
10875.03361  
10953.56243  
11081.64777  
10907.46363  
10941.68232  
10956.79672  
10989.92761  
10990.42677  
10964.43631  
10964.65227  
11021.11439  
10971.85673  
11139.23096  
10984.5035  
11013.02618  
11119.78383  
11087.97645  
11058.88613  
10964.42192  
10945.39444  
10956.23534  
11122.7211  
11059.15398  
11047.59879  
11015.59488  
11110.88456  
10956.64455  
10979.57247  
11100.24297  
11127.50672  
10990.82096  
10900.99912  
10976.63523  
10984.8042  
11024.56312  
10914.5528  
10982.87077  
10988.46447  
11121.27514  
10937.52973  
10997.29558  
10962.5071  
10980.88448  
11050.38323  
10959.05346  
10990.0864  
11050.02986  
11022.0737  
11105.752  
10959.79694  
11029.58707  
