9976.766167  
10102.51466  
10002.49722  
9965.515256  
9922.525871  
9902.042649  
9968.123244  
10045.18405  
10047.59951  
10027.82068  
9919.29898  
9913.988207  
10004.78049  
10010.64843  
10028.98536  
10061.08179  
9986.379768  
9907.172289  
9916.005137  
9996.097837  
9959.574707  
10033.42908  
10020.25368  
9935.406168  
9901.644843  
9965.511965  
10056.45229  
10055.4176  
9947.533531  
9983.333435  
10051.81255  
10033.40828  
9964.927324  
9918.042091  
9987.416451  
9990.439839  
9924.398762  
10009.27204  
10084.58213  
9964.493894  
10082.79643  
10003.04196  
10000.96022  
10029.12996  
9938.276146  
9908.596265  
10040.74875  
9950.330435  
9997.811515  
10067.23719  
10012.64568  
9947.768813  
10053.71621  
10000.63689  
9918.765289  
9966.917013  
9973.319443  
9923.177513  
10003.36033  
9988.210404  
9984.023979  
10045.37909  
9942.883387  
9963.162996  
10065.95472  
10100.23999  
9957.698849  
9924.240009  
10021.34304  
10010.48837  
9983.335564  
9990.451574  
10071.00968  
9950.544421  
9918.274037  
9980.989397  
9934.638376  
9919.925355  
10048.14746  
10014.67636  
9902.478959  
10000.64037  
9967.753455  
9991.944221  
9987.698094  
9917.554548  
10006.39729  
9962.815943  
9951.088884  
10036.75954  
9911.527122  
9927.293917  
10016.49425  
9957.179843  
9967.927381  
10020.31279  
9958.476965  
9929.822844  
10016.5058  
9969.489578  
9898.706362  
9970.438895  
9923.27633  
9990.128209  
9964.861402  
9968.222074  
9974.86022  
9924.600918  
9935.342585  
9970.181481  
9904.649283  
9855.392767  
9993.903091  
10059.23539  
10021.57602  
10079.8347  
10080.65872  
9998.506253  
9931.167444  
9994.555902  
10013.60714  
9954.248318  
10039.00702  
9962.498855  
9934.383256  
10005.27963  
10023.74182  
10087.38239  
10024.6134  
9995.677661  
9961.259963  
10055.66002  
10010.12466  
9973.656275  
9930.614549  
9991.710552  
9976.48051  
9979.000657  
9948.840894  
10002.1312  
10040.56145  
9982.971048  
9929.847008  
9983.435022  
10032.21228  
9993.561179  
9943.801906  
9955.717626  
10062.66099  
9939.376436  
10019.52052  
9996.127142  
9956.488511  
10095.18809  
9929.057597  
9999.737592  
9957.25691  
9935.891146  
10060.95185  
9924.256495  
