9951.478936  
9938.165391  
9997.239268  
9963.09375  
9901.121719  
9930.097354  
9977.063955  
9914.966514  
9934.773467  
9914.205967  
9882.335342  
9955.654922  
10017.19739  
10018.69977  
9932.100596  
9959.013018  
9849.221855  
9891.705  
9981.675117  
9977.234775  
9932.80457  
9893.384404  
9970.44668  
9940.74127  
9973.282549  
9956.197383  
9915.668252  
9966.103584  
9961.774014  
10057.30501  
9997.32625  
9931.893975  
9894.905605  
9970.394072  
9969.908438  
9888.656104  
9959.128486  
10010.37021  
9968.565889  
10008.05874  
10050.07889  
9957.041084  
9963.828613  
9879.641436  
9883.187803  
9954.324609  
9951.598936  
9913.625303  
9989.338467  
9947.947393  
9897.431582  
9908.831885  
10008.26868  
9976.104912  
9945.13458  
9948.560254  
9896.47877  
9937.340518  
9919.185049  
9986.781846  
9989.644033  
9894.18377  
9875.961387  
9991.601182  
10023.71825  
9975.58792  
9927.04668  
9938.968633  
9884.797598  
9900.804678  
9878.387236  
10060.00848  
10004.95917  
9958.196895  
9952.928447  
9946.941768  
9874.131992  
9973.40292  
9998.838008  
9960.948877  
9884.854697  
9916.016064  
9977.905732  
10032.91875  
9900.174551  
9901.884199  
9912.289658  
9939.636631  
9932.034482  
9908.18542  
9930.464365  
9899.303184  
9881.23668  
9923.843955  
9996.83167  
9984.12126  
10016.44403  
9942.542363  
9922.16043  
9917.639902  
9915.019854  
9889.69374  
9930.362783  
9940.616094  
9990.886084  
9981.211748  
9931.767832  
9869.74208  
9938.348643  
9860.09125  
9840.783389  
9858.465449  
9903.808164  
9968.585928  
9943.392051  
9996.2425  
10001.41938  
9948.707441  
9921.972217  
9961.365225  
9955.802285  
10025.96952  
9935.038633  
9895.395576  
9920.917363  
9964.547939  
9973.039814  
9969.552354  
9964.399561  
9923.859971  
9993.100762  
10021.41401  
9955.522656  
9951.97001  
9933.198623  
9917.960176  
9896.134766  
9996.667871  
9939.664541  
9912.447354  
9932.962451  
9907.930977  
9903.452861  
9947.53418  
9970.390938  
9916.415889  
9957.996104  
9978.25918  
9995.413984  
10003.34084  
9995.347705  
9971.606914  
9976.03834  
9985.289287  
9942.319365  
9893.048623  
9888.905498  
9948.194189  
9906.954414  
9906.485303  
