10634.03601  
10623.80464  
10521.08545  
10498.66058  
10393.81932  
10374.00113  
10554.60527  
10636.88434  
10550.3598  
10550.89556  
10369.60953  
10456.89238  
10653.0991  
10678.62968  
10590.53472  
10570.45792  
10469.0348  
10351.74074  
10524.27024  
10589.4604  
10511.20296  
10551.93147  
10558.85518  
10448.28871  
10469.82846  
10543.07048  
10612.13882  
10610.49734  
10484.40073  
10651.59609  
10698.77255  
10547.4954  
10454.41445  
10460.11347  
10632.50269  
10492.60533  
10494.04209  
10664.91812  
10630.08478  
10510.90101  
10688.66534  
10558.51793  
10639.70639  
10534.23919  
10406.06164  
10437.72702  
10628.87498  
10458.18341  
10567.43129  
10632.87194  
10511.07956  
10472.58079  
10636.48739  
10547.99586  
10517.11438  
10546.15145  
10487.11397  
10454.72485  
10549.74411  
10511.36948  
10577.01019  
10560.95614  
10480.95435  
10526.20479  
10694.19427  
10572.13606  
10427.78457  
10463.02039  
10594.50407  
10561.58284  
10472.91996  
10575.52049  
10633.63783  
10509.0066  
10475.7648  
10545.06144  
10441.18676  
10532.36624  
10649.90409  
10513.3869  
10327.15113  
10578.01625  
10503.01221  
10652.31923  
10507.6971  
10365.13756  
10612.78241  
10473.28778  
10530.3762  
10556.8738  
10424.75919  
10484.34037  
10558.07935  
10492.71607  
10617.98155  
10580.77657  
10582.24966  
10458.23244  
10581.79093  
10463.98894  
10383.85562  
10475.60156  
10404.87379  
10603.00126  
10530.26733  
10552.3108  
10559.82828  
10393.11362  
10516.7449  
10451.86382  
10291.09085  
10311.70691  
10566.4574  
10639.39298  
10497.81829  
10651.35395  
10674.2201  
10544.18674  
10365.90618  
10563.40943  
10547.64091  
10578.81883  
10633.53009  
10471.36202  
10521.51559  
10586.14893  
10544.93031  
10645.50182  
10663.82021  
10439.50168  
10525.67834  
10669.07915  
10545.06117  
10498.3205  
10475.14519  
10607.59533  
10494.92795  
10589.26123  
10551.28662  
10621.88083  
10564.30878  
10476.85591  
10448.05558  
10574.39798  
10590.68068  
10467.26815  
10470.32348  
10468.66081  
10622.40329  
10491.96698  
10661.66472  
10522.85134  
10535.30149  
10655.88414  
10511.40239  
10560.67651  
10423.31929  
10475.41312  
10569.56114  
10428.01605  
