10808.53982  
10814.66179  
10834.53202  
10817.64336  
10831.7309  
10789.02189  
10801.22817  
10755.41901  
10780.27825  
10786.08941  
10739.47563  
10800.79491  
10769.26513  
10798.31544  
10762.7085  
10865.79822  
10842.68921  
10839.9769  
10755.93056  
10791.52389  
10839.48717  
10856.87551  
10696.3209  
10789.35223  
10867.9801  
10795.20041  
10838.58036  
10810.59342  
10807.41934  
10869.34739  
10898.57092  
10794.71178  
10795.87181  
10866.26373  
10815.78256  
10955.85048  
10854.02413  
10738.5497  
10755.33625  
10791.52243  
10870.56278  
10900.83948  
10798.51982  
10752.02951  
10823.3821  
10709.46953  
10712.01446  
10818.16322  
10788.22691  
10780.45112  
10699.00428  
10741.53343  
10680.71427  
10714.7764  
10898.63287  
10809.64276  
10784.67704  
10737.63847  
10806.98903  
10845.54237  
10816.09707  
10815.83185  
10826.60866  
10847.82817  
10847.2745  
10743.24713  
10787.99382  
10807.02173  
10789.67022  
10816.83934  
10844.62963  
10801.62881  
10785.61002  
10845.69593  
10822.86047  
10857.8608  
10810.25278  
10860.65337  
10727.4958  
10693.23949  
10750.96818  
10863.80669  
10760.28494  
10888.36248  
10738.58047  
10786.44108  
10683.10357  
10796.2591  
10799.8873  
10701.82998  
10772.22456  
10933.33157  
10891.91981  
10713.47294  
10801.22559  
10911.0382  
10749.13819  
10847.63125  
10827.56364  
10776.65583  
10790.8261  
10850.12666  
10766.34138  
10769.82541  
10697.39463  
10819.76512  
10833.71319  
11035.02753  
10870.34575  
10822.78213  
10749.41439  
10811.15554  
10902.58622  
10884.44431  
10715.67374  
10749.41076  
10754.71171  
10825.60968  
10814.70928  
10812.40056  
10848.57405  
10770.93961  
10832.76517  
10831.21311  
10849.40973  
10773.60974  
10741.1107  
10781.97455  
10812.82917  
10682.12441  
10817.52785  
10811.13769  
10764.97154  
10795.47042  
10832.75536  
10878.10718  
10844.28285  
10746.15309  
10837.06269  
10865.33966  
10843.84997  
10705.37963  
10808.54067  
10889.77777  
10716.49066  
10879.02267  
10822.5889  
10744.53017  
10902.28089  
10882.16568  
10778.9564  
10810.15337  
10817.2993  
10772.43534  
10784.93715  
10760.38105  
10770.14344  
10742.58436  
10868.70453  
10785.69172  
