10693.87957  
10642.12762  
10727.55014  
10713.78098  
10654.05811  
10715.20922  
10717.69639  
10649.70953  
10703.88084  
10637.06205  
10659.14746  
10659.2723  
10640.85113  
10718.34367  
10719.71459  
10716.8176  
10791.39178  
10748.03164  
10621.94295  
10744.67033  
10665.86057  
10753.70018  
10645.86508  
10665.3585  
10756.63162  
10742.02676  
10631.59248  
10757.55287  
10745.03262  
10668.76184  
10784.91605  
10724.9077  
10614.18141  
10630.37586  
10756.29037  
10844.92453  
10722.93748  
10625.08199  
10659.55475  
10618.01598  
10771.67947  
10645.73063  
10627.86135  
10624.96572  
10609.23318  
10553.31273  
10655.65986  
10622.88779  
10667.52238  
10761.81832  
10642.82959  
10651.68535  
10568.95895  
10630.15193  
10820.72713  
10752.36584  
10639.27885  
10635.77295  
10653.68445  
10723.65705  
10711.81646  
10787.22092  
10792.01266  
10738.96896  
10790.8508  
10657.80332  
10704.29074  
10704.47836  
10679.09971  
10679.9482  
10739.56195  
10711.58061  
10747.47357  
10683.75639  
10701.18186  
10680.69158  
10698.41326  
10764.85777  
10654.09096  
10641.52279  
10660.58934  
10753.37002  
10620.3093  
10800.31607  
10682.39631  
10626.08885  
10537.985  
10680.09848  
10631.47172  
10636.04785  
10638.22869  
10813.03086  
10809.76115  
10628.16904  
10791.84412  
10822.4833  
10676.24564  
10755.87572  
10709.63619  
10672.82967  
10714.21582  
10728.92221  
10648.16734  
10641.66549  
10578.04596  
10769.27748  
10663.70656  
10964.15473  
10835.79586  
10800.35785  
10675.01471  
10755.66439  
10746.56053  
10766.38711  
10581.19271  
10648.18848  
10719.25381  
10698.83789  
10663.16182  
10711.70096  
10689.47578  
10685.49156  
10609.81695  
10617.99875  
10698.42643  
10699.61623  
10718.65285  
10645.38281  
10637.41936  
10599.61348  
10744.2257  
10725.68762  
10703.82975  
10684.77398  
10814.13268  
10709.0832  
10715.73373  
10614.67664  
10702.72883  
10720.47293  
10721.69432  
10616.11326  
10790.6317  
10756.81203  
10608.18775  
10801.09275  
10685.53934  
10668.69076  
10705.63143  
10778.71988  
10686.75486  
10626.65672  
10739.52859  
10731.37936  
10588.1276  
10637.94318  
10690.59568  
10708.01979  
10667.23943  
10703.96771  
