11973.31688  
11885.76771  
12051.32191  
11944.42098  
11859.20111  
11928.55709  
11999.54412  
11929.811  
11961.27131  
11853.60342  
11895.88203  
11965.06439  
11887.38965  
11949.02922  
11993.96461  
11965.86439  
12009.27207  
11988.66479  
11952.04256  
12019.1709  
11929.63945  
11911.35902  
11906.78449  
11935.01535  
11938.87801  
12079.82324  
11961.00027  
11952.59492  
11996.14678  
11982.22498  
11958.67596  
12015.40771  
11918.62115  
11977.85852  
11971.90025  
12062.62232  
11930.545  
11907.94877  
11943.53174  
11975.17363  
12035.59688  
11966.20541  
11885.67756  
11926.57434  
11974.21852  
11902.44119  
11896.51689  
11952.36092  
11884.52156  
11974.6073  
11938.18182  
11948.6685  
11880.10326  
11896.47613  
11932.01443  
12004.15947  
11889.97584  
11910.44133  
11939.50211  
11879.27037  
11905.72111  
12042.67219  
12067.1816  
12019.94775  
11922.36006  
11943.34014  
11962.2927  
11987.91447  
11901.53107  
11908.14945  
11926.82594  
11906.76949  
12002.61373  
11931.36973  
11931.51355  
11812.90504  
11877.1668  
11883.59549  
11920.51471  
11963.97854  
11960.48211  
11935.73102  
11968.33277  
12067.52727  
11989.45838  
11880.25191  
11905.06395  
12016.50756  
11882.07648  
11917.38131  
11901.11508  
12016.17811  
11926.59312  
11935.52424  
12023.61227  
11933.00494  
11972.29721  
11979.52869  
11953.94941  
11933.9549  
11991.1716  
11995.29668  
11921.48467  
11881.74145  
11877.2567  
12086.07123  
11951.13953  
12050.55152  
12089.96789  
12092.26855  
11958.30365  
12022.86209  
11958.14932  
11988.13029  
11929.34164  
11940.78041  
11988.50223  
11988.11236  
11899.46873  
11895.06414  
11907.53869  
11977.03102  
11946.54762  
11855.72299  
11876.10922  
11961.78348  
11953.9593  
11922.7815  
11852.06039  
11877.94438  
12006.95607  
11892.77143  
11959.655  
11918.77557  
12053.96799  
11895.67758  
11907.12691  
11950.75527  
11917.51844  
11968.43805  
11912.16238  
11899.73307  
12043.43438  
11918.17389  
11895.11283  
12071.65121  
11921.91127  
11973.20926  
12057.3627  
11950.72551  
11949.4691  
11882.00998  
11915.51596  
12006.8027  
11901.15359  
11915.33045  
11927.25037  
11971.34549  
12015.60672  
11968.27199  
