10974.16181  
10876.65523  
10958.58002  
10809.50386  
10899.61832  
10838.10922  
10924.27813  
10860.943  
10865.21858  
10868.08647  
10791.86521  
10928.5741  
10936.64454  
10774.77921  
10795.13739  
10935.17868  
10920.57394  
11000.5987  
10854.47998  
10886.55277  
10990.00653  
10923.71857  
10803.71313  
10911.81941  
10896.81063  
10876.16409  
10958.64563  
10874.18323  
10834.48692  
10993.75987  
10990.23164  
10800.66551  
10906.7589  
10983.53097  
10979.33928  
11012.13781  
10939.97966  
10745.04305  
10795.69829  
10968.862  
10861.5788  
10925.92878  
10838.8711  
10840.82492  
10927.14304  
10786.65178  
10743.6216  
10897.53511  
10814.45613  
10778.68713  
10799.42207  
10912.77888  
10888.50343  
10898.31292  
10854.86924  
10937.45743  
10818.45787  
10818.43623  
11010.24489  
11006.32104  
10838.51568  
10846.01676  
10943.96522  
10946.27523  
10876.35841  
10788.10285  
10844.44249  
10876.75089  
10826.82953  
10914.81812  
10947.39933  
10806.71466  
10932.02859  
10976.08358  
10949.58001  
10914.36016  
10925.43122  
10884.6268  
10806.78735  
10866.60185  
10909.88711  
10950.24146  
10871.00942  
10943.86327  
10799.19331  
10924.54452  
10820.49808  
10972.33124  
10901.31658  
10771.81847  
10896.49269  
10976.4561  
10956.14506  
10858.121  
10963.51361  
10971.6269  
10904.96897  
10952.50008  
10956.14745  
10845.85469  
10886.9035  
11004.4158  
10878.04758  
10825.4369  
10768.01626  
10847.87551  
10997.21651  
10965.40051  
10823.82684  
10797.81904  
10776.77976  
10856.5714  
10971.08285  
10854.44663  
10935.34285  
10868.15173  
10823.6723  
10939.01961  
10982.04488  
10970.99882  
10872.90485  
10901.39607  
10937.78598  
10922.7442  
10927.82673  
10808.80543  
10755.78867  
10949.04126  
10982.86592  
10839.95366  
10878.2178  
10989.84066  
10843.62388  
10808.17329  
10811.41944  
10938.51779  
10930.91987  
10795.49087  
10867.70681  
10945.14219  
10934.55511  
10846.26922  
10893.20221  
10979.33747  
10852.56123  
11004.09093  
10922.7621  
10825.67422  
10948.55599  
10845.3458  
10815.67915  
10970.40611  
10825.01121  
10764.57639  
11020.60971  
10957.43061  
10820.72969  
10817.53138  
10974.56526  
10867.98573  
