11799.03366  
11692.49899  
11852.07994  
11729.01072  
11720.92896  
11688.91347  
11783.92374  
11691.80729  
11772.3742  
11668.94482  
11685.73185  
11807.31165  
11658.11821  
11714.32819  
11740.23148  
11769.1526  
11705.15776  
11792.19728  
11717.92477  
11781.12117  
11757.2596  
11700.8256  
11678.66846  
11721.77547  
11685.23752  
11783.28223  
11801.68582  
11716.81801  
11769.1766  
11846.11296  
11698.4792  
11728.66583  
11747.02909  
11774.65539  
11731.4844  
11903.16931  
11717.43395  
11681.91378  
11693.96716  
11744.05392  
11780.03854  
11806.24163  
11702.2652  
11694.51919  
11760.69626  
11707.6913  
11693.99342  
11782.34356  
11663.38354  
11762.48808  
11744.63754  
11742.49497  
11660.65381  
11683.4813  
11729.19693  
11813.35281  
11702.43544  
11726.0826  
11826.2857  
11676.09774  
11706.65825  
11819.07316  
11890.8187  
11877.3375  
11693.59287  
11697.79649  
11712.25191  
11784.16996  
11725.78285  
11701.06567  
11691.54186  
11678.17323  
11781.07527  
11745.20825  
11705.99381  
11664.60065  
11663.39549  
11672.04624  
11669.75047  
11698.15627  
11748.55052  
11730.1944  
11753.90576  
11840.23407  
11781.81698  
11655.12081  
11690.12211  
11827.10744  
11688.34884  
11696.33771  
11737.47288  
11764.45488  
11682.49769  
11671.55977  
11765.06352  
11704.24445  
11746.31077  
11824.14124  
11788.77367  
11689.85217  
11771.73286  
11773.71718  
11715.2141  
11684.83095  
11682.28522  
11818.39825  
11726.24616  
11876.63484  
11791.64648  
11806.40546  
11752.13045  
11799.64513  
11720.37682  
11788.2532  
11719.5789  
11691.00993  
11775.74163  
11813.58591  
11679.53845  
11686.24224  
11699.31931  
11720.56037  
11748.96437  
11736.02242  
11684.80394  
11725.60022  
11738.15198  
11747.8565  
11656.4557  
11694.65553  
11836.56109  
11665.2215  
11715.88338  
11700.68903  
11798.97543  
11688.536  
11724.36307  
11742.67608  
11757.29738  
11753.71852  
11665.9085  
11716.59812  
11809.30848  
11706.45047  
11707.91581  
11872.49871  
11696.68884  
11785.02833  
11868.32377  
11729.64009  
11772.85925  
11707.49229  
11724.78246  
11785.2584  
11685.96135  
11675.69831  
11690.66438  
11723.76988  
11818.99252  
11706.71759  
