10722.18729  
10673.66763  
10770.23161  
10683.09062  
10741.54056  
10641.41349  
10708.01406  
10645.59728  
10693.69265  
10657.4309  
10610.99862  
10729.67417  
10613.14796  
10669.80218  
10646.48282  
10771.95096  
10670.08543  
10766.81824  
10640.86971  
10717.37909  
10756.08633  
10687.66527  
10592.19478  
10693.94347  
10713.60495  
10686.42929  
10766.73186  
10659.40322  
10706.26508  
10809.89985  
10759.62829  
10675.57575  
10720.00089  
10786.66098  
10683.03246  
10891.66213  
10706.8032  
10617.83218  
10626.32083  
10688.37148  
10735.56027  
10833.41593  
10679.7098  
10626.89785  
10726.52765  
10592.68222  
10601.05215  
10697.90272  
10619.75924  
10654.76675  
10610.63186  
10640.88136  
10588.96849  
10611.50778  
10738.15446  
10727.98197  
10682.92618  
10641.19265  
10732.54016  
10709.53128  
10662.85942  
10708.05509  
10784.40565  
10789.93575  
10690.56261  
10637.06377  
10645.91348  
10729.24903  
10698.31758  
10683.95495  
10674.66273  
10640.08464  
10706.90819  
10763.32905  
10683.57968  
10715.30315  
10705.93051  
10678.28822  
10599.52887  
10615.46171  
10656.97048  
10720.49868  
10687.54525  
10763.41453  
10660.66743  
10704.47362  
10601.68957  
10739.58108  
10656.32933  
10603.96805  
10697.96481  
10823.44491  
10713.20417  
10598.22843  
10720.76048  
10749.47106  
10662.93673  
10800.63124  
10743.56041  
10627.73139  
10721.80056  
10777.09726  
10654.0463  
10633.4346  
10580.68993  
10726.66785  
10723.2588  
10885.78459  
10738.01814  
10708.34115  
10640.04827  
10700.6505  
10785.38022  
10759.80534  
10622.95199  
10610.94864  
10698.71368  
10728.47071  
10692.19622  
10706.54733  
10742.55853  
10645.29877  
10751.57757  
10754.20647  
10746.60725  
10634.62232  
10633.44187  
10695.40952  
10689.02672  
10565.11628  
10739.61189  
10654.93822  
10664.86381  
10649.31958  
10705.81744  
10738.7273  
10700.40899  
10627.52563  
10751.36783  
10776.29548  
10714.03401  
10587.72516  
10713.54796  
10759.19454  
10607.28712  
10786.2131  
10657.89316  
10671.69894  
10830.76211  
10714.01013  
10704.02707  
10700.10561  
10663.37323  
10688.2879  
10690.62613  
10636.01262  
10633.22895  
10656.51656  
10786.57869  
10674.66492  
