10519.505  
10482.39294  
10339.68312  
10458.8157  
10536.85926  
10451.11058  
10549.80382  
10460.9067  
10515.06661  
10477.12897  
10315.70978  
10537.20987  
10620.13293  
10518.16059  
10475.15632  
10498.10756  
10480.43194  
10416.45901  
10345.89097  
10376.15437  
10486.85894  
10316.68132  
10396.0181  
10543.82844  
10481.68757  
10305.74916  
10511.66086  
10347.73533  
10585.62461  
10563.29397  
10458.8871  
10326.39301  
10356.31959  
10449.02173  
10360.2584  
10463.53191  
10558.37913  
10386.92017  
10350.48885  
10387.90786  
10492.40507  
10395.01817  
10445.47774  
10415.02909  
10514.72229  
10343.66518  
10312.4893  
10488.44615  
10316.66109  
10369.35962  
10428.94599  
10416.058  
10545.83605  
10494.27914  
10509.18071  
10277.64199  
10534.76365  
10543.01494  
10375.29513  
10477.48406  
10476.94565  
10411.97574  
10540.04363  
10532.53534  
10403.85538  
10487.98562  
10556.17769  
10572.36003  
10513.83189  
10463.12089  
10469.93123  
10473.10293  
10478.10122  
10454.25852  
10607.21743  
10350.63259  
10463.35897  
10495.88329  
10536.05591  
10441.07797  
10405.13415  
10427.44804  
10526.15089  
10432.51304  
10268.90296  
10543.93977  
10462.93441  
10348.60499  
10379.36814  
10543.36044  
10449.49264  
10569.33348  
10377.74544  
10505.82483  
10445.87859  
10346.22245  
10461.24126  
10363.65943  
10547.90457  
10352.12766  
10288.5466  
10446.18884  
10557.66143  
10456.72416  
10349.85701  
10465.76397  
10580.01333  
10470.47888  
10436.03652  
10436.51304  
10458.775  
10590.05734  
10416.52139  
10414.12153  
10566.54435  
10483.37391  
10517.43271  
10483.25699  
10475.82763  
10551.2259  
10498.43562  
10456.07283  
10608.00411  
10423.278  
10458.54726  
10612.73124  
10684.34552  
10419.45033  
10320.85801  
10505.81311  
10454.11326  
10431.36008  
10362.39512  
10250.76953  
10312.76199  
10535.93014  
10446.41177  
10376.95917  
10410.67605  
10513.30721  
10417.09348  
10533.44554  
10536.2016  
10403.54415  
10467.59139  
10437.83301  
10588.5533  
10431.70624  
10348.05055  
10471.43214  
10419.12073  
10596.06409  
10412.71078  
10462.12475  
10472.11782  
10542.27155  
10405.45989  
10400.78579  
10589.03497  
10454.79751  
