10854.66648  
10817.74999  
10838.99443  
10784.51611  
10828.65082  
10813.2727  
10753.05939  
10765.20492  
10804.53954  
10730.49132  
10760.11193  
10776.83856  
10843.50412  
10800.88478  
10759.04674  
10812.6946  
10792.08762  
10731.95005  
10768.57495  
10761.11245  
10716.97539  
10742.81381  
10872.11904  
10916.86674  
10770.42654  
10856.74198  
10839.91256  
10715.48197  
10867.49667  
10878.83205  
10869.5879  
10837.56049  
10753.98699  
10787.85248  
10809.57927  
10843.40739  
10837.55525  
10700.9611  
10633.61407  
10793.32862  
10790.64663  
10820.48615  
10835.78797  
10891.02626  
10815.62406  
10614.52935  
10747.2192  
10787.39037  
10611.26282  
10734.108  
10785.59136  
10898.20196  
10857.61944  
10895.0658  
10798.67222  
10658.06253  
10761.79937  
10788.72028  
10622.27977  
10824.38509  
10846.51118  
10751.65958  
10858.16962  
10771.69068  
10829.16189  
10872.20266  
10840.01219  
10750.43696  
10882.63126  
10938.59529  
10841.23659  
10797.55354  
10812.0033  
10792.91019  
10803.3596  
10739.29084  
10794.33877  
10791.43846  
10729.05991  
10636.58922  
10690.17322  
10791.18453  
10801.65174  
10808.28231  
10706.29399  
10798.68264  
10768.35089  
10658.47592  
10889.31529  
10913.08974  
10868.15325  
10757.46655  
10781.53251  
10753.45369  
10698.18707  
10799.60968  
10763.71002  
10828.54832  
10809.53093  
10628.36001  
10766.24527  
10844.1654  
10845.54246  
10750.13049  
10765.37975  
10727.20067  
10838.23222  
10866.27231  
10841.05946  
10855.68483  
10841.81875  
10853.28398  
10890.11376  
10876.76382  
10893.74415  
10781.92142  
10754.71211  
10760.0512  
10759.5702  
10856.42938  
10837.38677  
10860.6649  
10829.65127  
10775.44358  
10738.7791  
10831.49684  
10809.1773  
10725.24746  
10666.33286  
10653.84496  
10733.22277  
10738.14024  
10668.09279  
10636.97969  
10680.87914  
10759.96292  
10828.90595  
10724.08917  
10802.7655  
10716.07649  
10849.72467  
10867.61176  
10807.41303  
10841.38638  
10820.5311  
10808.64688  
10873.36567  
10747.49961  
10755.26633  
10723.42098  
10866.35953  
10852.44974  
10773.9977  
10856.26854  
10838.91502  
10788.88544  
10726.89826  
10846.49316  
10853.96708  
10822.13324  
