11342.90533  
11261.73604  
11154.90855  
11303.44687  
11255.47072  
11253.26258  
11432.78455  
11362.95777  
11351.21936  
11307.73965  
11207.72914  
11515.11799  
11469.79113  
11254.85734  
11293.80062  
11322.06229  
11330.89799  
11304.13324  
11149.6702  
11121.4777  
11338.51373  
11227.12893  
11197.57912  
11576.80275  
11197.5416  
11289.72838  
11514.01768  
11144.95285  
11364.2108  
11395.32861  
11580.18682  
11170.94455  
11191.19361  
11481.22941  
11141.78281  
11360.61363  
11381.72242  
11092.84744  
11110.95967  
11315.33291  
11263.44506  
11214.76561  
11100.11857  
11467.08711  
11521.9208  
11043.3118  
11291.84559  
11357.64768  
11078.51295  
11071.28391  
11215.25709  
11126.534  
11533.15588  
11229.89113  
11516.5582  
11048.74885  
11286.3433  
11394.83066  
11158.80072  
11383.47486  
11429.56811  
11208.58451  
11258.5773  
11233.14422  
11377.84473  
11457.43535  
11555.61986  
11326.78604  
11511.14652  
11363.4248  
11270.35178  
11492.45484  
11457.46545  
11136.98051  
11396.03402  
11230.47031  
11305.2984  
11340.92246  
11427.6483  
11064.89363  
11112.02475  
11389.0091  
11488.70367  
11279.28479  
11113.85984  
11329.58322  
11259.10086  
11182.21996  
11384.20613  
11292.80492  
11176.85605  
11460.44738  
11381.53471  
11353.43209  
11268.80092  
11371.97227  
11205.70607  
11247.65441  
11527.59947  
11144.14002  
11332.82854  
11378.32695  
11315.39928  
11338.07943  
11397.73498  
11316.58719  
11386.66219  
11262.69574  
11274.87018  
11272.19316  
11493.93346  
11484.4918  
11215.93465  
11345.78506  
11244.85342  
11358.27428  
11198.47584  
11336.0465  
11348.67762  
11306.36967  
11249.15898  
11384.97402  
11497.94789  
11210.05537  
11120.11211  
11451.66881  
11522.18598  
11100.38344  
11117.90984  
11418.89258  
11282.89668  
11106.94889  
11346.70379  
10995.19566  
11323.56195  
11253.77844  
11328.52979  
11183.75594  
11273.78645  
11297.87977  
11354.98551  
11351.56666  
11366.76629  
11394.5693  
11564.30043  
11378.37145  
11537.87045  
11155.52023  
11155.75328  
11185.4467  
11320.30885  
11490.96938  
11240.22  
11234.46344  
11182.61586  
11305.49158  
11231.34193  
11313.67869  
11376.50477  
11377.60559  
