10971.87323  
10994.36525  
10885.67288  
10973.42976  
11048.73893  
10972.50887  
11072.42613  
11036.74796  
11041.99721  
11037.02877  
10874.58626  
11074.44005  
11101.164  
10991.99192  
10978.9389  
10992.25988  
10980.80815  
10936.291  
10916.96566  
10866.05974  
11015.35944  
10883.66175  
10901.7691  
11145.38056  
10940.42904  
10904.11987  
11115.07812  
10870.90877  
11048.7765  
11099.40854  
11061.68168  
10887.33976  
10861.21319  
10994.95763  
10853.47515  
11021.71726  
11080.18531  
10862.08713  
10847.16449  
10944.22795  
10941.8843  
10906.68089  
10889.08964  
10955.95729  
11087.91253  
10856.34182  
10904.94153  
11027.26089  
10875.19253  
10834.31729  
10970.5959  
10915.01039  
11085.04946  
10973.63685  
11118.58599  
10810.76707  
11054.21948  
11072.29312  
10892.75217  
10936.69448  
11022.6351  
10941.97635  
11047.14587  
11025.72718  
10967.94443  
11007.55111  
11149.22534  
11079.95479  
11061.87524  
10991.27909  
11013.73452  
11101.9273  
11022.26287  
10902.37099  
11098.89189  
10921.87551  
10976.49864  
10978.9658  
11109.0019  
10889.07521  
10881.75003  
11032.99767  
11110.06822  
10966.44173  
10802.87588  
11058.41798  
10965.92257  
10876.61002  
10932.53449  
11038.77818  
10910.98076  
11125.13288  
10977.39535  
11015.81388  
10965.68444  
10958.60393  
10996.70168  
10887.3598  
11131.61561  
10890.82508  
10919.37286  
11028.76963  
11059.93148  
10983.9324  
10992.10439  
10981.89215  
11079.82919  
10994.04657  
10998.31113  
10945.65688  
11029.01659  
11101.77916  
10922.36045  
10946.30345  
10982.22122  
11012.33172  
10921.12964  
10998.11957  
10993.05065  
11023.84588  
10988.37846  
11008.14274  
11131.75569  
10952.45911  
10929.90345  
11095.60176  
11137.36529  
10888.49887  
10846.05494  
11011.45018  
11024.61617  
10955.00694  
11020.04107  
10814.50314  
10956.15151  
11038.22814  
10970.5166  
10931.33148  
10914.09443  
11030.77003  
10959.20299  
11036.02665  
11091.04883  
11002.34491  
11081.06398  
10987.02172  
11117.26509  
10857.86492  
10835.77493  
10962.79274  
10936.61428  
11102.74916  
10935.97446  
10989.49935  
10961.99843  
10991.92869  
10950.05707  
10939.89668  
11075.86276  
11034.39135  
