10855.39247  
10938.26431  
10746.63857  
10876.67349  
10872.12756  
10785.53254  
10916.06041  
10681.58285  
10916.17826  
10756.24963  
10801.36983  
10876.80197  
10925.92905  
10815.1401  
10875.73044  
10832.02687  
10837.16105  
10870.58887  
10831.51003  
10790.09338  
10859.75301  
10785.09916  
10841.00335  
10931.61157  
10832.70199  
10733.40343  
10855.0355  
10797.6212  
10920.27249  
10841.61471  
10849.15419  
10727.45885  
10818.64546  
10784.64981  
10712.54674  
10840.65799  
10862.34974  
10822.43832  
10737.90757  
10738.15485  
10769.48989  
10778.18051  
10756.59196  
10729.72881  
10839.02816  
10725.57765  
10716.84449  
10824.68568  
10665.02336  
10751.01507  
10886.21545  
10800.29875  
10885.56986  
10936.27785  
10896.46088  
10709.64165  
10923.79959  
10849.05962  
10727.82483  
10835.75446  
10947.46608  
10838.4181  
10785.20054  
10874.11439  
10808.90659  
10803.58148  
10925.07665  
10907.41673  
10841.81854  
10928.97899  
10933.23335  
10847.05553  
10937.02943  
10901.59417  
10866.16129  
10811.09705  
10767.3982  
10847.06382  
10812.32609  
10876.17853  
10784.29001  
10844.12273  
10915.64107  
10746.36621  
10736.79339  
10888.93668  
10862.30793  
10820.77716  
10741.55347  
10933.90762  
10848.13495  
10860.11568  
10713.69571  
10794.48738  
10951.15285  
10684.52724  
10810.74277  
10786.27098  
10910.61782  
10825.31229  
10695.59523  
10817.75132  
10868.45204  
10960.4877  
10730.97379  
10703.21513  
10855.01874  
11007.68692  
10761.91916  
10869.17623  
10889.50945  
10912.71835  
10924.34906  
10770.24287  
10814.00599  
10852.3565  
10790.30551  
10904.13933  
10770.85769  
10819.60895  
11024.55883  
10852.38273  
10921.64472  
10871.65361  
10863.47838  
10902.85634  
11070.00604  
10884.49997  
10734.52594  
10816.18803  
10919.73894  
10805.80946  
10767.53315  
10651.80366  
10741.41158  
10861.39036  
10864.41198  
10824.62009  
10682.99396  
10816.45571  
10758.12666  
10818.24726  
10858.92253  
10778.59296  
10918.1387  
10768.3063  
10917.61442  
10823.96978  
10786.88289  
10823.30946  
10778.65554  
10903.17602  
10878.58921  
10925.33401  
10783.11618  
10854.26642  
10930.18188  
10788.10082  
10892.19244  
10799.35106  
