10990.47623  
11064.9961  
10905.41282  
11019.8173  
11054.41614  
10967.71825  
11091.00943  
10985.35459  
11065.83753  
10999.84557  
10910.5353  
11059.57056  
11074.27448  
10992.53147  
11016.58014  
10975.38752  
10969.93647  
10989.19402  
10972.26482  
10900.82397  
11013.89546  
10929.24513  
10931.08185  
11138.15766  
10955.20031  
10923.53355  
11095.14768  
10925.96118  
11076.82615  
11081.62038  
11079.92865  
10909.4031  
10906.73043  
10963.83736  
10863.18247  
11032.3048  
11063.61521  
10939.04682  
10880.0512  
10948.53927  
10927.0997  
10942.04396  
10921.82814  
10944.30474  
11077.1726  
10872.63765  
10914.22762  
11032.94635  
10878.49256  
10869.20753  
11023.98877  
10952.25044  
11076.43129  
11027.81743  
11099.81363  
10847.32912  
11073.63872  
11047.76393  
10902.89931  
10950.94307  
11072.55214  
10971.2535  
11036.81458  
11043.46605  
10995.97475  
10994.0946  
11143.17049  
11092.15339  
11065.44396  
11027.33017  
11062.83529  
11112.89467  
11057.14056  
10937.74434  
11070.29987  
10953.40578  
10959.38138  
10982.5106  
11060.15249  
10953.26913  
10904.77744  
11034.01868  
11107.88362  
10956.67276  
10837.92298  
11054.15434  
10996.29719  
10935.93958  
10913.95463  
11077.16147  
10949.89452  
11093.36317  
10973.1196  
11001.49422  
11023.7184  
10927.72558  
11002.92665  
10917.25204  
11101.77377  
10960.32756  
10919.66376  
11052.32292  
11056.16943  
11060.21927  
10973.45527  
10945.1944  
11057.25061  
11075.63436  
10988.01525  
10994.64073  
11045.46069  
11073.61973  
10999.28022  
10929.42385  
10977.71755  
11005.44789  
10925.10813  
11031.10318  
10985.78898  
10997.63667  
11053.01843  
11006.17991  
11110.17459  
10979.5293  
10973.33113  
11085.39041  
11192.46454  
10951.91459  
10872.74088  
10998.70377  
11056.77147  
10974.25573  
11033.5009  
10856.5266  
10961.34222  
11039.61078  
11006.96562  
10966.69383  
10895.87864  
11018.2261  
10944.09372  
11023.84164  
11081.52138  
10995.98285  
11102.21504  
10964.43989  
11089.94655  
10926.40618  
10889.66656  
11000.65659  
10926.458  
11092.0354  
10974.02179  
11045.72097  
10964.5043  
11002.08372  
11016.11128  
10941.62257  
11068.87147  
11021.08068  
