11355.31346  
11409.66373  
11452.28092  
11391.45168  
11327.47622  
11364.55019  
11378.61952  
11461.37529  
11408.79761  
11413.47051  
11451.48411  
11427.45425  
11429.70023  
11465.98568  
11458.91337  
11604.49657  
11379.84413  
11458.80694  
11388.0642  
11299.97716  
11317.27761  
11330.16828  
11307.12496  
11277.65914  
11302.80113  
11348.67515  
11357.66438  
11363.47115  
11405.00299  
11420.75578  
11446.37926  
11452.47496  
11524.31601  
11293.70712  
11337.71092  
11362.75266  
11287.9899  
11318.82815  
11340.67209  
11358.45109  
11360.56252  
11343.96156  
11340.92967  
11381.20176  
11410.68811  
11336.24002  
11370.30309  
11502.46279  
11403.71406  
11539.95518  
11238.78491  
11360.42389  
11432.52863  
11267.11787  
11219.61101  
11316.82203  
11303.98612  
11304.67986  
11359.06749  
11537.94674  
11438.46517  
11440.0145  
11494.65869  
11374.57878  
11615.76591  
11379.2149  
11389.53805  
11316.12906  
11511.43335  
11510.26898  
11238.36556  
11289.50621  
11351.82733  
11350.24692  
11399.87353  
11587.90474  
11566.95421  
11575.96569  
11577.1369  
11389.97488  
11401.30568  
11333.71141  
11342.17368  
11370.94473  
11358.6879  
11354.21602  
11305.19091  
11319.15396  
11388.34955  
11420.09154  
11395.65684  
11495.51642  
11321.69621  
11558.52122  
11430.81423  
11308.97471  
11343.05464  
11495.11749  
11454.93943  
11409.88307  
11324.6857  
11388.83239  
11392.5216  
11427.73907  
11430.41379  
11468.03201  
11375.15215  
11380.05348  
11382.10252  
11499.32536  
11416.27444  
11472.36503  
11498.98208  
11382.16311  
11339.54414  
11401.02208  
11557.91274  
11573.53476  
11567.02008  
11667.84875  
11523.79347  
11301.245  
11311.48835  
11266.21124  
11315.30811  
11340.45081  
11279.6995  
11252.36602  
11294.08344  
11330.60045  
11386.21574  
11461.48762  
11562.57279  
11414.62182  
11412.83583  
11423.83613  
11378.43145  
11454.11389  
11422.6935  
11497.36204  
11413.51463  
11423.01909  
11397.23384  
11397.11724  
11489.41227  
11451.49475  
11512.23865  
11352.31527  
11329.35807  
11360.12071  
11325.21654  
11384.81866  
11378.7763  
11376.72492  
11408.2179  
11357.76055  
11398.98712  
11386.90694  
11398.14775  
11394.7736  
