10826.45754  
10899.4022  
10902.66984  
10809.90296  
10808.30229  
10796.01622  
10812.14014  
10890.68432  
10867.13729  
10845.82464  
10908.3674  
10881.98588  
10889.9723  
10948.30766  
10921.67472  
11013.229  
10886.42759  
10936.23072  
10804.36659  
10699.32322  
10778.59806  
10766.93952  
10779.64958  
10764.32904  
10759.90977  
10809.98733  
10830.4568  
10785.1074  
10817.79165  
10875.44102  
10954.11774  
10864.79023  
10946.29072  
10715.44739  
10863.35874  
10892.30475  
10807.81067  
10808.76724  
10794.10723  
10778.414  
10822.19756  
10815.57057  
10788.87071  
10863.97081  
10886.84284  
10861.17415  
10828.62725  
10924.89379  
10881.52964  
10928.63568  
10747.61517  
10808.1788  
10884.74839  
10767.52454  
10723.28955  
10800.42461  
10790.54995  
10828.48514  
10814.03095  
10950.79751  
10858.85177  
10802.46786  
10920.60231  
10880.56275  
11113.75635  
10744.15419  
10864.78392  
10696.60538  
10956.98416  
11041.06233  
10689.82326  
10765.76023  
10810.80738  
10775.01225  
10871.53668  
11002.25847  
11093.87922  
11055.42684  
11136.50195  
10896.50582  
10858.21531  
10807.52448  
10746.50962  
10827.72788  
10819.65559  
10795.1547  
10790.95614  
10832.65727  
10875.15082  
10914.90215  
10876.87404  
10843.05437  
10736.82019  
10974.09023  
10870.86059  
10738.60993  
10770.27348  
10919.00159  
10942.71782  
10887.25516  
10812.90886  
10853.02333  
10796.68631  
10846.28673  
10855.8515  
10953.38859  
10859.88411  
10857.8035  
10858.67457  
10916.50416  
10782.33307  
10923.93841  
10946.09895  
10843.94385  
10762.15557  
10862.00478  
11061.48329  
11074.83422  
11136.97401  
11052.24429  
10967.85309  
10828.53615  
10748.25752  
10664.31919  
10709.82263  
10786.92943  
10730.51662  
10656.7338  
10749.36339  
10814.72295  
10850.77855  
10962.36967  
11009.0235  
10894.07687  
10881.41188  
10946.46206  
10908.08961  
10931.56566  
10877.28898  
10928.36778  
10874.6067  
10875.36027  
10834.24724  
10864.07258  
10960.15835  
10909.09054  
10974.26244  
10845.67092  
10779.02507  
10745.33628  
10727.15387  
10786.40245  
10835.41625  
10854.39205  
10878.38207  
10835.48896  
10842.32261  
10782.86521  
10882.21879  
10846.6229  
