9843.288236  
9892.459754  
9963.698299  
9882.64316  
9833.549316  
9899.292537  
9840.23599  
9895.888785  
9861.386606  
9874.102032  
9983.62162  
9923.024264  
9899.924823  
9908.326378  
9995.418983  
10001.14617  
9889.448561  
10019.24805  
9826.084829  
9720.061674  
9808.566632  
9901.956468  
9777.558124  
9786.469389  
9839.191688  
9855.381423  
9843.202036  
9869.691575  
9778.443359  
9858.913236  
9888.955134  
9826.53018  
9996.170354  
9808.931284  
9823.598389  
9888.696946  
9803.342022  
9852.641789  
9901.862023  
9851.079872  
9844.848351  
9905.090332  
9843.66102  
9812.027137  
9839.46614  
9845.47091  
9821.561223  
9917.318134  
9827.339374  
10023.23207  
9910.082613  
9993.875639  
9918.62408  
9826.921744  
9762.713604  
9881.940017  
9861.981652  
9880.506798  
9921.646954  
10030.85671  
9952.110558  
9740.266545  
9875.469407  
9862.2577  
10034.01054  
9845.127329  
10025.65869  
9802.314247  
10059.82135  
10062.4907  
9817.362831  
9838.403846  
9838.279353  
9930.615122  
9809.419734  
9965.146804  
10090.36561  
10073.28144  
10092.07871  
9874.363694  
9889.918776  
9803.919697  
9789.802866  
9838.605619  
9803.431434  
9868.024508  
9883.693998  
9883.904259  
9915.340933  
9890.098614  
9853.697885  
9858.254094  
9873.723802  
9883.836839  
9838.397536  
9785.490272  
9881.723032  
9967.033466  
9867.466553  
9832.342435  
9769.169246  
9830.722168  
9890.480788  
9957.03202  
9906.14902  
9999.926439  
9920.243859  
9912.795373  
9932.149132  
9857.756235  
9800.964731  
9907.657565  
9974.595271  
9828.939322  
9786.88809  
9980.321871  
10040.5404  
9960.559739  
10065.93928  
9939.006723  
10069.20795  
9829.475116  
9754.654879  
9710.560603  
9742.970403  
9814.557655  
9838.706224  
9756.636644  
9810.102145  
9816.011944  
9873.570143  
9962.230112  
9934.572773  
9863.653809  
9993.910119  
9934.492244  
9957.694881  
9983.426063  
9926.639461  
10019.9513  
9908.798978  
9952.650522  
9857.700233  
9857.757512  
9925.459698  
9900.714431  
9925.609525  
9976.742845  
9860.156663  
9851.614821  
9798.100229  
9857.464431  
9807.480544  
9823.427509  
9912.526067  
9859.995455  
9877.806847  
9844.53078  
9882.896334  
9855.887752  
