10508.63702  
10558.85231  
10525.2181  
10498.00592  
10435.62161  
10467.79837  
10488.62692  
10537.06426  
10479.50476  
10484.61078  
10539.19849  
10523.9656  
10509.26809  
10571.06094  
10545.06883  
10631.84062  
10540.3677  
10615.79689  
10591.19629  
10518.38557  
10510.08206  
10502.27085  
10503.02497  
10476.88671  
10439.51657  
10449.4153  
10476.54946  
10448.22774  
10470.34024  
10544.76815  
10581.06283  
10767.2916  
10612.20723  
10378.50975  
10426.37499  
10442.84275  
10394.16598  
10360.41001  
10393.45153  
10426.2466  
10441.06643  
10440.22431  
10432.29423  
10440.22504  
10533.74766  
10471.73434  
10462.30957  
10497.19185  
10488.88486  
10734.22616  
10593.31568  
10469.99717  
10562.22405  
10362.08295  
10368.77747  
10439.78904  
10495.34846  
10420.40717  
10437.94466  
10608.47776  
10694.50662  
10522.69841  
10694.80889  
10665.12738  
10631.99815  
10488.06847  
10499.74338  
10542.05668  
10667.46939  
10576.61608  
10316.69988  
10426.58534  
10415.47387  
10422.85568  
10464.34345  
10690.2236  
10850.95028  
10761.48773  
10705.03082  
10546.04005  
10409.22536  
10309.99828  
10300.43741  
10332.51347  
10383.00685  
10398.83319  
10391.73168  
10444.17799  
10508.37689  
10531.80884  
10610.97552  
10568.94554  
10585.15083  
10603.07441  
10611.77458  
10507.16572  
10502.7212  
10618.99693  
10513.72635  
10501.07323  
10457.09564  
10444.3253  
10451.63917  
10460.91882  
10707.88392  
10538.53622  
10564.7017  
10504.33206  
10707.53847  
10629.08593  
10567.22187  
10609.79827  
10499.86314  
10489.14283  
10464.49115  
10411.45879  
10713.73803  
10665.8193  
10801.63995  
10729.3384  
10711.36761  
10452.4506  
10304.41645  
10302.36635  
10366.22235  
10380.09764  
10312.84216  
10252.63  
10285.7024  
10456.10597  
10490.75303  
10570.88487  
10693.91268  
10623.94929  
10538.23645  
10699.03366  
10662.14727  
10591.94257  
10561.65719  
10524.04708  
10447.38778  
10439.64729  
10413.9738  
10432.43836  
10537.31988  
10447.76489  
10566.95223  
10622.14644  
10513.54461  
10501.84592  
10504.9183  
10493.15644  
10510.53016  
10550.14678  
10498.68202  
10502.38392  
10518.49697  
10502.37296  
10531.76301  
10517.92246  
