10670.34129  
10660.97467  
10701.46193  
10702.61601  
10665.00887  
10627.57158  
10643.57984  
10621.03  
10658.56231  
10694.87996  
10707.25415  
10676.92732  
10665.10365  
10668.61288  
10643.19157  
10678.31799  
10653.36006  
10683.93692  
10729.05955  
10708.53054  
10726.93111  
10648.24014  
10708.80645  
10692.74972  
10627.98659  
10681.43498  
10713.46797  
10650.36639  
10653.08466  
10634.47949  
10706.07289  
10788.25901  
10840.80461  
10553.01858  
10595.04992  
10612.77126  
10665.69257  
10667.85912  
10628.62204  
10640.22596  
10642.05314  
10619.06572  
10593.10131  
10639.54496  
10658.09223  
10709.41308  
10730.61789  
10630.83659  
10621.43169  
10900.09572  
10641.05313  
10580.05692  
10613.53847  
10620.87166  
10583.46971  
10568.93261  
10604.88506  
10671.40381  
10726.73759  
10749.02455  
10871.17849  
10602.47743  
10769.90095  
10676.79833  
10648.86791  
10581.71466  
10682.1405  
10419.08795  
10781.40776  
10675.50337  
10510.48398  
10529.64751  
10591.48971  
10633.93294  
10633.12326  
10693.93099  
10963.562  
10615.17803  
10657.46709  
10703.30876  
10667.92841  
10574.43892  
10676.86651  
10615.99156  
10647.57891  
10696.19041  
10745.58434  
10792.02108  
10803.6114  
10737.70947  
10686.3342  
10709.05521  
10607.20182  
10578.14389  
10597.94869  
10570.42711  
10600.89596  
10802.82723  
10595.62292  
10580.72483  
10574.60439  
10596.56199  
10531.1094  
10541.57163  
10656.85012  
10803.90848  
10708.3261  
10658.7821  
10880.28152  
10797.24632  
10786.46494  
10713.75114  
10704.00102  
10648.99048  
10673.65768  
10727.02105  
11067.95125  
10954.15265  
10898.04709  
10700.55856  
10919.25206  
10601.58614  
10594.75646  
10568.56403  
10605.17811  
10695.44327  
10681.59666  
10621.96954  
10619.97645  
10624.19802  
10719.19354  
10721.94537  
10802.30049  
10695.79342  
10623.58922  
10598.26096  
10663.4253  
10637.8931  
10685.30272  
10630.13053  
10644.40983  
10634.06446  
10560.59856  
10588.05178  
10582.2804  
10631.23432  
10706.12793  
10842.1967  
10671.56306  
10639.06349  
10650.1182  
10644.12275  
10642.54809  
10667.81937  
10703.08049  
10713.41452  
10719.40944  
10681.98787  
10693.66761  
10727.72747  
