10436.84606  
10460.51629  
10455.8163  
10449.18296  
10396.01486  
10478.59803  
10457.12072  
10443.0345  
10416.08529  
10443.57294  
10531.70176  
10513.78346  
10554.31026  
10529.5353  
10508.04372  
10641.35986  
10431.3726  
10569.47914  
10488.43391  
10318.34042  
10376.36756  
10501.29476  
10334.92735  
10327.93686  
10351.05201  
10345.1741  
10389.05557  
10495.24116  
10339.61807  
10445.1118  
10424.3154  
10354.19947  
10583.01355  
10422.22903  
10415.92944  
10410.17002  
10344.44768  
10376.12598  
10465.51228  
10453.14735  
10461.81599  
10482.25948  
10481.94491  
10437.47021  
10425.90728  
10352.00664  
10372.70731  
10531.1816  
10406.27291  
10531.3041  
10381.30362  
10573.44814  
10495.95618  
10331.38159  
10287.74691  
10373.41623  
10362.88853  
10342.92496  
10449.04234  
10632.58776  
10571.5515  
10468.41895  
10553.14455  
10469.23973  
10637.00258  
10439.55557  
10402.34022  
10392.70662  
10578.54954  
10499.81717  
10297.53025  
10362.38199  
10463.89676  
10477.60814  
10390.58412  
10559.39771  
10602.71113  
10637.15945  
10630.15086  
10504.27139  
10510.2216  
10344.71903  
10337.81657  
10379.54365  
10422.31399  
10478.57187  
10434.56208  
10393.17199  
10446.68985  
10436.54159  
10468.09697  
10507.76681  
10472.26851  
10544.31506  
10487.95574  
10475.66576  
10471.08741  
10534.23483  
10445.41457  
10454.32564  
10403.1774  
10456.76103  
10499.96332  
10535.05963  
10512.47935  
10535.24646  
10419.84319  
10435.90261  
10419.98881  
10487.81627  
10435.92184  
10568.53747  
10576.60115  
10428.51034  
10419.00169  
10479.48465  
10468.59861  
10544.93353  
10529.41095  
10665.03979  
10602.10777  
10340.86602  
10339.02776  
10256.27919  
10324.27888  
10338.0624  
10323.84554  
10311.79473  
10328.81715  
10365.70571  
10510.13147  
10551.61944  
10589.50908  
10378.58231  
10566.60979  
10520.62345  
10454.82265  
10563.45093  
10446.90803  
10574.16852  
10486.84934  
10509.73027  
10460.58664  
10438.45982  
10451.86081  
10417.62545  
10512.01264  
10445.76681  
10415.15735  
10471.87144  
10441.29817  
10499.86267  
10442.88312  
10412.70387  
10447.53694  
10395.46029  
10437.22425  
10491.26833  
10470.02003  
10400.78902  
