10384.43776  
10582.44664  
10510.15171  
10287.63731  
10374.11502  
10622.55116  
10576.55346  
10563.75897  
10276.97228  
10262.79099  
10346.39764  
10354.06352  
10247.99656  
10279.65894  
10403.34822  
10239.23382  
10291.07213  
10475.36461  
10581.93059  
10576.95059  
10575.28544  
10634.41107  
10242.95446  
10289.11785  
10219.69114  
10245.24646  
10296.73286  
10439.31504  
10600.27049  
10554.09614  
10541.37765  
10566.3867  
10613.09192  
10531.64163  
10448.99778  
10598.54444  
10453.08175  
10482.96175  
10657.2131  
10589.60579  
10610.75191  
10544.71857  
10617.87694  
10551.05892  
10514.88216  
10343.0074  
10398.96104  
10544.70445  
10360.08828  
10294.71631  
10500.71925  
10185.63799  
10155.97006  
10260.61859  
10103.09357  
10046.69779  
10087.52204  
10294.46673  
10009.06685  
10092.96812  
10576.12719  
10722.51257  
10609.10612  
10412.32493  
10636.54509  
10638.69081  
10729.08928  
10617.66502  
10635.51605  
10264.14024  
10299.55655  
10420.27009  
10328.0958  
10661.75333  
10526.94415  
10625.03364  
10590.55864  
10510.91417  
10487.80687  
10602.96242  
10564.37246  
10561.34269  
10606.89756  
10454.55735  
10339.28107  
10284.79888  
10101.03242  
10185.57497  
10527.54046  
10545.31416  
10493.56233  
10569.31993  
10590.32326  
10415.87262  
10645.37785  
10292.3659  
10195.82115  
10331.28765  
10180.96343  
10347.72602  
10214.04587  
10518.37338  
10459.47859  
10492.13676  
10565.78423  
10603.19616  
10566.96862  
10494.08314  
10414.71525  
10281.19971  
10277.40537  
10207.81875  
10197.18707  
10252.68409  
10149.60268  
10262.96699  
10425.10582  
10420.33098  
10442.71841  
10509.94275  
10541.21217  
10631.3471  
10558.67727  
10508.178  
10339.70647  
10497.94588  
10575.95927  
10490.71949  
10736.02947  
10534.28065  
10551.37525  
10679.24939  
10492.14546  
10586.95503  
10395.44673  
10402.39029  
10331.02636  
10280.24943  
10251.02943  
10263.32878  
10298.65295  
10188.78202  
10214.99757  
10379.12926  
10160.4398  
10353.90208  
10437.71891  
10473.2533  
10701.25468  
10533.39173  
10480.62699  
10663.60666  
10275.34974  
10674.8121  
10165.89683  
10653.12527  
10519.97964  
10384.89672  
10298.91383  
10328.32257  
