11075.09513  
11159.26399  
11183.95057  
11123.24213  
11088.45337  
11225.48948  
11252.87432  
11166.03195  
11090.73856  
11079.8078  
11104.30706  
11108.18838  
11047.55481  
11049.5131  
11097.47157  
11094.41701  
11210.47111  
11269.59106  
11239.36323  
11249.02134  
11307.05911  
11305.32213  
11132.14929  
11195.93544  
11196.09108  
11071.91681  
11165.92052  
11314.13573  
11258.20025  
11155.44379  
11187.87724  
11216.3518  
11336.65155  
11232.34458  
11226.71698  
11314.14028  
11275.4271  
11373.35554  
11285.29517  
11223.23353  
11154.18945  
11150.10048  
11172.80557  
11120.84893  
11080.4279  
11167.75348  
11261.8937  
11184.10161  
11107.37205  
11141.62902  
11163.77075  
11101.57535  
11087.67236  
11101.61477  
11025.2239  
10998.87065  
10939.26204  
11096.32441  
11050.54442  
10987.1687  
11282.88756  
10993.29901  
11187.85105  
11354.28778  
11276.51642  
11212.0685  
11299.94376  
11115.19448  
11147.16344  
11091.19752  
11067.12466  
11143.85605  
11199.47934  
11251.36495  
11248.23872  
11304.94681  
11268.27863  
11195.22977  
11275.29394  
11370.12464  
11279.29375  
11159.5439  
11050.62205  
11077.10551  
11183.8261  
11141.37982  
10915.84488  
11029.27367  
11170.58995  
11096.95707  
11161.69898  
11321.71539  
11247.52227  
11163.45162  
11309.44654  
11231.85164  
11049.67684  
10936.87844  
10904.0303  
10984.28359  
11121.656  
11240.36975  
11216.53462  
11222.72712  
11297.9765  
11378.85451  
11253.98957  
11159.35913  
11209.49803  
11243.90491  
11009.89552  
10945.54513  
11020.4647  
11014.74813  
11002.70759  
11091.14258  
11191.92617  
11274.19578  
11180.47863  
11242.24001  
11268.62213  
11239.45308  
11190.31204  
11256.02823  
11286.1268  
11160.99104  
11265.45138  
11199.52843  
11195.39113  
11181.0818  
11231.60288  
11301.67997  
11155.65255  
11206.0301  
11303.64021  
11209.00391  
11028.02615  
11165.0673  
11049.64251  
10966.72549  
11042.42697  
11007.38792  
10971.29433  
11168.97639  
11150.02296  
11177.41147  
11160.8808  
11270.64604  
11313.10959  
11166.57572  
11108.9659  
11238.75528  
11251.83139  
11247.59474  
11272.07901  
11279.96923  
11052.10964  
11135.21384  
11079.62052  
11038.63423  
