11021.38523  
10981.48808  
10987.15088  
11040.7188  
11085.03544  
11095.61625  
11032.51159  
10994.92589  
10992.05326  
11032.54629  
11023.88101  
10987.30343  
11056.46927  
11058.21517  
11016.40873  
10918.42025  
10980.96839  
11006.67911  
10947.87528  
10984.78768  
11020.42295  
10990.2112  
11082.54141  
11160.41626  
11096.90335  
11054.15206  
10856.9992  
11012.73578  
10961.26367  
10904.64544  
10892.39377  
10922.08108  
10962.66588  
11009.46874  
11016.04655  
11037.78945  
10976.29781  
11002.52813  
11007.88773  
10965.94623  
10947.29924  
10944.45804  
10988.55332  
10943.38983  
10880.41783  
10946.75773  
10967.03264  
10983.08523  
10889.18246  
10972.9513  
11068.63257  
10864.50752  
10954.08058  
10920.34101  
11010.66606  
10961.82657  
11012.28592  
11020.94041  
10990.22891  
10989.07936  
11260.40816  
11104.94352  
11141.44155  
11123.49548  
11115.86677  
10984.06161  
11030.09974  
10955.00009  
10997.70658  
11171.82907  
11210.42199  
11074.65876  
11073.87937  
11047.34904  
11054.4378  
11076.74407  
11042.28446  
11032.72376  
11056.50913  
11110.04834  
11005.91782  
11013.74986  
10991.14827  
11025.04329  
11065.36065  
11039.42816  
11068.28042  
11060.77761  
10963.89397  
10931.63804  
11084.63852  
10946.63785  
11028.43604  
10939.02794  
11039.43861  
10945.46749  
11011.40783  
10973.40753  
11004.17839  
10930.99175  
10968.62664  
10947.43534  
10927.53085  
10960.30076  
11066.07254  
11059.47071  
10969.67087  
11006.76927  
10962.33266  
10958.23183  
10949.78235  
11002.0022  
11076.22729  
11048.05435  
11066.25268  
11048.13311  
11091.12752  
11038.02707  
10994.28298  
11058.56474  
11045.69319  
10921.24274  
10961.47264  
11041.36954  
10999.46251  
10955.33566  
10973.62189  
11110.54438  
11132.03565  
11015.14609  
10989.47794  
10984.25776  
10899.81496  
10935.55463  
10978.16483  
11036.75072  
10969.11634  
11007.25426  
11029.35241  
11067.02499  
11031.51739  
11057.43643  
11076.93704  
11019.99627  
11048.38646  
11099.42359  
11047.92657  
11051.72097  
10972.74058  
10995.5357  
11059.72323  
11006.84135  
11119.40855  
10993.2526  
11080.2222  
11045.71969  
10890.29612  
10926.24924  
10928.43302  
10953.77408  
