10991.04706  
11148.35445  
11090.1625  
10950.85472  
10976.40193  
11136.93764  
11124.74129  
11094.83671  
10886.11094  
10883.94378  
10988.50285  
11051.88601  
10934.98626  
10925.50402  
11024.98929  
10931.43755  
10915.13825  
10989.41484  
11059.25246  
11019.33664  
10966.9343  
11135.47697  
10955.41962  
10970.18289  
11001.57501  
10982.24258  
10942.52498  
10985.45098  
10992.31509  
11070.64839  
10992.47633  
11037.89887  
11146.70608  
11034.57098  
10949.99591  
11040.9281  
11024.84086  
10984.59046  
11068.90092  
11131.17397  
11059.11029  
11008.42029  
11107.39616  
11040.31372  
11010.00857  
10939.02919  
11019.8551  
11133.95952  
10957.26927  
10960.53531  
11021.83742  
10839.72378  
10769.6639  
10926.70214  
10830.20335  
10859.25409  
10810.28386  
10925.17984  
10790.88057  
10846.90755  
11129.47664  
11123.38727  
11193.35819  
11009.62159  
11078.53953  
11135.62698  
11191.46877  
11098.30041  
11125.7649  
11030.54116  
11016.92581  
11121.21789  
10976.82947  
11207.62313  
11011.89537  
11125.01601  
11184.61  
11061.73413  
11031.34706  
11239.64512  
11226.22183  
11119.42609  
11210.91315  
11044.16495  
10966.75583  
11121.10517  
10860.54051  
10920.07758  
11147.66887  
11012.97307  
11060.82673  
11125.38591  
11163.73826  
10983.33378  
11099.22867  
10936.26269  
10915.18575  
10918.23284  
10836.33717  
10939.26457  
10858.56695  
11013.93333  
10944.0603  
10913.35669  
10969.01434  
11133.17046  
11066.99791  
10971.95582  
10928.90688  
10923.85901  
10944.70803  
10925.01564  
10865.97521  
10977.11443  
10849.33856  
10908.72182  
11075.1952  
11018.69695  
10979.25669  
10980.76662  
11091.55242  
11148.04331  
11161.01444  
11055.1426  
11013.71718  
11046.8227  
11114.11837  
11128.1104  
11192.58029  
11049.15245  
10980.61801  
11158.91409  
11033.12873  
11063.52379  
11065.96397  
11106.44787  
10947.7491  
11055.52865  
10906.44786  
10921.81138  
11056.35333  
10924.41854  
10949.28286  
11053.90914  
10872.20296  
10903.20792  
10957.68724  
10975.17804  
11183.75885  
11014.30915  
10990.04347  
11211.19204  
10952.17698  
11201.01157  
10874.63358  
11063.90196  
11033.87362  
10941.89426  
10950.74258  
10919.98631  
