10831.49763  
11026.441  
10956.76831  
10752.62523  
10801.81181  
11012.1507  
11015.3444  
10952.15699  
10679.87334  
10674.04504  
10811.63307  
10843.37042  
10730.23563  
10739.30383  
10866.13507  
10774.79411  
10735.93561  
10865.9194  
10955.76975  
10934.49282  
10842.1663  
10991.14655  
10778.09075  
10774.71528  
10796.23492  
10792.05612  
10764.46772  
10843.32529  
10871.97429  
10911.19065  
10870.09933  
10910.32238  
10987.13663  
10937.23944  
10840.1269  
10885.57671  
10894.55226  
10851.40886  
10913.63841  
10965.63549  
10944.65409  
10887.68163  
10925.08534  
10871.78532  
10852.44097  
10762.07208  
10859.98034  
10976.45192  
10784.74206  
10762.66177  
10823.02807  
10652.9769  
10580.80312  
10762.41393  
10639.51176  
10652.54443  
10652.39109  
10804.004  
10600.19126  
10648.69006  
11013.64067  
11065.08534  
11084.14403  
10789.94349  
10996.66401  
11059.60093  
11009.58127  
10919.73212  
10977.63262  
10839.93042  
10830.07098  
10957.82963  
10828.324  
11083.79845  
10882.6613  
10970.4106  
11020.41991  
10920.52655  
10898.36579  
11040.96096  
11039.39606  
10972.67222  
11093.6754  
10915.05964  
10792.85497  
10905.44475  
10673.59004  
10751.02262  
11045.03624  
10891.87041  
10940.46725  
11007.18979  
10998.7214  
10818.42217  
10912.95409  
10747.37958  
10667.22561  
10699.26253  
10673.49665  
10761.55158  
10686.12762  
10878.96319  
10814.11001  
10794.84625  
10797.7025  
10964.4056  
10896.97089  
10836.8054  
10777.72331  
10689.84605  
10734.0478  
10722.34808  
10677.65234  
10802.93465  
10657.05958  
10748.92945  
10934.97505  
10897.62725  
10879.53387  
10864.53173  
10929.70157  
11010.44477  
11045.0382  
10957.27575  
10840.22247  
10830.16324  
10917.05064  
11015.29779  
11119.44788  
10917.10719  
10846.4132  
10984.14115  
10880.94618  
10918.38387  
10863.83857  
10916.66841  
10752.61201  
10832.96459  
10724.23867  
10751.97251  
10869.5451  
10732.72857  
10748.30265  
10886.65949  
10689.59404  
10772.09443  
10831.18633  
10840.42432  
11046.27192  
10912.95266  
10895.03679  
11065.32233  
10748.42965  
11097.76201  
10689.95047  
10903.46724  
10890.03503  
10795.11414  
10752.74719  
10731.80153  
