10397.93365  
10612.22686  
10552.34105  
10321.78705  
10382.80495  
10562.83164  
10565.39508  
10481.86623  
10269.58973  
10283.29611  
10414.25768  
10439.96533  
10312.05559  
10393.47976  
10489.94415  
10360.56996  
10316.05084  
10448.14714  
10549.79421  
10499.34026  
10325.83051  
10544.4224  
10408.00282  
10461.73377  
10455.90644  
10387.17482  
10440.54303  
10475.24422  
10402.34585  
10427.8426  
10382.79558  
10464.88026  
10490.44263  
10480.10641  
10361.67764  
10345.46498  
10440.76194  
10344.1038  
10422.23597  
10484.99074  
10469.07867  
10418.20202  
10434.65294  
10343.2161  
10268.31883  
10322.82349  
10403.42013  
10381.39094  
10358.61138  
10470.4285  
10352.79669  
10234.22042  
10258.79644  
10414.75783  
10390.31783  
10439.6428  
10388.94646  
10472.91568  
10301.32029  
10309.86381  
10590.86674  
10677.41729  
10588.36794  
10353.25316  
10569.95066  
10577.63833  
10493.7915  
10364.67268  
10536.0708  
10539.66742  
10398.05315  
10523.75907  
10404.44336  
10673.87205  
10477.41361  
10509.31633  
10524.98976  
10390.9492  
10376.25357  
10580.28906  
10493.73941  
10403.8454  
10548.41164  
10397.18609  
10357.57709  
10567.255  
10245.923  
10299.12124  
10575.89235  
10373.67689  
10452.51363  
10619.70421  
10536.58984  
10383.79577  
10499.97544  
10387.93361  
10385.36537  
10342.23404  
10369.43063  
10360.21402  
10277.41442  
10465.51335  
10379.71133  
10361.91861  
10362.31524  
10481.97192  
10408.23499  
10311.36088  
10308.60723  
10346.28407  
10367.19253  
10397.06248  
10329.86959  
10534.83894  
10284.16218  
10369.83767  
10564.63422  
10486.67086  
10457.37006  
10457.71184  
10581.66117  
10518.05153  
10567.08397  
10451.26375  
10388.39307  
10364.95684  
10492.33113  
10674.72773  
10627.84752  
10474.03846  
10319.63933  
10461.84313  
10414.71777  
10391.9822  
10567.67161  
10597.38385  
10404.80144  
10543.87325  
10324.34076  
10353.77689  
10559.80313  
10339.57961  
10303.60592  
10547.81907  
10311.05133  
10395.86888  
10410.45059  
10412.74656  
10571.46319  
10335.94161  
10435.3141  
10614.6878  
10353.29053  
10747.96984  
10295.64057  
10443.72579  
10345.67507  
10288.67148  
10411.96544  
10367.28302  
