12091.3364  
12147.59181  
12207.43103  
12152.71588  
12106.8074  
12149.22369  
12095.51959  
12227.45051  
12148.99139  
12058.24721  
12133.58497  
12271.61768  
12186.82033  
12087.08229  
12159.9417  
12110.4274  
12027.86961  
12025.8596  
11992.88438  
11965.79794  
12044.06036  
12084.93052  
12044.05089  
12161.59875  
12244.31234  
12115.07208  
12113.30556  
12113.26444  
12043.72135  
12111.20738  
12007.20103  
12078.78391  
12234.88357  
12151.85749  
12096.17743  
12232.44908  
12099.94884  
12451.74986  
12087.91878  
12026.21834  
12001.83832  
12044.89059  
12088.27362  
12087.51355  
11964.58726  
11954.21028  
12033.23604  
12208.43394  
12044.96746  
12050.49869  
12398.07732  
12061.84361  
12250.12184  
12345.89932  
12354.69548  
12120.42852  
11852.23836  
12042.46409  
12042.55518  
11927.45721  
12303.25118  
12105.4449  
12389.54198  
12499.0419  
12262.94445  
12185.99556  
12076.01035  
12099.87545  
12087.36642  
12156.92422  
12105.13031  
12214.30796  
12059.20764  
12187.85761  
12053.14455  
12067.202  
12217.84377  
12076.23932  
12015.43437  
12169.18503  
12271.16326  
12130.39201  
12044.20448  
12123.62881  
12044.83153  
12053.27913  
11973.12965  
11951.68512  
12107.66258  
11964.20316  
12057.94926  
12375.39482  
12347.28919  
12338.70913  
12254.81758  
12152.51202  
12122.80488  
12164.2359  
12005.09026  
12231.76093  
12033.91387  
12114.61701  
12312.3569  
12078.01745  
12182.32606  
12248.44639  
12299.55402  
12039.06227  
12105.36573  
12163.51961  
12246.57831  
12102.53066  
11948.64603  
12083.31256  
12012.08951  
12043.35105  
12009.10926  
12149.24007  
12010.26022  
11979.22303  
11987.9812  
12144.16833  
12262.16773  
12090.6878  
12087.85123  
12247.77575  
12111.01896  
12059.38128  
12116.60636  
11991.57211  
11980.10333  
12131.33954  
12284.09125  
12131.03141  
12220.79035  
12285.34633  
12059.50773  
12122.08914  
12192.87219  
12173.68584  
12185.76178  
12202.47372  
12121.66207  
12286.04552  
12193.57174  
12041.39483  
12077.79577  
12117.89854  
12189.8263  
12174.31212  
12040.80037  
12212.33614  
12127.06333  
12115.92785  
12067.50707  
11985.01121  
12030.2257  
11973.6512  
12199.86954  
12122.34272  
