10370.77132  
10361.1641  
10241.63547  
10194.17823  
10267.95563  
10112.92526  
10120.87834  
10198.61275  
10336.95301  
10416.13321  
10384.75301  
10244.77028  
10213.35245  
10217.26412  
10269.96817  
10212.28495  
10223.37266  
10278.48992  
10235.05971  
10260.69557  
10401.20881  
10380.65453  
10336.04166  
10411.92735  
10275.38616  
10245.25343  
10165.56202  
10150.92801  
10133.76623  
10203.08488  
10177.485  
10237.0445  
10348.85551  
10322.1198  
10368.31869  
10281.51247  
10186.83818  
10161.11153  
10189.96783  
10175.48011  
10224.52291  
10417.66608  
10381.18029  
10279.73709  
10320.5351  
10291.04657  
10129.33145  
10127.74712  
10174.47692  
10289.91501  
10353.129  
10411.77555  
10261.03681  
10095.89698  
10208.06911  
10258.16829  
10349.07664  
10388.20394  
10316.96208  
10168.95342  
10188.71511  
10242.97814  
10159.49761  
10218.87161  
10364.02719  
10280.64473  
10211.94803  
10248.72864  
10118.66127  
10191.96341  
10278.86986  
10380.90125  
10430.97886  
10320.43412  
10204.21303  
10210.05462  
10142.79355  
10145.49636  
10213.17029  
10301.80642  
10371.25409  
10477.64148  
10331.85867  
10155.21324  
10178.70374  
10281.1621  
10197.32585  
10314.40588  
10410.94037  
10390.20598  
10200.49846  
10296.1096  
10194.27771  
10271.6633  
10374.09454  
10299.64988  
10233.60282  
10379.47484  
10324.66704  
10164.57784  
10127.74084  
10243.92051  
10273.88038  
10346.96028  
10330.96912  
10360.24902  
10239.60367  
10161.72393  
10066.91505  
10214.63379  
10155.91067  
10390.74006  
10392.41817  
10361.76331  
10493.84229  
10264.20107  
10232.99672  
10335.81578  
10319.41033  
10388.55846  
10337.48722  
10180.83151  
10226.21395  
10160.1183  
10149.17709  
10375.08637  
10317.21219  
10301.91796  
10383.69317  
10316.90978  
10216.67756  
10263.74955  
10304.74972  
10177.66918  
10117.63251  
10243.5238  
10156.51414  
10188.88733  
10259.37367  
10355.18943  
10274.65135  
10202.6613  
10225.09012  
10201.05178  
10277.90727  
10242.83693  
10282.90257  
10319.5308  
10293.46199  
10355.47935  
10327.10424  
10263.70741  
10263.38353  
10270.52964  
10125.4752  
10132.65625  
10214.47304  
10288.42713  
10336.17717  
10435.5429  
