10982.54312  
10919.4487  
10789.17993  
10760.03089  
10859.74279  
10788.6221  
10828.83661  
10871.70431  
10893.1109  
11046.44265  
10958.92415  
10798.18034  
10832.70315  
10854.64547  
10965.06077  
10882.8695  
10870.53324  
10981.05455  
10900.29059  
10879.80832  
11073.81246  
10958.07959  
10876.26086  
10977.3512  
10824.11739  
10782.92195  
10771.32956  
10755.58742  
10779.82462  
10893.56876  
10837.12945  
10873.86864  
10954.76278  
10896.69888  
10932.92217  
10802.76917  
10776.80384  
10789.83048  
10832.11214  
10844.33522  
10889.83211  
11104.12789  
10942.3564  
10791.10445  
10874.37238  
10916.24558  
10782.5236  
10832.89157  
10889.45453  
11023.43605  
10913.41804  
10953.56157  
10785.0202  
10780.38601  
10920.26908  
10929.12401  
10962.05349  
10950.31857  
10853.47948  
10750.98641  
10820.91072  
10940.73518  
10820.44948  
10844.20278  
10993.03775  
10821.81554  
10751.36131  
10867.06942  
10786.76972  
10895.29117  
10958.67079  
10914.37816  
10985.11331  
10811.62341  
10790.8089  
10837.2963  
10808.67056  
10810.37555  
10927.06778  
10976.79987  
10924.10911  
10991.68944  
10867.55676  
10750.79803  
10810.24197  
10982.83173  
10837.5962  
10900.82631  
10985.90643  
10908.26356  
10783.48949  
10926.32265  
10892.41207  
10965.96681  
10982.7041  
10822.72406  
10814.23119  
10947.79956  
10960.93147  
10820.23676  
10823.64234  
10987.97169  
10921.18319  
11021.36519  
10947.15393  
10947.38938  
10769.74377  
10731.54385  
10746.38179  
10871.21837  
10833.27949  
10952.06881  
10974.36102  
10932.80501  
11044.89335  
10905.15139  
10870.23938  
10968.85491  
10910.42812  
10941.48807  
10894.43615  
10820.64503  
10926.37288  
10844.31222  
10852.69641  
11045.46709  
10902.83235  
10843.22473  
10950.58926  
10882.60667  
10768.06758  
10808.52269  
10832.07419  
10788.73965  
10810.66147  
10944.97236  
10822.36924  
10814.64734  
10873.05793  
10883.46842  
10832.66144  
10855.43125  
10900.76919  
10832.3562  
10946.10434  
10892.79997  
10965.20716  
10961.09301  
10877.89159  
10937.45466  
10868.66298  
10815.1331  
10849.97899  
10837.12006  
10762.21423  
10803.68839  
10939.31245  
10913.83934  
10931.40714  
10996.73157  
