10564.04319  
10569.27368  
10618.69477  
10694.84692  
10671.10374  
10691.64277  
10634.19015  
10588.02647  
10540.55321  
10539.68536  
10572.40195  
10602.89121  
10673.4183  
10740.01109  
10680.49508  
10663.055  
10627.77642  
10581.08932  
10559.01014  
10574.19002  
10544.31533  
10555.79267  
10604.00373  
10572.59985  
10615.96431  
10542.60771  
10696.60918  
10645.73288  
10668.95402  
10572.28988  
10568.35441  
10558.30918  
10550.19134  
10574.53393  
10614.01359  
10618.05645  
10708.56365  
10725.41895  
10662.61045  
10625.79698  
10567.75268  
10608.5398  
10557.03279  
10709.56056  
10705.33943  
10637.08766  
10701.5093  
10579.27499  
10541.92422  
10486.76939  
10516.10275  
10543.8417  
10567.21625  
10685.91044  
10606.31486  
10584.66468  
10550.65202  
10616.51126  
10604.96982  
10654.21427  
10692.78631  
10629.09234  
10608.40775  
10574.51038  
10538.99116  
10560.07283  
10666.18413  
10635.25764  
10682.88156  
10538.97193  
10509.31558  
10583.84151  
10569.63132  
10605.85591  
10697.76063  
10735.49159  
10663.42261  
10653.99032  
10563.4553  
10562.68481  
10543.37449  
10595.41108  
10612.57916  
10727.90823  
10753.67801  
10627.35491  
10597.02321  
10524.53258  
10593.53293  
10607.46012  
10722.22586  
10674.77762  
10649.66529  
10527.16713  
10613.26512  
10603.12644  
10680.44372  
10687.70513  
10639.4039  
10621.21567  
10577.13157  
10559.75204  
10531.57028  
10536.53454  
10563.68981  
10575.13314  
10678.74252  
10631.79098  
10698.86014  
10629.73912  
10547.08574  
10587.30594  
10670.54568  
10715.35505  
10617.55297  
10762.82873  
10672.37915  
10615.2323  
10587.54607  
10666.03829  
10616.72498  
10676.27098  
10604.67364  
10584.88946  
10581.61733  
10540.11199  
10517.55733  
10585.96658  
10654.05004  
10614.00447  
10604.61726  
10676.10628  
10608.39832  
10688.56308  
10691.88569  
10673.59996  
10644.83516  
10583.38612  
10571.58013  
10542.61332  
10591.12015  
10567.99267  
10716.77686  
10650.61407  
10579.07479  
10526.54386  
10534.92182  
10566.00603  
10584.79301  
10578.67603  
10589.76376  
10637.91659  
10659.14906  
10648.1077  
10709.19722  
10718.838  
10615.24168  
10576.3905  
10564.96206  
10618.93981  
