10636.88759  
10564.27367  
10432.65705  
10444.56062  
10553.29304  
10508.38464  
10577.62941  
10609.7445  
10628.29928  
10645.47486  
10582.15943  
10488.69515  
10546.52121  
10558.08549  
10637.07599  
10623.00707  
10561.19354  
10674.31237  
10670.24629  
10664.27167  
10740.24315  
10659.96396  
10524.09901  
10606.25798  
10471.16683  
10473.29342  
10519.89654  
10521.0614  
10510.53208  
10617.34388  
10551.22676  
10577.79337  
10621.72739  
10566.86339  
10631.7015  
10521.92779  
10480.89006  
10512.73186  
10530.97336  
10559.40981  
10654.24721  
10755.25647  
10574.82284  
10474.15607  
10561.95933  
10604.39587  
10533.17656  
10563.75195  
10639.60144  
10714.61661  
10540.24179  
10605.79443  
10493.065  
10476.22929  
10615.63088  
10618.39102  
10613.40681  
10571.24732  
10501.82288  
10440.28385  
10536.3742  
10596.70338  
10540.39889  
10565.80366  
10667.48007  
10442.51751  
10418.26832  
10548.86652  
10528.0659  
10639.49698  
10675.33673  
10615.75774  
10600.162  
10477.44457  
10518.30131  
10552.42745  
10532.05977  
10559.47314  
10677.5185  
10708.99043  
10584.4405  
10636.72674  
10552.52516  
10484.68707  
10523.01353  
10652.12245  
10570.31594  
10622.73881  
10593.53743  
10560.17723  
10527.65274  
10599.47971  
10615.44974  
10698.07223  
10632.46604  
10427.40732  
10438.33234  
10583.19822  
10603.82605  
10502.83395  
10536.11364  
10700.58876  
10613.14044  
10686.41428  
10619.23984  
10538.40095  
10488.79568  
10486.11453  
10498.75904  
10535.38798  
10590.79655  
10652.27053  
10676.18669  
10633.68564  
10789.03805  
10628.33587  
10638.19318  
10752.12701  
10647.09693  
10650.76025  
10601.51242  
10551.20473  
10585.6378  
10582.98497  
10555.00188  
10750.93009  
10607.94283  
10509.62446  
10584.53317  
10484.16954  
10436.1779  
10504.05228  
10484.44081  
10451.93511  
10497.86844  
10647.78492  
10537.87037  
10541.32999  
10595.80948  
10459.80603  
10511.80572  
10525.70906  
10607.67576  
10520.69094  
10675.01204  
10626.28217  
10697.8992  
10651.54651  
10528.92963  
10552.07793  
10540.4426  
10494.9188  
10529.65535  
10568.4147  
10523.39023  
10575.92448  
10657.09037  
10641.29601  
10558.32829  
10650.23521  
