10690.43207  
10721.53676  
10652.86983  
10510.85067  
10505.92887  
10330.29153  
10319.82196  
10489.37604  
10627.166  
10687.6323  
10670.42338  
10628.31452  
10456.27842  
10400.2192  
10430.11919  
10427.37851  
10422.56072  
10432.5147  
10475.60592  
10502.45325  
10529.87995  
10710.50423  
10752.24654  
10721.32885  
10619.85087  
10576.27294  
10471.70674  
10397.18236  
10371.78167  
10363.61359  
10465.34927  
10435.52344  
10579.6072  
10674.00094  
10630.84466  
10611.28243  
10470.82002  
10335.8073  
10365.29784  
10441.60275  
10380.9301  
10533.64458  
10756.97738  
10709.7075  
10617.99542  
10524.86509  
10361.9026  
10349.42332  
10403.01271  
10430.02886  
10796.26474  
10757.7536  
10600.14733  
10348.54641  
10375.35414  
10555.82739  
10611.95205  
10700.69864  
10690.85659  
10497.8587  
10395.04385  
10442.23652  
10418.56296  
10436.16632  
10549.00576  
10634.59469  
10508.64418  
10447.9854  
10368.5686  
10422.0567  
10501.6596  
10785.76108  
10714.4176  
10680.25013  
10458.07704  
10391.53306  
10350.80579  
10439.52763  
10405.58088  
10515.62085  
10691.55422  
10775.58887  
10699.07593  
10431.50507  
10319.79521  
10455.85464  
10487.83113  
10584.49894  
10703.97054  
10690.35963  
10454.73812  
10471.35913  
10451.74755  
10492.70874  
10680.93025  
10755.19605  
10667.97251  
10709.03554  
10550.83227  
10442.73583  
10390.1612  
10418.2288  
10481.34902  
10502.26222  
10609.50588  
10683.56554  
10634.43548  
10459.7791  
10251.04049  
10381.85001  
10416.60483  
10614.7524  
10689.32644  
10706.2562  
10668.24798  
10501.6523  
10424.98405  
10604.65294  
10565.34591  
10682.0496  
10559.86791  
10406.01966  
10393.33472  
10444.93308  
10419.43672  
10561.48418  
10653.60185  
10738.24393  
10737.12518  
10690.72948  
10657.92343  
10626.92248  
10629.59476  
10451.70039  
10272.69161  
10334.32444  
10382.56228  
10418.92444  
10471.03285  
10678.20605  
10633.88566  
10553.39357  
10475.45452  
10469.37803  
10562.99432  
10472.3137  
10429.7586  
10587.03325  
10699.28879  
10692.51814  
10657.84612  
10648.39724  
10603.13318  
10509.38171  
10360.01662  
10320.85129  
10408.196  
10507.89448  
10623.71601  
10638.77947  
