10445.84554  
10489.31601  
10407.79386  
10364.28929  
10443.64769  
10300.71227  
10280.97631  
10339.44163  
10411.2236  
10462.92289  
10491.08294  
10412.20605  
10402.41453  
10366.54739  
10379.15687  
10342.49699  
10320.84864  
10384.26543  
10341.79541  
10378.86486  
10459.71524  
10442.67083  
10426.25158  
10500.48556  
10428.08332  
10403.27898  
10342.08533  
10343.68087  
10310.85914  
10340.66341  
10316.52647  
10332.98052  
10419.98644  
10400.71664  
10485.59001  
10475.4358  
10373.68852  
10347.701  
10326.10877  
10283.67268  
10329.8541  
10472.28691  
10435.46481  
10411.78186  
10502.76686  
10442.73987  
10281.37298  
10257.51891  
10324.77323  
10368.61968  
10418.25471  
10520.58835  
10442.71593  
10275.09214  
10341.1598  
10358.77133  
10418.36472  
10476.70886  
10441.75656  
10353.34471  
10390.11947  
10357.67342  
10304.32142  
10343.81557  
10435.93503  
10401.20394  
10389.90821  
10396.26859  
10268.96175  
10319.399  
10369.33453  
10479.47109  
10535.14284  
10482.79373  
10357.7645  
10395.70393  
10298.34169  
10291.10591  
10355.71876  
10416.88978  
10448.53056  
10551.23586  
10454.39807  
10338.33166  
10354.9017  
10402.74015  
10350.04748  
10412.93055  
10491.72389  
10520.85894  
10367.34739  
10391.44454  
10355.95515  
10388.53267  
10420.59419  
10388.21632  
10362.39655  
10522.7145  
10467.87522  
10326.16476  
10269.42374  
10365.77934  
10393.81053  
10445.69575  
10424.63288  
10486.43034  
10461.2357  
10317.05253  
10222.34722  
10356.74426  
10309.94111  
10475.71911  
10457.23584  
10488.70863  
10576.22216  
10404.58808  
10358.77534  
10420.67105  
10402.33851  
10524.82959  
10514.57066  
10353.5609  
10327.95862  
10294.67564  
10276.56929  
10461.89175  
10377.04719  
10402.40817  
10456.35745  
10435.7259  
10407.64131  
10475.07074  
10491.50728  
10391.75041  
10290.32025  
10398.22651  
10313.78857  
10328.54957  
10403.14014  
10465.54625  
10417.11891  
10269.33001  
10289.43846  
10340.60425  
10389.37184  
10361.41229  
10381.49201  
10394.74159  
10392.83385  
10465.00925  
10467.47888  
10449.1675  
10443.15224  
10433.21465  
10322.60775  
10291.92392  
10322.39187  
10391.2465  
10410.5633  
10541.94314  
