10708.58034  
10699.88306  
10594.4975  
10558.02054  
10647.34278  
10539.56353  
10549.1757  
10600.00537  
10647.12659  
10748.57901  
10720.10981  
10601.15581  
10613.05791  
10605.4908  
10665.98012  
10607.03081  
10589.9411  
10676.41743  
10615.201  
10624.09659  
10760.34024  
10694.98391  
10646.54901  
10733.93025  
10621.95774  
10589.1293  
10552.21744  
10545.3255  
10540.43638  
10611.33255  
10571.38232  
10597.76675  
10681.78071  
10643.51967  
10704.57688  
10635.67849  
10571.02949  
10564.14096  
10573.81753  
10558.13928  
10603.9856  
10781.59818  
10683.60839  
10597.47534  
10684.68253  
10674.53974  
10526.70613  
10539.1867  
10601.20717  
10689.17832  
10660.65684  
10732.54596  
10610.28748  
10522.45357  
10624.65681  
10637.98164  
10684.52199  
10708.55964  
10643.3113  
10548.00613  
10601.00891  
10643.10533  
10556.98662  
10588.775  
10708.65896  
10607.11004  
10566.85387  
10626.74431  
10522.44934  
10601.32111  
10657.83805  
10692.37539  
10755.42127  
10643.76893  
10569.75695  
10611.88095  
10548.16796  
10545.30904  
10635.41682  
10690.98803  
10681.34516  
10766.8554  
10656.65567  
10540.25034  
10577.80886  
10686.71804  
10588.72196  
10651.77492  
10733.64588  
10710.5089  
10571.06549  
10653.28863  
10618.57213  
10671.20963  
10695.76934  
10600.92513  
10583.58757  
10730.81053  
10709.24586  
10568.03264  
10540.73578  
10670.36722  
10651.98041  
10727.50883  
10680.4277  
10712.08812  
10612.26267  
10519.96251  
10478.88298  
10608.59979  
10566.13605  
10708.91122  
10710.38917  
10706.11146  
10805.65533  
10649.63372  
10609.15732  
10689.02884  
10651.06857  
10728.80048  
10700.52992  
10582.21715  
10620.90619  
10563.74459  
10558.60642  
10747.57508  
10634.43992  
10618.2054  
10698.30356  
10654.4918  
10584.0843  
10638.30872  
10658.22832  
10586.09242  
10545.04796  
10665.88034  
10562.75903  
10566.51375  
10633.18358  
10670.13576  
10620.5435  
10556.24987  
10588.70915  
10581.33638  
10661.91453  
10621.54768  
10667.24378  
10671.99312  
10630.28889  
10696.29006  
10663.87444  
10628.32221  
10642.31011  
10630.9424  
10537.8126  
10542.45297  
10624.39901  
10647.07647  
10665.53706  
10764.58015  
