10739.80379  
10740.81685  
10777.27238  
10807.66014  
10769.46499  
10863.60264  
10769.45248  
10751.02821  
10798.18991  
10816.92137  
10824.87047  
10759.46846  
10869.43002  
10869.52508  
10826.74478  
10773.69544  
10921.84293  
10841.41731  
10892.51143  
10797.95323  
10815.20627  
10842.79204  
10810.35663  
10736.86398  
10806.82302  
10788.69115  
10758.3237  
10786.20638  
10800.23744  
10808.78648  
10792.52206  
10870.51927  
10843.51358  
10760.04377  
10781.41855  
10809.77705  
10812.77043  
10753.02296  
10835.82162  
10831.15593  
10848.2144  
10789.04415  
10847.74864  
10834.68889  
10806.50587  
10780.62405  
10756.01295  
10696.39461  
10820.07469  
10771.46386  
10838.75823  
10767.18863  
10871.99257  
10717.63547  
10792.99084  
10782.69321  
10821.17457  
10700.57503  
10799.57488  
10794.75793  
10738.59582  
10811.24478  
10825.52789  
10847.11327  
10798.34203  
10702.1965  
10735.29032  
10771.74845  
10768.21337  
10825.81865  
10709.35068  
10776.61845  
10791.08325  
10727.32343  
10750.49587  
10800.68321  
10793.94551  
10812.34072  
10905.94974  
10821.85509  
10793.36603  
10859.92709  
10837.25988  
10820.23546  
10817.59981  
10862.40735  
10909.33111  
10778.20877  
10758.38451  
10816.24505  
10869.77483  
10816.91419  
10863.71147  
10694.20624  
10949.23304  
10827.88153  
10820.5636  
10766.51753  
10830.73748  
10757.74943  
10808.5954  
10832.18218  
10774.94541  
10757.49372  
10780.38261  
10865.10888  
10879.21728  
10772.89721  
10834.41655  
10889.86091  
10782.60376  
10735.12493  
10819.56831  
10932.57699  
10774.37078  
10865.06466  
10871.93358  
10701.50719  
10867.16436  
10763.59774  
10811.14375  
10818.29158  
10866.19131  
10839.33294  
10804.36607  
10706.39789  
10704.69865  
10777.26279  
10837.24194  
10845.11951  
10750.92185  
10778.98127  
10786.66714  
10789.66772  
10809.60403  
10704.50368  
10759.47248  
10797.72337  
10801.23846  
10903.28026  
10789.13003  
10839.84537  
10746.71846  
10795.64745  
10847.34204  
10830.20306  
10896.44259  
10823.59401  
10730.26869  
10824.48318  
10791.01146  
10841.30809  
10874.51751  
10786.96886  
10773.85872  
10856.46518  
10781.40064  
10756.49827  
10760.85318  
10815.5324  
