11272.17192  
11489.2797  
11308.09099  
11345.33909  
11552.41438  
11368.47468  
11378.64147  
11400.1733  
11373.33466  
11240.54464  
11315.03354  
11463.73581  
11439.98542  
11372.69471  
11332.29148  
11559.42323  
11401.98573  
11284.52652  
11368.80802  
11352.55574  
11492.26582  
11336.09647  
11395.17801  
11508.94955  
11370.34485  
11363.26061  
11376.27784  
11429.06352  
11302.56959  
11351.93072  
11472.73419  
11342.96336  
11337.67398  
11398.11126  
11402.21943  
11260.94132  
11336.68379  
11477.41801  
11292.73936  
11481.02923  
11378.57643  
11518.81034  
11365.80464  
11309.46544  
11265.09359  
11312.06799  
11293.2628  
11404.43271  
11352.27427  
11349.76671  
11311.05646  
11521.28285  
11299.79161  
11318.35481  
11334.43122  
11291.05999  
11345.06528  
11281.74189  
11365.23423  
11298.4641  
11476.08859  
11332.51488  
11435.66422  
11371.95899  
11363.5946  
11372.16732  
11329.3037  
11346.20567  
11504.13375  
11340.91134  
11325.10725  
11363.33526  
11347.79594  
11352.86605  
11459.20609  
11302.73512  
11330.80867  
11525.5692  
11412.54652  
11398.5045  
11567.70601  
11396.93342  
11359.17036  
11382.48585  
11484.43632  
11480.56606  
11379.84959  
11362.24075  
11548.32329  
11337.66224  
11371.66204  
11485.70728  
11353.84856  
11306.74977  
11527.67869  
11444.19866  
11337.00266  
11479.47843  
11338.17927  
11395.25405  
11365.40242  
11318.53648  
11272.1491  
11483.69281  
11312.52756  
11304.74122  
11369.02309  
11391.15291  
11355.69865  
11401.53917  
11358.21106  
11461.05322  
11285.59963  
11411.63486  
11467.44167  
11479.4764  
11484.64915  
11354.50971  
11217.07848  
11347.34144  
11517.39792  
11370.8547  
11293.6835  
11341.52942  
11339.13713  
11297.91779  
11394.73203  
11402.01104  
11370.11288  
11411.75168  
11340.06961  
11435.18653  
11465.82208  
11478.54738  
11305.03965  
11398.53792  
11335.85032  
11374.44605  
11474.64247  
11425.37598  
11406.6324  
11355.60037  
11367.6669  
11418.87336  
11388.0018  
11506.61602  
11394.85922  
11386.68917  
11292.04246  
11282.85853  
11404.44275  
11474.17668  
11323.42902  
11296.80077  
11438.57755  
11306.70465  
11367.40659  
11292.31326  
11461.62326  
11468.59972  
