11581.06817  
11591.86387  
11660.86466  
11592.64915  
11645.30432  
11678.79138  
11591.60863  
11607.40969  
11664.03793  
11672.17426  
11602.96878  
11620.26657  
11705.94607  
11671.52755  
11653.96875  
11645.20308  
11765.44264  
11707.57084  
11643.34819  
11622.81544  
11677.61199  
11645.71595  
11596.87319  
11607.98206  
11664.35781  
11586.81539  
11559.32907  
11666.64787  
11618.18456  
11593.27221  
11618.89092  
11707.36789  
11605.94798  
11591.81955  
11667.91696  
11597.14181  
11509.50379  
11577.11142  
11682.78257  
11693.25201  
11676.53084  
11652.99183  
11698.73304  
11722.31387  
11659.68681  
11551.4743  
11494.2104  
11519.94718  
11645.46837  
11536.21879  
11628.42483  
11608.99426  
11640.20807  
11585.52234  
11662.87271  
11615.2509  
11559.62381  
11495.19034  
11625.19148  
11534.09759  
11544.93255  
11667.23587  
11735.87529  
11752.43391  
11617.19518  
11537.27263  
11588.17141  
11640.28481  
11731.92572  
11653.81585  
11572.37347  
11678.75756  
11598.69177  
11620.65085  
11644.53333  
11704.32859  
11597.46727  
11734.65938  
11753.49808  
11636.96978  
11670.74005  
11712.06049  
11624.48412  
11648.20804  
11706.76445  
11721.7987  
11700.11768  
11643.49321  
11632.2469  
11648.80158  
11647.46163  
11668.85302  
11666.21747  
11533.39779  
11669.95534  
11739.02511  
11670.54287  
11587.32189  
11662.39733  
11652.48537  
11692.41364  
11658.75756  
11581.77667  
11645.7519  
11684.63715  
11759.76562  
11627.30044  
11654.2116  
11700.50041  
11737.4448  
11524.6838  
11532.36809  
11653.08718  
11734.85608  
11592.18595  
11733.14802  
11586.95379  
11508.21842  
11557.11504  
11500.76924  
11710.75358  
11685.79082  
11702.07154  
11586.13738  
11620.8138  
11516.95782  
11576.82896  
11660.98673  
11772.95396  
11705.00352  
11613.64917  
11661.07676  
11662.58275  
11662.83491  
11606.99476  
11540.29947  
11664.02959  
11663.20617  
11640.74429  
11831.34625  
11601.63453  
11707.67635  
11561.46407  
11585.19364  
11608.15569  
11688.39444  
11817.72316  
11565.69718  
11535.03924  
11654.12332  
11644.01653  
11722.10183  
11645.19068  
11594.98521  
11650.94776  
11690.11969  
11562.48701  
11535.49716  
11605.9654  
11685.74196  
