10941.36218  
10981.71913  
11053.8238  
11021.06737  
11019.67768  
11065.67259  
11019.92623  
11018.65728  
11079.06496  
11102.01693  
11022.80802  
10968.25668  
11037.90515  
11034.28901  
11052.11759  
11029.67219  
11141.72853  
11098.69958  
11074.48274  
11031.6586  
11097.79461  
11061.92596  
11015.25807  
10966.07445  
11003.92716  
10985.67472  
10926.20769  
11032.18757  
11053.58693  
11008.30341  
10984.64889  
11071.9673  
10993.60184  
10967.03885  
11020.61612  
11019.80408  
10904.2775  
10938.62388  
11074.07513  
11032.34509  
11091.76264  
11003.43175  
11028.16772  
11104.28066  
11093.89655  
10997.54131  
10913.99154  
10906.4593  
11008.46716  
10959.69519  
11029.43874  
11010.93905  
11067.36101  
11016.8987  
11054.66703  
11089.94198  
10990.53706  
10876.36836  
10971.39458  
10956.73143  
10919.39429  
11041.2386  
11126.63262  
11127.08773  
11040.15062  
10926.59994  
11006.39652  
11048.77836  
11180.82676  
11043.06731  
10963.88625  
11075.72083  
11034.55666  
11016.78505  
11024.78845  
11138.49681  
11003.89818  
11104.09474  
11057.8924  
11013.48014  
11034.79935  
11056.39328  
11045.29635  
11040.1811  
11109.11412  
11076.08493  
11119.4367  
11016.67285  
10990.471  
11051.87282  
11052.45196  
11052.97979  
11003.16548  
10853.81506  
11152.11792  
11099.47789  
11047.53753  
10972.5046  
11096.67536  
11054.03135  
11088.8208  
11088.66448  
10987.19148  
11035.78735  
11137.19376  
11216.1664  
11087.60177  
11018.48036  
11104.02032  
11167.3246  
10956.41181  
10883.21333  
11057.52126  
11093.28233  
10962.8585  
11101.22627  
11052.83514  
10825.68255  
10994.51742  
10872.75677  
11077.64226  
11021.26913  
11145.33069  
11050.00523  
11040.44338  
10903.40573  
10950.4854  
11041.82171  
11143.65433  
11032.35864  
10982.33733  
11029.82385  
11027.81705  
11018.61679  
11045.28716  
10930.89366  
11061.37864  
11093.97168  
11064.06259  
11211.45712  
10993.00061  
11115.90447  
10913.66436  
10994.64872  
11027.58039  
11070.72888  
11153.97388  
10952.50012  
10898.85111  
11065.46113  
11019.74719  
11153.76671  
11059.7504  
11022.92344  
11026.91368  
11098.84528  
10971.56292  
10918.50495  
10976.81196  
11070.11513  
