12179.89636  
12204.11078  
12174.4583  
12147.50532  
12259.43583  
12242.17713  
12128.31606  
12178.92632  
12272.44935  
12155.64947  
12132.28119  
12220.35614  
12275.64537  
12228.17546  
12213.74437  
12264.41796  
12327.97652  
12254.68394  
12179.99879  
12156.33888  
12262.54387  
12142.35622  
12146.26244  
12190.97355  
12194.93565  
12145.29139  
12144.50037  
12253.03841  
12104.97427  
12133.61681  
12239.74938  
12259.968  
12177.00575  
12207.12652  
12260.36721  
12134.28558  
12142.08719  
12216.0647  
12208.37966  
12316.01641  
12189.98391  
12240.51473  
12268.79006  
12274.64038  
12142.83767  
12100.31469  
12100.89381  
12135.56476  
12222.6547  
12133.37678  
12179.26291  
12233.54864  
12155.80027  
12147.48949  
12202.62184  
12106.41212  
12108.87106  
12130.40921  
12201.60329  
12093.25332  
12189.7691  
12233.06363  
12308.12827  
12279.24173  
12169.95961  
12120.50644  
12101.92238  
12189.89816  
12250.10073  
12217.59826  
12157.18746  
12219.76297  
12141.69324  
12193.42332  
12241.1608  
12175.9241  
12137.14288  
12300.36712  
12313.47334  
12219.30243  
12269.97213  
12261.70056  
12147.08867  
12228.75221  
12305.4498  
12308.27959  
12186.93733  
12205.98119  
12230.82516  
12164.31735  
12231.64811  
12260.70726  
12245.17064  
12229.11989  
12260.94262  
12328.41064  
12234.59307  
12181.79784  
12156.25331  
12217.36608  
12250.87647  
12175.08933  
12187.94702  
12221.72344  
12177.5297  
12207.72865  
12149.40765  
12249.18595  
12221.63527  
12205.78417  
12103.1467  
12159.32993  
12183.90911  
12334.79429  
12245.60904  
12339.54652  
12149.03955  
12169.68937  
12084.32387  
12167.19255  
12302.15636  
12291.39688  
12231.54273  
12133.80677  
12150.52096  
12092.78896  
12139.09874  
12213.89994  
12250.06545  
12278.30295  
12161.50421  
12215.85002  
12258.894  
12257.52186  
12106.82427  
12123.18482  
12176.22559  
12166.08176  
12147.07826  
12293.28091  
12194.47118  
12230.47062  
12209.05938  
12186.3901  
12162.24524  
12279.84079  
12323.29743  
12144.68278  
12158.96057  
12161.40033  
12205.02698  
12258.85773  
12186.30358  
12141.06593  
12221.31112  
12212.22322  
12181.05028  
12158.57886  
12233.85929  
12260.66601  
