11439.84879  
11452.14029  
11456.45998  
11458.97377  
11493.75637  
11533.74301  
11430.01117  
11445.14535  
11514.8438  
11467.69198  
11460.41735  
11469.62219  
11553.00693  
11529.98013  
11500.98069  
11498.35222  
11605.38009  
11528.42192  
11518.37334  
11458.27959  
11518.77316  
11474.52463  
11459.75529  
11443.7228  
11481.59999  
11448.1496  
11432.15958  
11499.24973  
11434.48451  
11452.80122  
11496.03534  
11545.94573  
11491.73894  
11463.48677  
11500.35192  
11453.63537  
11458.96608  
11464.22381  
11503.03734  
11552.96311  
11500.46347  
11494.62013  
11538.53266  
11534.66531  
11456.1116  
11422.14033  
11409.77448  
11395.99121  
11501.88442  
11433.50486  
11490.39245  
11480.00252  
11496.06576  
11412.7034  
11478.22813  
11426.16768  
11447.13814  
11395.63331  
11481.11647  
11425.97097  
11444.02728  
11502.40672  
11546.23641  
11543.28683  
11465.10058  
11391.65272  
11399.62535  
11461.12678  
11488.57528  
11502.37818  
11413.16023  
11478.14704  
11447.62977  
11440.01087  
11475.12465  
11469.20308  
11446.88868  
11535.68689  
11590.1626  
11501.16977  
11511.16066  
11541.34475  
11473.98221  
11504.9311  
11540.86022  
11565.26191  
11530.38969  
11472.26481  
11474.15427  
11471.55797  
11531.79656  
11518.75804  
11535.25412  
11440.34482  
11586.86964  
11557.3054  
11507.93904  
11454.50101  
11475.08545  
11467.2853  
11509.70425  
11484.98427  
11461.82119  
11469.27205  
11459.55133  
11517.77127  
11496.67093  
11490.53757  
11508.75898  
11529.54583  
11424.53436  
11427.4468  
11482.78953  
11614.2104  
11489.55604  
11581.82667  
11492.74898  
11415.20686  
11458.83912  
11445.90077  
11535.94155  
11534.38444  
11529.9038  
11468.59105  
11458.74692  
11380.33799  
11401.97647  
11475.62807  
11524.03115  
11541.8059  
11436.62161  
11477.45913  
11502.33298  
11503.20793  
11440.1972  
11394.14034  
11448.17191  
11462.89759  
11455.46614  
11578.97502  
11472.28198  
11515.84375  
11457.57863  
11471.70291  
11486.5311  
11534.88807  
11590.05259  
11465.78994  
11424.77169  
11474.37346  
11478.38012  
11530.39472  
11512.19129  
11445.21049  
11477.48142  
11515.51423  
11461.78588  
11438.06522  
11476.89782  
11518.0279  
