11196.72063  
11205.39432  
11150.16457  
11176.90993  
11248.29972  
11213.87306  
11112.24876  
11144.69899  
11208.22062  
11122.42264  
11140.19739  
11229.605  
11245.3709  
11212.39959  
11213.36625  
11274.42439  
11330.93178  
11258.17902  
11176.68658  
11188.9277  
11275.13832  
11158.44019  
11145.76327  
11194.58998  
11203.76268  
11147.06435  
11182.69151  
11275.08025  
11154.70932  
11172.92817  
11215.07307  
11230.16809  
11179.62953  
11200.12966  
11225.8495  
11173.23961  
11147.65923  
11203.82812  
11171.86572  
11253.29703  
11207.94983  
11234.32516  
11290.07724  
11256.74634  
11184.00488  
11093.38822  
11092.2165  
11152.78516  
11220.4278  
11131.78277  
11159.78814  
11209.74203  
11171.48732  
11170.80915  
11223.48305  
11143.51887  
11095.25375  
11112.74897  
11213.18119  
11097.37556  
11188.76997  
11262.96917  
11179.81841  
11276.02325  
11189.17653  
11101.03584  
11110.02227  
11217.52016  
11226.8177  
11147.49934  
11136.39861  
11214.19805  
11136.7162  
11217.65724  
11237.34515  
11162.79951  
11130.82601  
11285.60153  
11293.06597  
11192.92538  
11263.01847  
11253.83606  
11130.97255  
11250.2119  
11311.49015  
11299.93361  
11219.04993  
11252.16288  
11220.51228  
11171.00834  
11211.85999  
11272.64582  
11209.25905  
11168.96964  
11233.503  
11310.62261  
11213.66633  
11133.63785  
11182.86733  
11208.31358  
11230.93802  
11161.29665  
11156.47306  
11227.3992  
11213.23554  
11251.17552  
11174.93429  
11247.73366  
11236.2296  
11204.11752  
11091.07535  
11176.87066  
11215.86332  
11326.25875  
11247.91833  
11306.22499  
11135.48083  
11089.57157  
11137.75108  
11157.13089  
11269.06016  
11239.94761  
11195.60104  
11139.75204  
11153.90111  
11101.16187  
11130.7018  
11260.46322  
11254.62394  
11182.67552  
11150.42041  
11237.62399  
11240.19482  
11220.68938  
11094.29243  
11155.98532  
11233.98439  
11142.66853  
11152.64385  
11252.00963  
11178.99266  
11220.42444  
11178.8276  
11173.50834  
11160.7413  
11289.49332  
11332.71849  
11111.87399  
11115.58154  
11136.94901  
11255.53816  
11271.20667  
11168.11255  
11124.75971  
11234.8045  
11220.61607  
11197.11469  
11150.6051  
11219.96788  
11269.85366  
