10224.35383  
10272.09524  
10301.42974  
10249.51714  
10231.98132  
10315.25687  
10289.12003  
10213.54356  
10233.44809  
10311.59622  
10259.61424  
10305.34069  
10344.0704  
10277.11452  
10302.0386  
10355.20784  
10321.99749  
10292.46319  
10264.52655  
10273.54126  
10287.72406  
10237.25636  
10287.5014  
10291.24521  
10250.36883  
10280.39368  
10321.39156  
10388.88173  
10394.45316  
10277.24993  
10225.75024  
10347.4106  
10224.10739  
10223.6774  
10306.79673  
10302.67117  
10272.96354  
10279.92141  
10354.07361  
10243.61874  
10219.82927  
10267.08874  
10258.23218  
10247.24407  
10313.14503  
10344.20445  
10252.23653  
10248.28794  
10325.88482  
10223.68315  
10248.04675  
10259.43971  
10390.20884  
10257.57004  
10249.01389  
10275.21908  
10265.6852  
10253.84003  
10331.7891  
10323.20838  
10236.17936  
10267.35071  
10314.94822  
10315.52552  
10268.77049  
10206.49012  
10387.33148  
10260.231  
10238.10414  
10191.27685  
10335.70348  
10318.19874  
10233.92851  
10214.31486  
10290.62187  
10342.03215  
10212.7648  
10257.58402  
10258.47712  
10253.82352  
10201.50225  
10379.525  
10315.52821  
10230.94142  
10362.46306  
10208.09954  
10259.3113  
10280.70793  
10282.8439  
10360.29949  
10226.37003  
10261.60786  
10281.56281  
10273.86391  
10252.2266  
10218.94983  
10278.02136  
10266.49189  
10373.1336  
10347.55725  
10278.71245  
10327.99278  
10307.10589  
10279.2589  
10304.0234  
10224.67978  
10318.10147  
10316.1927  
10240.15183  
10262.28665  
10315.22787  
10293.72391  
10315.39737  
10310.05891  
10253.11927  
10224.3664  
10353.94666  
10259.03836  
10314.87675  
10317.27316  
10277.68822  
10282.15459  
10253.96685  
10311.11319  
10361.2723  
10306.40807  
10232.64578  
10279.41366  
10257.26459  
10206.28772  
10266.87721  
10265.67731  
10223.55832  
10279.48508  
10233.44034  
10278.29525  
10254.74138  
10297.16246  
10318.85858  
10297.07691  
10339.20668  
10235.41097  
10374.77596  
10234.58901  
10261.98439  
10350.48764  
10232.64166  
10277.78272  
10324.89374  
10291.16559  
10241.76013  
10324.36216  
10302.22431  
10239.63932  
10219.67117  
10370.55023  
10254.39564  
10280.08938  
10247.60348  
10293.72907  
