10594.13031  
10531.175  
10428.73545  
10468.82876  
10699.44269  
10635.62652  
10550.79021  
10690.05726  
10520.26329  
10508.03372  
10652.90215  
10498.81724  
10491.67159  
10707.59774  
10543.37789  
10592.90746  
10676.39977  
10562.9738  
10698.30548  
10632.72774  
10509.59874  
10721.20688  
10650.88463  
10543.58027  
10594.20769  
10638.10648  
10511.35506  
10616.09279  
10580.77507  
10511.55276  
10555.44672  
10507.30035  
10718.62058  
10463.32845  
10742.21707  
10578.87514  
10580.82655  
10540.77201  
10510.69419  
10612.74103  
10503.49106  
10674.88011  
10521.67454  
10470.333  
10623.12739  
10500.79729  
10700.02149  
10544.35263  
10606.69083  
10597.07032  
10469.18288  
10617.61043  
10527.15537  
10713.15486  
10501.10746  
10578.39827  
10621.96265  
10504.18137  
10725.96389  
10535.90847  
10619.36804  
10599.87565  
10513.82924  
10675.16859  
10404.3701  
10539.15701  
10574.97247  
10700.97767  
10473.21183  
10621.43266  
10513.64692  
10621.7132  
10471.2309  
10626.84225  
10509.65843  
10431.28548  
10548.8758  
10518.55414  
10692.16487  
10482.92071  
10677.0223  
10642.00069  
10490.61739  
10661.87019  
10574.90238  
10488.33606  
10720.27753  
10531.56617  
10622.66603  
10601.92321  
10596.30175  
10696.40247  
10649.8749  
10458.76201  
10606.0996  
10512.62225  
10573.4092  
10664.74746  
10499.5864  
10661.98608  
10640.52833  
10695.29913  
10511.21683  
10568.64306  
10627.08746  
10571.28  
10614.17697  
10567.38393  
10713.36766  
10535.99654  
10516.71489  
10577.24103  
10540.89039  
10637.9876  
10605.92742  
10540.78493  
10566.99078  
10622.59367  
10464.40007  
10504.95921  
10611.82783  
10454.78141  
10599.66929  
10480.11814  
10805.34442  
10580.38961  
10736.12592  
10639.40448  
10497.03152  
10631.91775  
10491.11831  
10665.22981  
10477.72911  
10505.17163  
10569.38774  
10582.82075  
10679.54758  
10516.05975  
10561.06282  
10757.81814  
10493.76967  
10653.0385  
10614.55384  
10553.72372  
10649.14211  
10559.70218  
10598.10502  
10551.83289  
10603.87223  
10631.38177  
10544.38283  
10596.66449  
10688.51672  
10423.88903  
10529.34993  
10501.15343  
10690.97983  
10484.36825  
10665.39553  
10539.28359  
