10811.62143  
10882.19566  
10771.8892  
10859.49546  
10743.9025  
10891.69192  
10831.9464  
10824.69529  
10874.32701  
10821.70041  
10822.85311  
10841.07525  
10840.44747  
10874.97624  
10816.80382  
10839.8338  
10889.44061  
10825.32532  
10825.45659  
10887.00592  
10796.25932  
10814.6396  
10888.2599  
10800.51898  
10812.16987  
10878.14379  
10809.37007  
10930.70766  
10898.31833  
10773.82844  
10809.6685  
10847.46175  
10817.44689  
10786.2538  
10817.25282  
10868.80068  
10834.10107  
10911.17189  
10794.42414  
10840.18181  
10781.83041  
10829.53959  
10821.5719  
10774.9731  
10930.46809  
10775.64912  
10843.842  
10797.9698  
10855.11123  
10846.08343  
10792.26451  
10840.64888  
10844.86748  
10833.77057  
10798.17044  
10808.58474  
10861.52071  
10855.0759  
10774.21726  
10834.10357  
10791.72192  
10838.62478  
10842.32403  
10859.12524  
10811.59093  
10806.94067  
10901.18922  
10925.26745  
10816.07498  
10785.1497  
10845.86547  
10861.17635  
10814.6833  
10803.73641  
10861.94213  
10842.02024  
10797.64413  
10806.2264  
10814.1527  
10789.73739  
10791.32831  
10861.41063  
10805.3469  
10840.95628  
10872.77023  
10758.03097  
10842.04541  
10830.07514  
10802.35176  
10843.23184  
10779.25453  
10823.31197  
10883.80933  
10819.88791  
10838.49554  
10783.87906  
10817.65651  
10804.28597  
10838.54793  
10897.20978  
10801.27385  
10899.71819  
10837.90935  
10861.76658  
10905.27265  
10863.99321  
10865.19783  
10885.58654  
10816.24966  
10900.77856  
10828.974  
10903.64458  
10956.34126  
10854.84745  
10815.29229  
10837.48452  
10887.75951  
10902.2942  
10824.00457  
10887.51423  
10831.82926  
10825.44185  
10786.50082  
10817.09169  
10849.98171  
10833.21818  
10787.57313  
10875.25183  
10781.79592  
10780.61544  
10790.08284  
10820.99076  
10817.5357  
10806.73515  
10837.77136  
10790.49938  
10814.03998  
10835.58573  
10823.2324  
10906.39188  
10825.7042  
10790.28888  
10917.07911  
10785.43361  
10890.27291  
10829.22275  
10854.20227  
10868.50993  
10863.50604  
10846.70374  
10833.35773  
10892.42806  
10907.92164  
10763.29318  
10811.74019  
10837.32441  
10837.89118  
10797.6036  
10830.10757  
10825.66962  
