10903.61066  
11143.14591  
11015.75336  
10905.71558  
10911.6491  
11200.49869  
11084.25499  
10944.49263  
11124.57401  
11022.73895  
10941.52205  
11096.34415  
11011.88093  
10994.65062  
11037.15385  
11019.51221  
11143.15616  
11010.51838  
10949.2518  
11120.53993  
10993.87396  
10957.35642  
11161.30709  
11060.0567  
10932.77091  
11137.51072  
10986.73959  
11167.88288  
11342.86211  
11068.79492  
11090.15547  
11027.05343  
10988.32124  
10854.85651  
11060.84998  
11186.14186  
10959.41054  
11023.57258  
10972.67346  
11067.40418  
10999.48826  
11043.8022  
11133.94079  
10942.24845  
10981.77592  
10931.68281  
11022.08148  
11001.04922  
10987.42894  
11091.16526  
10957.46019  
11004.97432  
11092.89722  
11016.81228  
11024.83886  
10988.29655  
11022.61755  
10945.09322  
11000.03569  
11049.72338  
11007.14441  
11110.75729  
11032.62833  
11018.65651  
10911.04747  
11055.41268  
11113.35089  
11097.89948  
11000.24164  
10895.13782  
11107.56722  
11021.05468  
10988.50996  
10923.53206  
11164.47277  
11044.95599  
10930.77383  
10920.97766  
11038.01709  
10982.53497  
10921.36786  
11224.95875  
11020.13421  
10988.24362  
11138.33592  
10969.16155  
11046.63069  
10989.01704  
10960.53479  
11071.18747  
10994.07921  
11023.11839  
11160.42133  
10972.61863  
10911.56292  
11083.75334  
10993.40572  
10956.08777  
11304.95053  
11207.64515  
11025.89119  
11108.98773  
11014.62993  
11059.11794  
11016.00716  
11238.36641  
11080.90543  
11083.47677  
11006.89835  
11167.32711  
10988.27881  
11064.62355  
10950.61377  
11086.63196  
10992.75979  
11080.5991  
11062.03707  
11045.90006  
10955.33784  
11001.45628  
11035.43838  
11040.65773  
10955.9075  
10845.00686  
11067.99173  
11094.98864  
10978.59785  
11089.37842  
10973.96179  
10976.91116  
11094.25199  
10961.40261  
11098.26366  
10968.49335  
11035.96617  
11053.86865  
10961.24114  
11034.42586  
10971.28156  
11059.98254  
11015.99905  
10933.46004  
11133.33638  
10983.99172  
11118.76366  
11017.10711  
11035.13333  
10981.22216  
11141.3194  
11037.17359  
11126.03545  
11092.68045  
11029.14946  
10934.48733  
11077.32464  
11083.0514  
10976.64824  
10961.21692  
10965.94853  
11136.71972  
