10710.54955  
10657.47289  
10617.57605  
10592.29267  
10594.79126  
10595.73428  
10688.08211  
10650.81853  
10593.1513  
10558.28421  
10600.01144  
10604.78812  
10676.98855  
10748.54912  
10610.76682  
10598.07403  
10672.98543  
10690.0925  
10679.92231  
10593.6418  
10733.06671  
10649.31048  
10627.64019  
10552.68497  
10597.61708  
10626.28816  
10618.19404  
10677.7666  
10622.73708  
10660.801  
10669.76596  
10639.41032  
10674.71412  
10655.69912  
10710.7718  
10663.62216  
10720.28164  
10618.24534  
10630.64269  
10662.32395  
10584.12507  
10546.26777  
10577.20556  
10639.21452  
10627.17099  
10556.1963  
10533.27044  
10607.0866  
10634.23832  
10673.92321  
10714.83166  
10667.78138  
10595.11555  
10562.53695  
10560.78845  
10751.34808  
10706.62037  
10615.40414  
10618.00653  
10654.1155  
10704.43407  
10757.12812  
10669.40951  
10698.72678  
10553.56704  
10523.30649  
10612.03358  
10607.96132  
10593.56105  
10549.31554  
10556.12183  
10538.91504  
10664.19124  
10676.6929  
10582.12153  
10559.06918  
10591.66467  
10699.83892  
10704.99762  
10597.23009  
10571.31936  
10621.7019  
10723.0917  
10695.24798  
10621.73258  
10537.91101  
10557.48522  
10737.33148  
10712.49434  
10710.13967  
10749.03097  
10553.13301  
10568.79413  
10639.84085  
10703.10611  
10612.88  
10578.63404  
10589.538  
10640.74058  
10707.17274  
10611.8981  
10565.60747  
10590.32779  
10621.6328  
10716.61449  
10717.71858  
10552.8504  
10598.39701  
10671.59368  
10698.52789  
10791.44784  
10637.37843  
10737.56579  
10634.00226  
10695.09442  
10779.25986  
10536.55249  
10585.17436  
10646.36198  
10674.50503  
10605.70634  
10582.50131  
10693.04876  
10561.96324  
10610.36302  
10583.30338  
10654.61697  
10643.50769  
10575.35182  
10554.64152  
10584.09942  
10725.86546  
10661.33899  
10613.97875  
10587.85689  
10627.79732  
10735.82534  
10650.44268  
10615.59038  
10549.44579  
10568.7856  
10708.89906  
10717.66427  
10646.48514  
10580.37359  
10564.1916  
10582.87323  
10701.59555  
10685.39215  
10677.06563  
10671.72305  
10583.3573  
10565.97964  
10549.56858  
10548.67304  
10710.63923  
10752.5208  
10680.9263  
10691.41881  
10615.56653  
