10158.88157  
10131.67287  
10117.57818  
10119.84031  
10126.7779  
10132.47342  
10196.18206  
10122.25925  
10062.00115  
10048.01577  
10145.74841  
10122.33612  
10172.47987  
10233.3001  
10108.15393  
10102.93595  
10183.6742  
10180.74123  
10141.53427  
10170.09867  
10216.00105  
10134.28275  
10098.28654  
10054.97907  
10131.45523  
10173.11745  
10122.42876  
10168.89194  
10107.3842  
10156.52386  
10201.49196  
10145.80049  
10167.83474  
10101.18397  
10143.95156  
10201.10742  
10125.22161  
10159.34592  
10164.57349  
10161.85446  
10076.95916  
10043.81386  
10142.61793  
10133.46399  
10094.22095  
10049.42103  
10062.58519  
10121.52164  
10144.6553  
10182.01587  
10206.31271  
10157.03478  
10084.15568  
10088.07469  
10074.51311  
10250.37995  
10180.37438  
10115.39515  
10150.33189  
10158.31126  
10198.4287  
10219.99928  
10195.47945  
10192.56767  
10029.29987  
10020.22211  
10083.30591  
10066.3971  
10088.37306  
10057.34786  
10059.32784  
10045.02345  
10158.37399  
10167.52164  
10073.08097  
10080.44949  
10152.04801  
10209.96483  
10173.35548  
10063.6847  
10126.51995  
10148.26281  
10207.20475  
10169.85219  
10104.48374  
10093.36396  
10105.70358  
10195.11929  
10198.83286  
10182.38177  
10231.88029  
10059.46645  
10068.58653  
10155.65435  
10182.3744  
10078.66085  
10079.52973  
10167.39419  
10150.13383  
10192.75531  
10101.77463  
10087.15759  
10115.53829  
10164.39997  
10195.15756  
10186.87051  
10062.33065  
10126.75725  
10127.9092  
10170.23022  
10279.61214  
10207.55749  
10213.50782  
10101.68886  
10175.7063  
10253.62753  
10053.23129  
10141.28178  
10151.40688  
10128.78098  
10139.24851  
10147.36438  
10166.53008  
10044.07025  
10121.23578  
10135.38961  
10141.62796  
10118.51743  
10083.01889  
10072.94141  
10144.98279  
10190.29974  
10132.11483  
10091.76118  
10076.43339  
10162.16114  
10186.16154  
10118.76116  
10149.68076  
10089.37973  
10101.99262  
10189.2352  
10189.88226  
10132.18154  
10084.36749  
10095.48517  
10126.73852  
10188.41187  
10183.02592  
10162.27191  
10130.52908  
10068.14693  
10043.41069  
10113.81978  
10092.76159  
10183.95077  
10257.76937  
10263.62211  
10151.92325  
10044.20099  
