10277.86379  
10269.27497  
10270.29041  
10265.95781  
10310.72365  
10262.18645  
10293.36758  
10243.58917  
10228.41679  
10222.18118  
10327.26911  
10292.75548  
10290.25293  
10331.98287  
10252.8912  
10252.31922  
10273.74328  
10273.80017  
10246.28931  
10334.48586  
10278.84699  
10233.54536  
10227.15307  
10238.55494  
10299.84393  
10332.27356  
10215.10134  
10246.94462  
10224.80277  
10261.23878  
10337.51324  
10252.77193  
10258.77946  
10209.50927  
10277.60218  
10350.08194  
10241.99776  
10308.5762  
10283.14432  
10278.77057  
10227.41386  
10235.59385  
10335.74211  
10240.30926  
10232.66718  
10238.53375  
10241.43213  
10242.86046  
10273.62186  
10309.46943  
10290.45534  
10278.18059  
10216.12849  
10283.70227  
10252.57024  
10334.80225  
10308.1826  
10258.12238  
10287.78781  
10249.21731  
10303.43588  
10357.25308  
10351.28468  
10295.15096  
10192.36007  
10225.34259  
10232.25327  
10238.57415  
10251.63639  
10225.5011  
10244.09602  
10217.85382  
10276.96405  
10283.66416  
10256.65066  
10258.64171  
10330.54314  
10303.48961  
10274.02663  
10210.81824  
10314.6619  
10295.88103  
10295.10073  
10271.70216  
10248.04752  
10277.67401  
10278.6918  
10285.85964  
10286.15054  
10282.86487  
10306.71588  
10232.62678  
10235.60009  
10281.39693  
10271.97486  
10219.03025  
10264.17923  
10337.4111  
10263.06183  
10291.91097  
10255.93275  
10237.65613  
10286.23715  
10315.65972  
10277.25761  
10272.05986  
10238.67372  
10267.15429  
10199.47711  
10258.39065  
10347.45591  
10350.94348  
10324.95452  
10253.82269  
10262.46509  
10330.70231  
10231.6314  
10281.32704  
10254.68078  
10263.77418  
10323.99638  
10303.72928  
10248.22076  
10207.03599  
10298.64428  
10300.35875  
10241.07422  
10268.67371  
10278.14462  
10268.34432  
10318.55644  
10283.7121  
10260.45249  
10235.05324  
10247.54124  
10315.02898  
10284.67767  
10278.33406  
10310.17784  
10262.08889  
10231.55282  
10264.57239  
10280.38773  
10255.40436  
10222.48636  
10262.69041  
10285.04859  
10272.1244  
10289.99912  
10256.59714  
10239.16699  
10213.25509  
10216.05626  
10299.52684  
10271.12141  
10288.95945  
10380.6081  
10382.8734  
10253.83087  
10192.31803  
