11086.20158  
11034.43624  
11030.83773  
11046.09466  
11008.44039  
11046.32881  
11102.3875  
11025.77841  
10944.41064  
10959.77787  
11056.394  
11005.49133  
11083.09906  
11133.83183  
10992.76778  
11047.95913  
11081.35412  
11066.10629  
11069.00659  
11034.92067  
11119.28448  
11036.66256  
10972.12502  
10926.85186  
11033.06841  
11073.7867  
11034.57862  
11057.24286  
10948.08682  
11085.32369  
11107.59658  
11060.6963  
11085.85824  
10983.04047  
11027.36391  
11052.90675  
11122.29689  
11057.85131  
11066.82368  
11063.19993  
10995.79665  
10938.90639  
11051.46563  
11062.75046  
11025.12297  
10917.23812  
10926.60509  
11030.23873  
11100.98641  
11112.81859  
11114.31989  
11078.87214  
11022.85948  
11013.27227  
11023.61708  
11181.72835  
11084.68524  
11016.29688  
11062.20548  
11092.34662  
11136.85864  
11159.9021  
11127.98229  
11102.38971  
10906.98356  
10901.19117  
10983.67097  
10989.12504  
10978.4981  
10970.8059  
10941.27606  
10968.20462  
11089.8633  
11035.89018  
10954.67916  
10982.52886  
11034.31851  
11097.84942  
11050.40344  
10982.24932  
11057.78261  
11045.11399  
11119.63822  
11088.23612  
11011.73448  
10970.91461  
11029.40058  
11150.8104  
11059.60654  
11096.14855  
11129.12148  
10953.50959  
10978.41948  
11096.10995  
11063.93424  
10971.6653  
11004.11952  
11044.3702  
11052.07322  
11083.25607  
11036.94296  
10968.69461  
11011.14183  
11070.86701  
11119.12791  
11044.04909  
10918.54449  
11037.53695  
11066.25852  
11079.64512  
11183.23831  
11128.9984  
11139.47621  
10986.54384  
11044.5796  
11126.44808  
10927.21166  
11075.55831  
11027.27503  
10989.58838  
11043.76869  
11033.37937  
11060.05132  
10949.60272  
11053.43806  
11026.10272  
11072.16237  
11043.4651  
10959.63121  
10951.14056  
11051.36372  
11099.54336  
11018.22704  
10981.61778  
10965.81315  
11067.00365  
11107.80295  
11029.61204  
11035.64612  
10979.96871  
11018.11883  
11113.83469  
11103.01134  
11029.14576  
10994.57906  
11017.81369  
11011.38476  
11072.49363  
11086.47848  
11071.39601  
10998.80566  
10913.18242  
10933.91054  
10986.08695  
10970.21771  
11139.26115  
11194.06006  
11193.48133  
11085.58243  
10947.77031  
