11031.20865  
10957.23605  
10927.68756  
10971.0448  
10945.77322  
10961.01383  
11090.61477  
11020.6073  
10903.61299  
10885.82004  
10988.39389  
10900.68525  
11021.69842  
11137.55539  
10926.28428  
10952.28482  
10965.51934  
11068.24836  
10983.68453  
10993.8923  
11090.46348  
11028.83344  
10937.7874  
10895.52264  
10943.57436  
10984.67182  
10920.34617  
10954.41771  
10897.0198  
10952.04725  
11001.53922  
10980.26801  
11062.14904  
10938.7792  
10974.46143  
10980.35336  
10966.79773  
10924.0017  
10974.59078  
11084.39791  
10948.0076  
10859.92139  
10998.86674  
10931.42377  
11007.17773  
10846.94535  
10874.43523  
10915.16109  
11010.1268  
10997.50371  
11017.04852  
11065.3459  
10922.35873  
10944.89809  
10937.75695  
11164.74703  
11050.37951  
10939.11516  
10948.76053  
10981.15648  
11159.396  
11112.12875  
11076.97219  
11018.5809  
10857.73295  
10843.33127  
10860.2757  
10961.6876  
10947.78506  
10918.55947  
10844.93189  
10875.99984  
11002.40861  
11016.56121  
10895.90182  
10932.42186  
10959.43816  
11007.23924  
11038.19473  
10926.15936  
11021.12898  
10954.61982  
11023.50578  
11087.76246  
10936.51459  
10877.86205  
10960.54262  
11061.20248  
11042.88621  
11076.36211  
11087.78881  
10907.1584  
10904.57418  
10974.74084  
10989.05305  
10943.45621  
10925.54891  
10971.60355  
10955.15418  
11068.97094  
10978.56578  
10887.60213  
10944.80559  
11023.99459  
11016.39881  
10999.64068  
10863.14129  
10949.96311  
10930.27826  
11022.29357  
11157.07373  
11041.4067  
11101.02332  
10936.85887  
11026.82748  
11062.72102  
10858.27742  
10982.79314  
10979.44377  
10959.44807  
11010.58924  
10997.4615  
11047.3307  
10905.31238  
10977.04109  
10950.02199  
10962.87449  
11028.10951  
10871.38977  
10862.84125  
10988.11002  
10969.76383  
11012.08293  
10927.67943  
10894.63895  
10987.43537  
11029.99654  
10968.39199  
10968.87873  
10910.76799  
10900.7599  
11029.3848  
11033.21162  
10982.07648  
10913.54697  
10947.55174  
10983.22279  
10963.69414  
11049.1684  
11067.32586  
10928.75018  
10853.1642  
10836.59352  
10907.14285  
10896.03506  
11094.54641  
11158.52754  
11107.45146  
11087.56621  
10876.3216  
