10668.44236  
10688.87946  
10752.19339  
10732.36609  
10733.61579  
10707.46329  
10652.41005  
10632.36397  
10658.11681  
10752.83153  
10749.3524  
10670.91017  
10661.97044  
10670.23277  
10688.58469  
10758.05133  
10716.33555  
10671.98826  
10813.32733  
10748.47556  
10665.07044  
10672.06009  
10700.11678  
10682.46371  
10695.95725  
10695.34856  
10682.38441  
10688.39279  
10674.07239  
10663.11587  
10692.13853  
10702.58343  
10675.9762  
10639.94641  
10695.44015  
10674.24327  
10764.14201  
10723.40878  
10685.50232  
10657.98873  
10650.32613  
10744.13031  
10721.48215  
10692.29925  
10672.13398  
10705.54016  
10741.08394  
10755.79384  
10789.77781  
10719.76419  
10702.15247  
10680.43248  
10702.82811  
10715.41542  
10740.10655  
10665.23516  
10750.58297  
10776.60711  
10691.31947  
10650.83298  
10709.32953  
10680.79597  
10768.94183  
10735.74314  
10739.20255  
10681.53034  
10636.19136  
10625.00815  
10651.28579  
10651.11012  
10683.50597  
10744.40464  
10694.74987  
10680.45814  
10661.02764  
10750.50848  
10718.60122  
10674.10302  
10648.85291  
10658.93618  
10723.91522  
10691.56607  
10680.64205  
10671.7441  
10688.30799  
10735.12677  
10736.06332  
10700.13427  
10705.13124  
10679.02991  
10697.03705  
10685.05953  
10740.27504  
10689.50285  
10637.43484  
10661.62631  
10720.71771  
10727.98234  
10682.01026  
10655.12131  
10666.80028  
10671.5201  
10684.95994  
10742.65436  
10697.28368  
10719.92394  
10747.1845  
10751.15491  
10664.21714  
10639.57327  
10684.11212  
10743.18042  
10732.19561  
10783.75433  
10725.67678  
10731.08457  
10739.20412  
10646.94775  
10722.26767  
10670.87089  
10739.93332  
10757.99617  
10675.91773  
10685.14385  
10745.10986  
10728.95372  
10654.96702  
10641.87902  
10677.04197  
10677.58885  
10733.63569  
10679.04611  
10669.68436  
10702.89364  
10760.56813  
10774.22261  
10652.84672  
10644.15986  
10669.18431  
10699.80177  
10724.76324  
10698.54342  
10659.90845  
10668.16205  
10722.08487  
10745.7955  
10752.13917  
10702.28109  
10690.91809  
10638.87577  
10655.97391  
10684.03136  
10732.35944  
10712.94739  
10677.06121  
10671.21236  
10740.35553  
10757.9353  
10696.6903  
10678.56131  
