10341.24967  
10278.42615  
10204.34911  
10121.01252  
10146.25621  
10119.57888  
10261.07695  
10226.94141  
10175.33346  
10056.13945  
10109.99625  
10103.87339  
10291.0505  
10373.55007  
10161.67055  
10165.43355  
10203.04069  
10294.13479  
10254.59351  
10138.36543  
10354.03377  
10257.11239  
10121.23626  
10081.28275  
10131.61003  
10179.05673  
10188.19798  
10172.6678  
10191.53095  
10188.91608  
10236.25441  
10188.57598  
10311.69004  
10204.20543  
10179.97932  
10244.44837  
10409.12947  
10144.50519  
10239.41356  
10267.09342  
10189.31063  
10138.17029  
10125.06717  
10117.24638  
10182.14787  
10122.26222  
10069.41947  
10151.79878  
10171.38544  
10228.12101  
10269.82407  
10243.50343  
10149.26766  
10105.49868  
10140.75178  
10291.413  
10279.7875  
10189.60464  
10163.06534  
10200.36048  
10301.49648  
10341.95184  
10269.72687  
10245.50024  
10065.49325  
10028.55039  
10082.29481  
10190.90319  
10176.45525  
10180.21795  
10113.10794  
10118.54221  
10273.3235  
10328.65523  
10232.57595  
10148.42554  
10163.68822  
10309.00681  
10309.0531  
10143.36076  
10127.75321  
10162.61352  
10287.5605  
10308.56061  
10181.77122  
10116.46582  
10136.04342  
10287.91643  
10304.80375  
10269.80267  
10322.47055  
10133.91057  
10145.78644  
10160.9166  
10274.13607  
10181.65673  
10159.82812  
10120.20143  
10180.43843  
10320.69258  
10173.99329  
10125.89605  
10144.26248  
10201.59269  
10274.01291  
10293.01287  
10092.53845  
10132.60983  
10175.61806  
10242.04603  
10386.59865  
10194.05527  
10348.17144  
10138.67352  
10194.61389  
10317.31775  
10063.40508  
10131.12637  
10281.13073  
10278.00432  
10226.86463  
10155.03307  
10273.65069  
10116.3561  
10163.55471  
10102.25256  
10169.69653  
10275.97917  
10143.06345  
10074.16914  
10148.54553  
10274.411  
10245.12791  
10228.25165  
10175.76999  
10174.38086  
10314.61447  
10216.3577  
10196.41753  
10070.07667  
10108.14551  
10266.89683  
10296.07799  
10225.30369  
10130.56387  
10154.09705  
10136.81369  
10241.66393  
10285.3046  
10264.02589  
10227.99332  
10138.64486  
10087.20942  
10105.15356  
10096.50558  
10275.44167  
10353.90838  
10212.10814  
10291.80612  
10172.2171  
