11087.60839  
11063.57341  
11001.25088  
10987.86781  
10966.80884  
10923.29539  
10949.2264  
11054.96807  
10993.25417  
10992.46341  
10978.63848  
10910.54949  
10974.24502  
11090.57749  
10982.9411  
11021.62616  
10963.54525  
11055.83415  
11038.42879  
10987.98969  
11013.63003  
11048.82867  
10960.92927  
10935.20515  
10936.65824  
10976.68418  
10911.76705  
10919.69877  
10903.72432  
10927.73728  
10995.52937  
10925.86481  
10980.14971  
11073.71573  
11014.74221  
10983.82188  
11084.50235  
10953.8361  
10943.72183  
11025.29542  
10991.45675  
10952.56385  
10968.16202  
10898.01639  
11052.4429  
10933.76393  
10940.58157  
10939.41565  
10977.04183  
11045.91355  
10991.09237  
11077.94929  
11011.72492  
11012.9113  
10957.08987  
11048.13021  
11055.15203  
11017.39732  
10904.84561  
10881.90887  
11049.40128  
11192.93582  
11061.55916  
11019.7954  
10912.35545  
10796.24452  
10844.17896  
11033.58953  
11024.47912  
10948.35786  
10962.80775  
10955.08094  
10965.48046  
11059.09308  
11035.90011  
11082.94505  
10992.25146  
10972.27827  
11058.09638  
10998.37874  
10982.27632  
10957.78843  
10958.74818  
11084.36637  
11028.86478  
10966.01319  
10948.1989  
10997.72429  
11069.57079  
11063.34784  
11112.19435  
11013.66499  
10983.19302  
10928.1825  
10974.69737  
11035.53738  
11002.12929  
10997.54226  
10913.59692  
11021.99361  
11001.18126  
10975.6636  
10945.64231  
11007.25614  
10991.37244  
11097.16517  
10962.83707  
10937.98051  
10966.28178  
11001.46406  
11093.02848  
11003.38485  
11121.18308  
10863.22509  
10952.88784  
11105.53212  
10925.11136  
10968.91058  
10963.71449  
11073.88139  
11056.71902  
10996.33696  
10964.91975  
10957.74033  
10967.41184  
10947.41496  
10888.64219  
11039.91414  
10966.92004  
10897.70746  
10954.94367  
10987.11467  
11055.17656  
11018.45628  
11014.50779  
10972.44804  
10995.85237  
11031.83805  
10953.37682  
10926.58602  
10900.48117  
10945.63511  
11025.04591  
11057.15475  
10972.40076  
10986.32529  
10999.80848  
11032.94246  
10980.5768  
11061.73269  
11043.94924  
10956.0261  
10950.16446  
10905.45484  
10927.24484  
10982.58854  
11066.91615  
11034.21326  
11068.15242  
11009.21493  
