9660.589822  
9629.281095  
9621.420732  
9592.590343  
9671.784635  
9578.171542  
9574.323497  
9598.76315  
9587.341708  
9566.338135  
9605.873358  
9643.142589  
9668.725275  
9747.423895  
9601.232466  
9604.462746  
9577.766457  
9657.301181  
9606.515048  
9641.244851  
9633.42172  
9624.56503  
9515.291415  
9494.169334  
9639.078769  
9635.901589  
9523.654208  
9538.192893  
9537.110818  
9630.414806  
9728.665927  
9619.046376  
9601.949518  
9576.812755  
9665.050803  
9740.644609  
9549.787331  
9694.737527  
9649.294434  
9614.66626  
9533.106645  
9560.413541  
9611.769953  
9561.554654  
9578.95196  
9549.613048  
9559.821622  
9546.67658  
9599.586048  
9643.898837  
9604.870772  
9614.169678  
9530.806119  
9591.825029  
9557.527466  
9741.316273  
9712.79794  
9612.288263  
9623.9376  
9600.95601  
9687.883279  
9709.912908  
9729.469449  
9600.620816  
9451.443271  
9435.268177  
9495.302002  
9563.166082  
9601.98503  
9583.669367  
9611.441495  
9564.592862  
9594.762229  
9703.378252  
9656.96187  
9625.219727  
9662.157326  
9675.232921  
9654.408225  
9564.260554  
9633.112305  
9596.088856  
9632.565718  
9645.561701  
9603.087602  
9587.333163  
9590.673995  
9662.559726  
9704.178123  
9658.863348  
9677.45368  
9586.73685  
9583.946877  
9602.01193  
9579.404108  
9571.829668  
9589.066007  
9626.670344  
9551.880316  
9648.846469  
9606.401056  
9559.286932  
9654.955578  
9653.966752  
9627.223921  
9616.646362  
9575.467418  
9579.759954  
9527.271052  
9624.992265  
9720.577393  
9668.931785  
9741.94428  
9621.73756  
9595.337547  
9669.267234  
9549.415516  
9584.27093  
9579.274703  
9711.392179  
9694.107866  
9634.049505  
9585.225508  
9539.583607  
9607.330045  
9608.88056  
9544.854525  
9618.187911  
9613.635165  
9581.137163  
9618.273038  
9579.823919  
9631.460926  
9623.88289  
9584.930553  
9594.381026  
9612.769032  
9620.575728  
9679.910278  
9594.998324  
9553.009366  
9617.495461  
9618.213834  
9583.125843  
9565.650746  
9623.308161  
9620.278675  
9604.164728  
9611.422785  
9589.499523  
9576.140348  
9567.724221  
9577.551669  
9587.1871  
9609.070435  
9688.929565  
9773.694946  
9721.442494  
9632.229448  
9518.669511  
