10846.02895  
10810.4216  
10862.06157  
10795.54859  
10808.59868  
10872.43087  
10851.43301  
10749.12592  
10812.9366  
10827.89162  
10780.42702  
10780.98105  
10782.33441  
10829.68751  
10851.76862  
10789.82493  
10932.36283  
10814.88023  
10790.03847  
10799.80166  
10840.13593  
10777.85028  
10878.35399  
10931.65713  
10826.98399  
10937.78738  
10830.27629  
10878.11225  
10905.2402  
10835.8555  
10860.91606  
10811.64419  
10797.43101  
10787.98008  
10825.92471  
10818.61565  
10822.07279  
10832.46141  
10823.75661  
10809.40114  
10861.55069  
10846.20813  
10813.95188  
10868.03658  
10760.26242  
10883.79581  
10972.512  
11035.77184  
11033.98935  
10775.59349  
10657.54346  
10755.85679  
10708.22158  
10695.30088  
10713.21177  
10751.74054  
10802.82428  
10816.41363  
10759.05001  
10766.62068  
10796.44688  
10779.2091  
10787.5026  
10749.5425  
10851.58858  
10746.33102  
10772.99029  
10741.56281  
10746.14621  
10849.75034  
10883.71258  
10788.88807  
10761.80546  
10876.90024  
10908.58475  
10837.04747  
10823.1809  
10879.55553  
11009.86183  
10849.19618  
10788.20993  
10801.8052  
10851.70546  
10858.38993  
10839.40616  
10787.57341  
10781.92164  
10787.57608  
10820.67092  
10808.16237  
10889.48208  
10914.07767  
10750.82879  
10796.97512  
10813.99989  
10811.29435  
10735.37274  
10828.16064  
10767.54192  
11077.4522  
10890.41747  
10924.7112  
10971.5107  
11113.65776  
10975.77515  
10880.73809  
10812.99296  
10650.47077  
10732.68412  
10673.28975  
10881.49231  
10854.1035  
10847.53243  
10715.35987  
10754.96106  
10779.02717  
10896.9065  
10788.92376  
10792.07134  
10910.17029  
10845.47223  
10791.83857  
10764.02858  
10856.36738  
10761.26046  
10900.70845  
10870.5749  
10816.79323  
10762.20414  
10822.0076  
10803.88789  
10814.10459  
10828.31036  
10796.13687  
10900.67755  
10820.62624  
10809.45891  
10773.81284  
10812.32249  
10827.13299  
10836.31257  
10785.06715  
10749.18743  
10819.76851  
10952.87851  
10917.85291  
10831.37819  
10956.10496  
11012.40882  
10880.57499  
10763.80769  
10719.59351  
10695.34457  
10820.28153  
10794.57546  
10966.47402  
10806.60774  
10797.66887  
10813.98655  
10763.08844  
