11845.5988  
11735.62574  
11807.81436  
11802.17007  
11786.60468  
11730.68151  
11700.27503  
11711.09814  
11706.5878  
11658.34924  
11718.60025  
11685.45669  
11711.80883  
11627.97822  
11699.19305  
11848.12799  
11806.43353  
11736.37871  
11808.91633  
11782.3176  
11698.05274  
11641.3278  
11783.39881  
11792.60668  
11933.53992  
11842.07139  
11847.21988  
11782.7415  
11732.89932  
11741.01047  
11715.5901  
11667.72442  
11674.10707  
11648.53989  
11660.76818  
11673.60126  
11638.2547  
11738.84085  
11762.34611  
11776.41159  
11911.42578  
11740.54679  
11796.11932  
11703.07747  
11626.22355  
11816.00397  
12194.95297  
12118.82803  
11797.93968  
11630.60148  
11623.1923  
11533.10548  
11530.27356  
11653.92209  
11596.42134  
11641.33962  
11714.91125  
11745.38547  
11811.09138  
11826.35648  
11733.21755  
11655.96818  
11640.94857  
11732.37589  
11700.4874  
11810.24969  
11850.05691  
11841.53901  
11809.77716  
11776.26691  
11641.6861  
11718.72365  
11800.21961  
11764.39821  
11762.96095  
11781.6018  
11712.13261  
11824.17987  
12138.76791  
11883.79885  
11741.1599  
11705.0735  
11689.28729  
11734.27561  
11551.37316  
11539.29084  
11588.87442  
11690.25267  
11862.19646  
11911.25682  
11669.43639  
11645.7403  
11670.68118  
11711.39955  
11641.74862  
11558.20277  
11780.25616  
11793.15277  
11697.08082  
12039.68543  
11988.02675  
11881.32631  
12039.74865  
11912.13961  
11973.45095  
11632.28936  
11473.38172  
11453.29805  
11586.87614  
11624.51352  
11810.33295  
11677.64991  
11566.42691  
11671.42605  
11668.35235  
11602.16991  
11843.70645  
11716.29465  
11799.451  
11781.69689  
11693.06872  
11757.03114  
11808.23423  
11789.66082  
11723.1337  
11692.96201  
11731.79083  
11763.42885  
11924.08252  
11849.51118  
11686.53351  
11888.23827  
11757.32981  
11693.24445  
11881.10531  
11783.32855  
11919.68999  
11813.90186  
11783.51268  
11456.99527  
11678.16716  
11617.25311  
11613.14178  
11646.67363  
12026.12059  
11824.5453  
11808.51831  
12176.57843  
12089.11212  
11895.67084  
11647.62489  
11542.07101  
11528.00965  
11655.79335  
11647.92336  
11711.28857  
11662.72882  
11616.92322  
11720.09702  
11837.55854  
