11086.54804  
11037.9219  
11051.26431  
10983.48576  
10991.25395  
10994.89399  
10967.06625  
10914.16608  
10991.80673  
10916.8559  
10994.92534  
10967.36486  
10983.52415  
10961.75298  
10913.98876  
11050.9633  
10994.36255  
10934.13923  
11066.92579  
11048.76132  
10946.11517  
10932.42095  
11057.22584  
10966.65152  
11111.53481  
11007.02892  
10970.15572  
11022.24479  
11082.29968  
11041.43385  
10959.61302  
10978.70784  
11051.20555  
10972.22952  
10914.43472  
11062.74263  
10942.41725  
10956.92507  
10914.91635  
11017.45553  
11062.54392  
11018.27305  
10968.47416  
11019.34346  
10985.9839  
11235.75921  
11114.95414  
11211.21896  
11081.69049  
10935.11331  
10809.19379  
10903.62085  
10876.32924  
10825.72199  
10894.48604  
10912.531  
10995.9806  
10929.01095  
10822.7638  
10953.30272  
11060.1234  
10940.33222  
11005.92354  
11017.45732  
10938.52642  
10924.89837  
11021.39645  
10836.20686  
11025.40319  
10990.33438  
10991.81737  
10921.85599  
11000.54373  
11000.75065  
10940.6192  
11070.06982  
11050.17545  
11059.3849  
10989.76021  
11083.85174  
11072.83212  
11011.37224  
11014.81929  
11064.702  
10907.18006  
10937.61192  
10972.78167  
11049.72605  
11042.10867  
11039.85678  
11006.36205  
11141.76334  
11023.21454  
11073.18932  
10870.43897  
10883.3548  
10957.47072  
11017.76565  
10899.15794  
11120.78961  
11055.46419  
10930.94277  
11057.72832  
11170.64662  
11165.28633  
10966.11072  
10928.44472  
10857.44967  
10878.39685  
10978.18756  
11085.65633  
10835.49865  
10836.97238  
10898.13326  
11020.9146  
10961.67024  
10962.20761  
10933.74428  
10973.8892  
11003.8393  
10969.9898  
10989.31081  
10968.1771  
10912.31436  
11012.97326  
10996.25386  
11114.71122  
11021.5294  
11054.92318  
10983.03706  
10966.08676  
11162.02333  
11160.18868  
10998.66837  
11287.40535  
10953.06196  
10955.23478  
11035.94153  
11056.83888  
10812.8038  
10932.19574  
10971.66891  
10946.27548  
11000.84938  
10898.27099  
11101.52026  
10998.84928  
11223.4418  
11201.59642  
11040.01263  
10897.87427  
10975.65505  
10864.16524  
10929.27609  
10949.11586  
11020.11659  
10930.56262  
10930.9068  
11121.6437  
10872.44874  
