10869.19491  
10752.47309  
10684.23053  
10526.56621  
10618.8181  
10742.9246  
10522.7939  
10484.44259  
10718.91915  
10575.81684  
10501.29332  
10654.10486  
10732.70072  
10750.60108  
10527.48652  
10607.84313  
10737.08211  
10540.88893  
10655.97005  
10761.80767  
10635.11925  
10476.01396  
10785.42969  
10574.22214  
10752.07172  
10790.49485  
10682.35651  
10683.71076  
10834.09726  
10683.11844  
10652.60396  
10710.28532  
10751.56946  
10682.23647  
10679.14259  
10790.39922  
10539.51255  
10457.52446  
10463.91602  
10689.78396  
10851.89541  
10744.3737  
10525.1738  
10545.87495  
10537.02195  
10901.9164  
10791.81173  
11025.88723  
10882.2377  
10676.10108  
10398.84734  
10466.49023  
10395.70796  
10327.21731  
10471.51777  
10695.22642  
10782.01711  
10544.07219  
10373.50128  
10566.38028  
10819.06381  
10688.46092  
10566.04992  
10667.92428  
10666.17953  
10517.58502  
10707.80837  
10443.43681  
10694.21883  
10761.96601  
10633.03762  
10424.41289  
10650.60731  
10758.93271  
10698.00948  
10766.22637  
10694.476  
10713.72815  
10815.06785  
10658.41449  
10562.51393  
10645.12201  
10750.89069  
10737.94819  
10486.49075  
10535.18222  
10556.57119  
10606.36648  
10614.54527  
10761.85849  
10851.24478  
10783.29282  
10642.07608  
10806.81433  
10522.27517  
10435.47253  
10535.35499  
10845.76458  
10579.66422  
10932.33935  
10750.49906  
10595.30337  
10773.45938  
10797.60225  
10999.3165  
10658.89387  
10623.51348  
10450.77949  
10522.57263  
10654.99214  
10682.85649  
10484.89599  
10397.35243  
10514.51505  
10753.97222  
10711.41371  
10676.53245  
10526.14964  
10517.5137  
10834.70341  
10554.58482  
10613.43848  
10741.54755  
10567.40766  
10599.7286  
10544.17458  
10794.37854  
10563.08269  
10663.90646  
10664.61077  
10592.05839  
10753.31216  
10805.74806  
10506.46678  
11011.68598  
10479.08719  
10571.37201  
10780.53255  
10722.74251  
10336.27187  
10578.32694  
10728.90196  
10542.14415  
10798.10848  
10502.14817  
10912.48303  
10691.66427  
11045.02592  
11001.08144  
10692.85934  
10449.82992  
10515.07804  
10397.01743  
10672.4375  
10627.11752  
10617.76532  
10605.02688  
10615.68374  
10816.48431  
10538.96739  
