10352.64994  
10349.76132  
10390.49397  
10525.85752  
10557.38885  
10387.48493  
10325.35199  
10548.45348  
10355.95216  
10288.02665  
10607.05067  
10432.02654  
10409.82921  
10320.73098  
10375.5392  
10719.94224  
10497.91546  
10479.1401  
10655.35705  
10435.82619  
10355.10391  
10658.07244  
10512.05761  
10366.38234  
10694.16868  
10491.23993  
10369.84834  
10533.41955  
10450.69315  
10499.82962  
10347.23689  
10235.60211  
10249.53399  
10221.87141  
10231.37614  
10353.31382  
10391.80759  
10420.34122  
10470.04328  
10474.41761  
10514.7572  
10377.15098  
10568.1996  
10389.26914  
10508.0037  
10536.01617  
10659.36422  
10846.64952  
10526.90325  
10359.72123  
10355.82377  
10272.85382  
10304.56417  
10522.78017  
10515.45128  
10389.14169  
10313.92392  
10299.71561  
10573.07958  
10560.94587  
10341.52513  
10242.82312  
10522.97224  
10521.06679  
10299.29729  
10565.76034  
10370.12898  
10329.8961  
10576.28425  
10455.5969  
10296.61192  
10650.4438  
10573.87515  
10359.77382  
10359.54537  
10297.77722  
10243.68453  
10679.48692  
10615.36161  
10588.18424  
10613.96138  
10568.2092  
10315.19601  
10316.41417  
10280.02673  
10245.36266  
10375.60449  
10391.76756  
10595.33909  
10626.66453  
10363.23531  
10373.77355  
10562.6977  
10408.03989  
10304.89004  
10324.83838  
10559.55038  
10337.9775  
10411.38507  
10656.34514  
10622.70127  
10442.10408  
10527.30317  
10724.2469  
10556.08809  
10292.97331  
10193.70189  
10361.14155  
10308.53109  
10258.03918  
10525.35158  
10311.89773  
10366.84504  
10607.30735  
10400.10156  
10308.9655  
10376.57481  
10513.65232  
10632.22212  
10401.30066  
10404.2152  
10597.84629  
10329.03799  
10371.20021  
10448.23742  
10552.58995  
10389.57451  
10453.22749  
10577.85534  
10280.4505  
10271.86932  
10598.50124  
10327.90994  
10452.53209  
10559.89763  
10609.88025  
10425.29661  
10433.60744  
10430.12701  
10259.72272  
10455.55064  
10269.03655  
10551.61341  
10337.19812  
10618.7537  
10417.05524  
10585.97184  
10829.80275  
10775.88107  
10364.78836  
10431.89421  
10389.46657  
10474.12539  
10429.2246  
10308.57468  
10312.06979  
10255.11573  
10251.07391  
10514.57495  
10508.52843  
