10759.83123  
10793.0275  
10897.27141  
10924.63656  
10955.42516  
10844.43726  
10903.20929  
10983.3214  
10846.58053  
10869.92226  
10925.86304  
10877.76835  
10910.19541  
10754.41263  
10829.04846  
11013.40667  
10915.55823  
11005.88683  
11019.54026  
10867.53352  
10771.12728  
11003.32208  
10998.56027  
10975.47585  
11045.95435  
10818.20287  
10793.19216  
10841.54031  
10929.01394  
10976.78832  
10844.26498  
10743.1258  
10782.61158  
10679.70472  
10800.27608  
10733.20926  
10921.72866  
10878.61159  
10882.01799  
10955.35585  
10837.79047  
10825.8091  
11031.98969  
11006.34022  
10845.34123  
10826.40764  
10977.26583  
11153.74499  
11059.29739  
10938.66159  
10801.99978  
10622.07232  
10720.12817  
10825.4947  
10951.70579  
10819.72629  
10746.31567  
10713.48699  
10895.58666  
11006.21525  
10912.07907  
10745.86541  
10884.4941  
10986.00791  
10804.72157  
10984.95348  
10918.77914  
10859.05579  
11009.31226  
10944.61609  
10752.17972  
10864.02174  
11060.30886  
10878.32616  
10790.59975  
10754.4325  
10779.52788  
10990.28515  
11152.48525  
10983.00297  
10947.30055  
11004.71518  
10785.5974  
10809.34133  
10724.02767  
10703.55044  
10834.54628  
10887.02049  
10910.83749  
11020.8648  
10949.09609  
10828.06944  
10933.65693  
10874.72085  
10830.96834  
10884.7344  
10850.50315  
10872.44691  
10831.16439  
10927.39754  
10994.87308  
11101.67686  
11160.71932  
11293.34689  
10938.6931  
10820.08329  
10749.33694  
10675.47115  
10917.3666  
10874.6028  
10727.1318  
10782.98598  
10894.85723  
10931.99922  
10828.80122  
10776.39854  
10824.72629  
10978.65445  
10960.31884  
10779.33398  
10888.09206  
10942.05187  
10815.60455  
10994.30041  
11019.6747  
11041.17858  
10824.81096  
10984.12188  
10981.11577  
10717.31183  
10709.11294  
10825.54467  
10786.35247  
11069.04603  
10920.1678  
10933.62045  
10925.18006  
10973.57931  
10844.37939  
10798.88462  
10880.46664  
10770.18647  
10875.81955  
10743.10422  
10960.42168  
10895.07992  
10880.9367  
11116.42932  
11170.50019  
11080.78541  
10817.43564  
10744.93604  
10788.48073  
10683.15904  
10686.7046  
10961.74838  
10726.21275  
10806.97994  
11081.15822  
11089.31682  
