10458.03708  
10757.27123  
10669.37369  
10769.37725  
10478.01224  
10613.08771  
10776.16835  
10411.96822  
10548.37264  
10475.33568  
10738.14084  
10567.37555  
10556.16285  
10685.78927  
10450.23788  
10301.07641  
10689.66413  
10330.09146  
10654.11486  
10443.91477  
10918.06292  
10485.27046  
10643.51706  
10503.35913  
10783.13716  
10574.57375  
10718.31089  
10467.09657  
10659.78358  
10362.34056  
10600.04297  
10435.31268  
10624.81059  
10482.12761  
10549.29221  
10712.19971  
10485.50515  
10664.78862  
10633.71532  
10525.8603  
10648.92559  
10494.19908  
10698.6821  
10421.16647  
10661.08907  
10935.07116  
10599.72769  
10914.81073  
10469.18684  
10816.0243  
10461.67152  
10789.04213  
10476.58557  
10729.08952  
10420.64173  
10444.6435  
10549.67964  
10427.05643  
10551.76917  
10457.9658  
10721.32899  
10393.94698  
10569.93453  
10952.91091  
10391.67647  
10729.73318  
10488.33272  
10588.3802  
10695.72208  
10401.3137  
10613.75171  
10411.15991  
10605.73616  
10385.29344  
10539.01935  
10467.5038  
10460.55331  
10525.29083  
10529.81607  
10646.39359  
10865.26193  
10519.25665  
10584.63156  
10395.65098  
10556.93807  
10514.21701  
10439.51706  
10690.73612  
10434.41387  
10693.42462  
10458.46599  
10561.45201  
10768.57556  
10842.83231  
10668.30235  
10577.95305  
10816.22599  
10499.76322  
10622.85689  
10624.06524  
10742.41101  
10491.02482  
10671.70579  
10896.87053  
10465.71897  
10464.71601  
10545.1215  
10424.54668  
10453.43126  
10584.83537  
10612.99802  
10563.28377  
10833.95323  
10518.71648  
10670.59908  
10688.06148  
10542.76264  
10445.70671  
10621.98242  
10275.54306  
10383.75362  
10532.38479  
10862.37414  
10452.49688  
10578.09552  
10788.43686  
10429.29441  
10508.65095  
10794.22981  
10563.7379  
10513.65345  
10712.0645  
10659.66382  
10534.54204  
10669.20408  
10412.24219  
10491.40839  
10633.49741  
10851.16624  
10706.61764  
10692.31744  
10687.14783  
10714.28867  
10469.86708  
10556.24933  
10613.9106  
10286.48014  
10588.2427  
10758.56417  
10431.09078  
10515.38812  
10721.21022  
10576.44957  
10461.17571  
10712.82177  
10584.76114  
10534.97152  
10503.62865  
10628.46417  
10580.22652  
