10951.64292  
11067.87282  
11094.26228  
11121.5539  
11066.92048  
11116.27079  
10965.04179  
10950.85289  
11013.37575  
10976.59825  
11228.83564  
11099.86931  
11068.33939  
11256.79724  
10982.62376  
10886.4741  
10924.68992  
10883.25559  
10923.8802  
10953.16517  
11148.73161  
11017.95497  
11104.51759  
11119.84975  
10994.21952  
11208.35285  
11116.68114  
10875.83961  
11024.9516  
10881.09535  
10957.42676  
10944.73883  
11022.12339  
10957.65068  
11007.19586  
11077.3096  
10995.08787  
11119.87722  
11084.18611  
11100.55248  
11120.64522  
11072.0457  
11212.45086  
11041.09194  
11053.55511  
11201.92331  
11114.51953  
11138.17487  
11065.47726  
11073.23811  
10996.4418  
10986.04085  
11001.11245  
11099.14004  
10911.71416  
10913.10293  
10937.70288  
11042.47332  
11049.65762  
11091.48083  
11098.15889  
11070.36016  
11050.13739  
11060.26029  
10976.84054  
11061.98725  
10983.45634  
11109.57321  
11007.47984  
10953.77707  
10926.92745  
10935.13747  
10944.91929  
10894.20266  
11005.09443  
10912.86737  
11040.95999  
11064.21905  
11041.10738  
11197.64848  
11133.19799  
11012.83841  
10950.85173  
10923.81765  
10941.57949  
10989.78167  
11021.65657  
11161.68901  
10986.3212  
11066.93729  
10906.36618  
10996.81821  
10984.34589  
10980.67437  
11128.13907  
11104.12351  
11089.34232  
11018.26375  
11035.57734  
11098.38818  
11065.54354  
10959.58725  
11178.74797  
11168.49381  
10961.23334  
10957.34022  
10892.01443  
11032.92659  
11087.41141  
11153.76248  
11103.25851  
11035.65468  
11115.02356  
10974.99248  
11021.66737  
11066.88716  
11243.88422  
11032.32818  
11052.34066  
10994.22208  
10929.38695  
11082.07454  
11162.79959  
11027.34915  
11092.14617  
11049.10731  
10995.85791  
11050.46959  
11104.19168  
11057.67509  
11037.65476  
11195.61134  
11048.86121  
11103.25484  
11081.94413  
10867.84068  
10963.72821  
11044.60781  
11237.11532  
11156.57367  
11150.29843  
11130.89909  
11066.62412  
11023.87556  
10900.34324  
11034.61137  
10878.40507  
11051.42682  
11048.28878  
10980.33679  
10991.11315  
11121.56465  
11040.80875  
10998.3311  
11091.77949  
10988.67158  
11033.10462  
11021.16985  
11091.08351  
10951.39349  
