12122.48297  
12345.0126  
12365.79237  
12254.65599  
12052.47972  
12030.12505  
12041.76282  
12166.00083  
12064.90975  
12415.85513  
12617.37578  
12573.77643  
12347.07819  
12192.85587  
12080.68481  
11911.95989  
11905.11276  
11970.73787  
11898.91275  
12024.84324  
12341.79558  
12146.44054  
12168.29277  
12318.01564  
12446.33618  
12211.45897  
12575.01454  
12265.84626  
12168.06019  
12084.39576  
12144.38477  
12225.17824  
12107.46765  
12161.7539  
12132.75434  
12096.93195  
12091.74473  
12139.93798  
12160.7087  
12112.48408  
12171.33874  
12372.12748  
12401.0859  
12309.1455  
12172.33071  
12481.48532  
12374.37019  
12344.02579  
12238.99186  
12271.75083  
12248.17934  
12238.44491  
12124.5811  
12333.2027  
12110.39249  
12059.2102  
12079.59106  
12161.61825  
12085.77414  
12100.68931  
12070.02757  
12037.22097  
12234.96341  
12580.44825  
12106.43387  
12176.56855  
12222.86531  
12408.35031  
12310.13866  
12112.05164  
12026.06998  
12066.65664  
12124.15864  
11985.34726  
12012.05293  
12024.65981  
12065.86794  
12108.2056  
12184.45272  
12249.64993  
12360.67812  
12203.47942  
12068.43807  
11946.34069  
11935.23768  
11929.77087  
11988.13085  
12075.58687  
11984.54725  
12214.43159  
12231.81202  
12232.66588  
12254.46085  
12485.70291  
12450.60158  
12426.5844  
12392.14275  
12511.94154  
12430.53893  
12267.60762  
12291.00129  
12150.8502  
12133.75603  
12294.87145  
12074.21051  
12095.65883  
12108.58245  
12082.07744  
12177.88004  
12202.03882  
12241.74526  
12253.86598  
12408.37416  
12314.72868  
12046.45742  
12546.6828  
12398.82449  
11931.54955  
11951.15898  
11808.75103  
11850.23805  
12096.37588  
12314.294  
12061.03996  
12111.31221  
12107.08265  
12055.24568  
11946.97346  
11985.26527  
12071.13785  
12055.52473  
12097.27441  
12007.02758  
12074.9731  
12058.26529  
11831.9254  
12183.3155  
12386.25678  
12551.12301  
12330.74211  
12492.60748  
12206.23128  
12286.90231  
12160.775  
12272.18386  
12371.76806  
12024.00864  
12056.21208  
12093.61115  
12111.74679  
12019.75922  
12488.99952  
12400.53419  
12286.61416  
11892.73965  
12277.90186  
12242.02995  
12311.45153  
12339.18594  
12098.28202  
