10004.96429  
10065.89242  
10011.54339  
10140.13013  
10020.6498  
10141.76992  
9876.154364  
9926.29045  
10046.55946  
9993.295782  
10266.92679  
10077.18601  
10111.63761  
10274.48008  
9939.458468  
9899.974521  
9827.379702  
9883.748942  
9804.709621  
9986.821399  
10069.86958  
10027.09536  
10174.64458  
10096.44084  
10029.96733  
10147.56578  
10229.00283  
10001.35446  
10023.87822  
9857.772433  
9970.043241  
9892.052359  
9959.814754  
9889.178962  
10001.89095  
9952.889192  
9999.493228  
10092.16629  
10031.38005  
10135.83475  
9994.696675  
10106.6493  
10223.29369  
10014.96499  
10127.86426  
10188.94258  
10197.10878  
10093.47699  
10104.32876  
9977.040117  
10066.82218  
9915.187033  
10016.97107  
10098.58793  
9884.428683  
9959.064435  
9848.494151  
10055.79115  
9945.585474  
10121.90549  
9963.210874  
10049.93591  
10168.93482  
10041.42607  
9993.213457  
10021.35366  
9966.896307  
10138.28908  
9922.014107  
9973.582144  
9923.344107  
9864.440738  
9890.188063  
9823.087293  
10006.75647  
9842.140335  
10026.12158  
9956.206582  
10074.25183  
10249.5495  
10041.33774  
10064.36007  
9825.22785  
9965.78557  
9831.036437  
9993.645922  
9968.239046  
10176.54392  
9969.078291  
10111.12617  
9926.982684  
10093.3476  
10025.37445  
10024.60756  
10052.82413  
10093.94537  
10109.49276  
10145.93979  
10147.89067  
10016.51535  
10017.24315  
9911.609637  
10217.13867  
10149.75255  
9967.871179  
10016.85718  
9889.988798  
10036.35232  
10063.74959  
10229.39214  
10057.21431  
10158.19268  
10077.64211  
9994.610674  
9997.497753  
10057.20635  
10232.53319  
10083.66748  
9938.061304  
9922.792972  
9910.418475  
10040.11849  
10090.37879  
9989.191774  
10149.31147  
9980.004582  
9966.426496  
10147.3922  
10018.63682  
10075.53482  
10077.22526  
10217.78776  
10047.57827  
10137.49426  
10016.5857  
9826.222536  
9965.532959  
10020.96587  
10250.5506  
10143.47177  
10125.55283  
10145.6981  
10134.71448  
10085.32752  
9892.162244  
10015.58541  
9834.690309  
10105.80804  
9987.294724  
9949.324328  
9989.125329  
10150.06311  
9989.142656  
10070.32043  
9981.31187  
9940.148438  
9974.552777  
10023.2991  
10147.6734  
9945.501511  
