10592.90723  
10706.12663  
10692.56608  
10764.19204  
10687.4124  
10741.95117  
10576.57018  
10584.5949  
10629.69338  
10605.56123  
10868.47171  
10733.16111  
10713.1536  
10806.09156  
10582.81531  
10532.60258  
10520.84477  
10545.32834  
10523.36315  
10636.45552  
10747.82719  
10663.18606  
10732.32905  
10733.49862  
10634.62043  
10772.27566  
10756.79606  
10602.0443  
10610.83067  
10505.76847  
10570.61139  
10581.51179  
10598.38412  
10553.67816  
10605.69338  
10679.44132  
10661.41659  
10691.23491  
10711.43649  
10756.97242  
10698.92958  
10739.51492  
10801.51765  
10680.01551  
10695.65533  
10791.61088  
10782.74401  
10756.79133  
10728.82529  
10676.25189  
10678.77098  
10575.29661  
10643.42762  
10679.73331  
10534.22326  
10538.87332  
10530.50785  
10670.0757  
10649.20922  
10739.64879  
10698.92597  
10716.61549  
10707.99785  
10681.65959  
10626.42883  
10653.02495  
10615.57559  
10713.36068  
10609.29867  
10599.06299  
10560.04478  
10564.57869  
10544.21239  
10496.8684  
10613.66591  
10517.90336  
10660.96448  
10678.80434  
10709.63411  
10833.81123  
10709.28284  
10653.67329  
10544.33823  
10568.38494  
10535.02079  
10610.87273  
10653.47936  
10761.81916  
10628.5687  
10688.83907  
10563.33988  
10656.54533  
10631.46647  
10614.57105  
10671.40325  
10710.20296  
10735.58843  
10716.57832  
10674.92358  
10679.64272  
10668.71492  
10554.04605  
10797.90452  
10787.40809  
10612.60685  
10591.76309  
10516.1313  
10663.64522  
10743.32914  
10811.28107  
10729.7194  
10701.26987  
10721.20571  
10644.56916  
10623.14871  
10701.07338  
10875.02956  
10666.03324  
10620.43756  
10603.54341  
10549.75045  
10706.25151  
10785.10349  
10664.76097  
10745.27241  
10664.91734  
10652.65407  
10739.41303  
10719.42484  
10735.88047  
10711.58029  
10798.93155  
10704.05602  
10756.23534  
10665.34316  
10516.36547  
10617.02693  
10616.81796  
10824.41073  
10744.15857  
10742.14922  
10751.05771  
10714.57114  
10621.0903  
10503.4087  
10626.72903  
10517.10971  
10694.64298  
10674.54543  
10625.41657  
10620.98834  
10733.70125  
10653.87029  
10678.70009  
10669.228  
10617.80044  
10639.97257  
10646.84439  
10700.21873  
10624.24144  
