9932.236701  
10037.25735  
10007.68455  
10158.14616  
10150.21419  
10060.59041  
9913.116726  
9922.593839  
9959.485991  
9937.284055  
10174.30998  
10064.17131  
10138.45007  
10079.68436  
9975.909979  
9967.31646  
9903.442525  
10059.80586  
9925.732333  
10080.38235  
10010.67848  
10014.72358  
10023.03175  
10068.58981  
10006.74661  
10094.05925  
10104.10502  
10049.13526  
9928.110636  
9894.921147  
9897.881818  
9979.039897  
9890.940217  
9948.652219  
9969.264489  
9992.935724  
10051.89144  
9986.987766  
10093.40266  
10120.56797  
9983.781055  
10076.98354  
10051.8307  
10019.54778  
10029.15968  
10029.27289  
10127.8976  
10018.0454  
10040.74767  
9950.876687  
10046.54458  
9881.767454  
10009.74183  
9980.544815  
9949.683168  
9890.234872  
9926.297106  
10040.51701  
9990.098455  
10086.4337  
10006.43269  
10097.43581  
10049.35726  
10020.87381  
10061.20453  
9943.580185  
9998.69826  
10023.93709  
9978.455433  
9986.576971  
9911.07919  
9943.416637  
9868.248846  
9867.04011  
9925.613814  
9893.581605  
10044.32259  
9989.227947  
10068.82697  
10152.58471  
9976.471147  
9989.151864  
9934.291371  
9931.925107  
9887.695224  
9960.207724  
10039.05023  
10017.38532  
10013.2979  
9986.807795  
9974.984268  
9996.899787  
10022.53588  
9996.870579  
10129.4717  
10262.85936  
10138.0256  
10216.10149  
10090.10419  
10064.31893  
10058.75758  
10004.77683  
10125.60112  
10135.71504  
10084.88949  
9964.19707  
9899.084251  
10055.64382  
10077.16216  
10167.96722  
10120.22054  
10112.31236  
10030.77892  
10017.02491  
9926.136701  
10040.3544  
10292.94707  
10101.38374  
9975.710831  
10007.87754  
9925.704616  
10047.75918  
10085.95147  
10074.33585  
10098.24137  
10014.27393  
10050.43945  
10129.65937  
10072.85886  
10170.49499  
10139.66296  
10105.75737  
10129.80023  
10121.77402  
9943.707315  
9958.082884  
10000.43372  
9851.096609  
10006.82278  
10089.55305  
10098.37198  
10196.83295  
9991.758381  
9845.958008  
10102.31935  
10093.01813  
9983.7644  
10038.56062  
10010.1744  
9965.125231  
9901.381854  
10008.66495  
9919.593999  
10116.84687  
10040.18679  
9969.262447  
10024.29304  
9984.826065  
10006.86907  
10056.7829  
